%YAML:1.0
---
points: [ 2.89441437e+02, 1.84293030e+02, 2.75900177e+02, 1.85222061e+02,
    2.62294006e+02, 1.86183426e+02, 2.48673752e+02, 1.87167267e+02,
    2.34877701e+02, 1.88083862e+02, 2.88651703e+02, 1.70666824e+02,
    2.74994720e+02, 1.71532761e+02, 2.61394073e+02, 1.72537338e+02,
    2.47690857e+02, 1.73414459e+02, 2.33802933e+02, 1.74375504e+02,
    2.87903442e+02, 1.56794495e+02, 2.74225616e+02, 1.57714966e+02,
    2.60506592e+02, 1.58636475e+02, 2.46685486e+02, 1.59586166e+02,
    2.32853226e+02, 1.60433899e+02, 2.87114563e+02, 1.42671936e+02,
    2.73402008e+02, 1.43610580e+02, 2.59610168e+02, 1.44550446e+02,
    2.45704453e+02, 1.45446198e+02, 2.31716278e+02, 1.46312881e+02,
    2.86484924e+02, 1.28605484e+02, 2.72597778e+02, 1.29382675e+02,
    2.58694427e+02, 1.30314255e+02, 2.44686920e+02, 1.31259521e+02,
    2.30604416e+02, 1.32017380e+02, 2.85698700e+02, 1.14210136e+02,
    2.71714691e+02, 1.14966141e+02, 2.57716705e+02, 1.15889305e+02,
    2.43715591e+02, 1.16753067e+02, 2.29559189e+02, 1.17617180e+02,
    2.84861206e+02, 9.95449295e+01, 2.70844330e+02, 1.00386383e+02,
    2.56824890e+02, 1.01303368e+02, 2.42699860e+02, 1.02124573e+02,
    2.28519867e+02, 1.02902367e+02 ]
