%YAML:1.0
---
points: [ 5.15545959e+02, 3.08295013e+02, 6.00692200e+02, 3.09923523e+02,
    6.84800842e+02, 3.11411896e+02, 7.67509949e+02, 3.12471527e+02,
    8.49772522e+02, 3.13419403e+02, 5.17943237e+02, 3.92074524e+02,
    6.02676575e+02, 3.93200226e+02, 6.86431580e+02, 3.94151062e+02,
    7.68726074e+02, 3.95001892e+02, 8.50489624e+02, 3.95631531e+02,
    5.19890198e+02, 4.75239868e+02, 6.04390808e+02, 4.75750549e+02,
    6.87620728e+02, 4.76262482e+02, 7.69611938e+02, 4.76598999e+02,
    8.50889709e+02, 4.76889648e+02, 5.21627563e+02, 5.57525574e+02,
    6.05717590e+02, 5.57508911e+02, 6.88610718e+02, 5.57633972e+02,
    7.70213196e+02, 5.57737244e+02, 8.51318481e+02, 5.57855103e+02,
    5.22853271e+02, 6.39280090e+02, 6.06703369e+02, 6.38895996e+02,
    6.89455139e+02, 6.38494080e+02, 7.70638062e+02, 6.38268066e+02,
    8.51516052e+02, 6.38266235e+02, 5.23807068e+02, 7.20434204e+02,
    6.07201294e+02, 7.19545593e+02, 6.89803406e+02, 7.18773865e+02,
    7.70900269e+02, 7.18313782e+02, 8.51689636e+02, 7.18097351e+02,
    5.24311157e+02, 8.01625977e+02, 6.07413269e+02, 8.00451416e+02,
    6.89781738e+02, 7.99172180e+02, 7.70869629e+02, 7.98278198e+02,
    8.51749451e+02, 7.97584229e+02 ]
