%YAML:1.0
---
points: [ 1.10043115e+03, 7.89781616e+02, 1.02277344e+03, 7.87603882e+02,
    9.46424866e+02, 7.85909302e+02, 8.70481445e+02, 7.84221619e+02,
    7.95431519e+02, 7.82664429e+02, 1.10118982e+03, 7.12678040e+02,
    1.02337061e+03, 7.11032410e+02, 9.46967590e+02, 7.09477173e+02,
    8.70758301e+02, 7.08187561e+02, 7.95709717e+02, 7.07046875e+02,
    1.10166956e+03, 6.35161255e+02, 1.02387701e+03, 6.34131775e+02,
    9.47302063e+02, 6.33222961e+02, 8.70963928e+02, 6.32250671e+02,
    7.95566101e+02, 6.31223572e+02, 1.10243054e+03, 5.57425903e+02,
    1.02430298e+03, 5.56651611e+02, 9.47510803e+02, 5.56097961e+02,
    8.70975342e+02, 5.55440674e+02, 7.95411560e+02, 5.54901489e+02,
    1.10305945e+03, 4.78944946e+02, 1.02459607e+03, 4.78746033e+02,
    9.47669434e+02, 4.78527832e+02, 8.70945740e+02, 4.78424622e+02,
    7.95128723e+02, 4.78060303e+02, 1.10370947e+03, 4.00297272e+02,
    1.02504504e+03, 4.00532257e+02, 9.47719910e+02, 4.00775391e+02,
    8.70671509e+02, 4.00823547e+02, 7.94494629e+02, 4.00770844e+02,
    1.10445886e+03, 3.20722656e+02, 1.02544421e+03, 3.21578857e+02,
    9.47664185e+02, 3.22336060e+02, 8.70262756e+02, 3.22657776e+02,
    7.93492615e+02, 3.22752167e+02 ]
