%YAML:1.0
---
points: [ 6.98597473e+02, 2.74749420e+02, 7.95592102e+02, 2.76293182e+02,
    8.91499329e+02, 2.77207306e+02, 9.86414734e+02, 2.77804291e+02,
    1.08155872e+03, 2.78218079e+02, 7.00765381e+02, 3.71873810e+02,
    7.96905640e+02, 3.72763763e+02, 8.92171021e+02, 3.73484253e+02,
    9.86477295e+02, 3.73934601e+02, 1.08111951e+03, 3.74192657e+02,
    7.02318665e+02, 4.67833252e+02, 7.97800903e+02, 4.68373352e+02,
    8.92578186e+02, 4.68540527e+02, 9.86506958e+02, 4.68725342e+02,
    1.08077844e+03, 4.68838898e+02, 7.03514709e+02, 5.63033264e+02,
    7.98471313e+02, 5.63017151e+02, 8.93002319e+02, 5.63015381e+02,
    9.86584534e+02, 5.63022644e+02, 1.08047632e+03, 5.63160828e+02,
    7.04518738e+02, 6.57286194e+02, 7.99271118e+02, 6.56873413e+02,
    8.93322571e+02, 6.56521545e+02, 9.86568359e+02, 6.56469177e+02,
    1.08015222e+03, 6.56439331e+02, 7.05292969e+02, 7.50953979e+02,
    7.99627380e+02, 7.50195068e+02, 8.93495850e+02, 7.49624207e+02,
    9.86578979e+02, 7.49398804e+02, 1.07995239e+03, 7.49367432e+02,
    7.05444275e+02, 8.44677917e+02, 7.99676880e+02, 8.43504578e+02,
    8.93440491e+02, 8.42575928e+02, 9.86566650e+02, 8.42107605e+02,
    1.07968103e+03, 8.41888733e+02 ]
