%YAML:1.0
---
points: [ 5.37479126e+02, 2.15679230e+02, 6.58401062e+02, 2.18444733e+02,
    7.77507141e+02, 2.20556168e+02, 8.94789734e+02, 2.22538834e+02,
    1.01146942e+03, 2.23719894e+02, 5.40768494e+02, 3.35920898e+02,
    6.60991211e+02, 3.38088867e+02, 7.79428650e+02, 3.39551514e+02,
    8.95531433e+02, 3.40481171e+02, 1.01128040e+03, 3.41322754e+02,
    5.43578430e+02, 4.54639252e+02, 6.63228577e+02, 4.55624420e+02,
    7.80570679e+02, 4.56254517e+02, 8.95997559e+02, 4.56721130e+02,
    1.01115784e+03, 4.57028473e+02, 5.45817627e+02, 5.71992615e+02,
    6.64708191e+02, 5.71858093e+02, 7.81360107e+02, 5.71912354e+02,
    8.96224487e+02, 5.72005798e+02, 1.01107922e+03, 5.72165039e+02,
    5.47510437e+02, 6.88040100e+02, 6.65757690e+02, 6.87135803e+02,
    7.82079712e+02, 6.86364929e+02, 8.96668091e+02, 6.86103210e+02,
    1.01070239e+03, 6.86036560e+02, 5.48760254e+02, 8.03348083e+02,
    6.66145508e+02, 8.01730347e+02, 7.82394470e+02, 8.00154236e+02,
    8.96718994e+02, 7.99217163e+02, 1.01061530e+03, 7.98849426e+02,
    5.49352478e+02, 9.18468384e+02, 6.66354187e+02, 9.16285706e+02,
    7.82209229e+02, 9.14194824e+02, 8.96661743e+02, 9.12740295e+02,
    1.01038184e+03, 9.11721741e+02 ]
