%YAML:1.0
---
points: [ 9.29198181e+02, 2.12229706e+02, 1.04893311e+03, 2.14335236e+02,
    1.16830200e+03, 2.15398941e+02, 1.28688013e+03, 2.16211227e+02,
    1.40639673e+03, 2.16545792e+02, 9.29607849e+02, 3.34379303e+02,
    1.04832104e+03, 3.35614929e+02, 1.16635083e+03, 3.36701569e+02,
    1.28429089e+03, 3.37116608e+02, 1.40313599e+03, 3.37404663e+02,
    9.29864258e+02, 4.54362579e+02, 1.04788550e+03, 4.55158691e+02,
    1.16518091e+03, 4.55582153e+02, 1.28215063e+03, 4.55988312e+02,
    1.40039429e+03, 4.56048187e+02, 9.30185181e+02, 5.73342651e+02,
    1.04751611e+03, 5.73380371e+02, 1.16434473e+03, 5.73575806e+02,
    1.28053662e+03, 5.73673889e+02, 1.39823645e+03, 5.74140930e+02,
    9.30348389e+02, 6.90721863e+02, 1.04723230e+03, 6.90481873e+02,
    1.16346582e+03, 6.90108765e+02, 1.27941248e+03, 6.90176880e+02,
    1.39643591e+03, 6.90603699e+02, 9.30428772e+02, 8.07252747e+02,
    1.04672644e+03, 8.06333984e+02, 1.16299670e+03, 8.05905518e+02,
    1.27861206e+03, 8.05773621e+02, 1.39543140e+03, 8.06461548e+02,
    9.30267761e+02, 9.23767883e+02, 1.04660242e+03, 9.22639526e+02,
    1.16261597e+03, 9.21781555e+02, 1.27839172e+03, 9.21672974e+02,
    1.39437427e+03, 9.21722778e+02 ]
