%YAML:1.0
---
points: [ 1.56308081e+03, 9.28498535e+02, 1.44560522e+03, 9.28679688e+02,
    1.32831665e+03, 9.28661621e+02, 1.21103125e+03, 9.29253174e+02,
    1.09397180e+03, 9.29855286e+02, 1.56499976e+03, 8.12162231e+02,
    1.44648743e+03, 8.11889404e+02, 1.32869873e+03, 8.11818787e+02,
    1.21127844e+03, 8.12084351e+02, 1.09422485e+03, 8.12633850e+02,
    1.56698035e+03, 6.94733032e+02, 1.44788599e+03, 6.94637817e+02,
    1.32950952e+03, 6.94559021e+02, 1.21181885e+03, 6.94915100e+02,
    1.09450745e+03, 6.95416809e+02, 1.56967761e+03, 5.76573914e+02,
    1.44959485e+03, 5.76571350e+02, 1.33107812e+03, 5.76602966e+02,
    1.21266382e+03, 5.76735107e+02, 1.09507544e+03, 5.77002197e+02,
    1.57259460e+03, 4.56760895e+02, 1.45232898e+03, 4.57188995e+02,
    1.33280566e+03, 4.57284241e+02, 1.21394495e+03, 4.57449188e+02,
    1.09549988e+03, 4.56961914e+02, 1.57614172e+03, 3.36104126e+02,
    1.45530566e+03, 3.36214172e+02, 1.33531921e+03, 3.36535522e+02,
    1.21549585e+03, 3.36371918e+02, 1.09614551e+03, 3.35747253e+02,
    1.58014075e+03, 2.13819077e+02, 1.45928174e+03, 2.13670013e+02,
    1.33849524e+03, 2.13517212e+02, 1.21753784e+03, 2.13364090e+02,
    1.09690356e+03, 2.12264450e+02 ]
