%YAML:1.0
---
points: [ 1.22212219e+03, 2.03910614e+02, 1.34483191e+03, 2.05224884e+02,
    1.46773889e+03, 2.05729233e+02, 1.58968555e+03, 2.06650543e+02,
    1.71110413e+03, 2.07423828e+02, 1.22008667e+03, 3.30616943e+02,
    1.34165564e+03, 3.30993286e+02, 1.46366687e+03, 3.31288696e+02,
    1.58523584e+03, 3.31287384e+02, 1.70658435e+03, 3.31486267e+02,
    1.21825342e+03, 4.54656036e+02, 1.33919336e+03, 4.54890900e+02,
    1.46043420e+03, 4.54663391e+02, 1.58140503e+03, 4.54592743e+02,
    1.70226453e+03, 4.54396423e+02, 1.21716614e+03, 5.77359192e+02,
    1.33720923e+03, 5.76863037e+02, 1.45813074e+03, 5.76648926e+02,
    1.57837695e+03, 5.76391602e+02, 1.69889429e+03, 5.76216125e+02,
    1.21620776e+03, 6.98213440e+02, 1.33583716e+03, 6.97665894e+02,
    1.45596057e+03, 6.97079712e+02, 1.57579346e+03, 6.96791870e+02,
    1.69548938e+03, 6.96512939e+02, 1.21567749e+03, 8.18304871e+02,
    1.33494360e+03, 8.17459473e+02, 1.45473999e+03, 8.16854614e+02,
    1.57400391e+03, 8.16171509e+02, 1.69274463e+03, 8.15492676e+02,
    1.21534155e+03, 9.38365967e+02, 1.33454065e+03, 9.37225464e+02,
    1.45389795e+03, 9.35826721e+02, 1.57233960e+03, 9.34786072e+02,
    1.69024963e+03, 9.33782043e+02 ]
