%YAML:1.0
---
points: [ 1.11542236e+02, 2.32925110e+02, 2.25253967e+02, 2.33363922e+02,
    3.38756683e+02, 2.33368698e+02, 4.51624664e+02, 2.33535278e+02,
    5.64948975e+02, 2.33683517e+02, 1.17064346e+02, 3.46982788e+02,
    2.30212296e+02, 3.46822693e+02, 3.43575989e+02, 3.47043121e+02,
    4.55734711e+02, 3.47097321e+02, 5.68432007e+02, 3.47255585e+02,
    1.21681740e+02, 4.59438354e+02, 2.34378250e+02, 4.59469879e+02,
    3.47148102e+02, 4.59348785e+02, 4.59427429e+02, 4.59311798e+02,
    5.71067200e+02, 4.59147308e+02, 1.25935547e+02, 5.71508179e+02,
    2.38151932e+02, 5.71055237e+02, 3.50426453e+02, 5.70686157e+02,
    4.61869232e+02, 5.70538635e+02, 5.73470886e+02, 5.70396240e+02,
    1.29889130e+02, 6.81861694e+02, 2.41433090e+02, 6.81533997e+02,
    3.53067047e+02, 6.81079529e+02, 4.64169495e+02, 6.80514648e+02,
    5.75078552e+02, 6.80275452e+02, 1.33533234e+02, 7.91720459e+02,
    2.44007172e+02, 7.91229187e+02, 3.55225067e+02, 7.90706726e+02,
    4.65551636e+02, 7.90127747e+02, 5.76023926e+02, 7.89562012e+02,
    1.36113220e+02, 9.00856750e+02, 2.46028900e+02, 9.00633606e+02,
    3.56540497e+02, 8.99844482e+02, 4.66736176e+02, 8.99206299e+02,
    5.76707336e+02, 8.98822876e+02 ]
