%YAML:1.0
---
points: [ 1.63705750e+02, 2.23625336e+02, 2.83587646e+02, 2.24005951e+02,
    4.02754944e+02, 2.24161606e+02, 5.20983948e+02, 2.24355942e+02,
    6.38911865e+02, 2.24645676e+02, 1.70193970e+02, 3.42530182e+02,
    2.89452484e+02, 3.42501129e+02, 4.08196106e+02, 3.42627686e+02,
    5.25766357e+02, 3.42570190e+02, 6.42838501e+02, 3.42614227e+02,
    1.75637863e+02, 4.60062317e+02, 2.94283722e+02, 4.59654968e+02,
    4.12739319e+02, 4.59286591e+02, 5.29562195e+02, 4.59017090e+02,
    6.45807434e+02, 4.58533386e+02, 1.80762466e+02, 5.76455261e+02,
    2.98745880e+02, 5.75682434e+02, 4.16648804e+02, 5.74791687e+02,
    5.32929199e+02, 5.74106750e+02, 6.48586243e+02, 5.73277222e+02,
    1.85311905e+02, 6.91608337e+02, 3.02697021e+02, 6.90361450e+02,
    4.19666565e+02, 6.89042480e+02, 5.35493347e+02, 6.87722046e+02,
    6.50539124e+02, 6.86742065e+02, 1.89716019e+02, 8.05442444e+02,
    3.06140717e+02, 8.03798401e+02, 4.22454132e+02, 8.02422058e+02,
    5.37470947e+02, 8.00993774e+02, 6.52184753e+02, 7.99518555e+02,
    1.93508362e+02, 9.18502197e+02, 3.08604828e+02, 9.17166443e+02,
    4.24144592e+02, 9.15393433e+02, 5.39012573e+02, 9.13588318e+02,
    6.53307922e+02, 9.12219849e+02 ]
