%YAML:1.0
---
points: [ 5.34940125e+02, 3.09789764e+02, 6.22954956e+02, 3.12726746e+02,
    7.08489929e+02, 3.15200409e+02, 7.91229675e+02, 3.17511444e+02,
    8.72284363e+02, 3.19420380e+02, 5.38071289e+02, 3.94487885e+02,
    6.25498962e+02, 3.96166656e+02, 7.10509094e+02, 3.97446014e+02,
    7.92635681e+02, 3.98469666e+02, 8.73306213e+02, 3.99454620e+02,
    5.40583618e+02, 4.78185791e+02, 6.27744385e+02, 4.78472565e+02,
    7.12184448e+02, 4.78615784e+02, 7.94058228e+02, 4.78689575e+02,
    8.74212830e+02, 4.78674164e+02, 5.42969116e+02, 5.61263855e+02,
    6.29501282e+02, 5.60351929e+02, 7.13654724e+02, 5.59430603e+02,
    7.95272339e+02, 5.58542969e+02, 8.75034241e+02, 5.57575562e+02,
    5.44750671e+02, 6.43720703e+02, 6.31313660e+02, 6.41374573e+02,
    7.15148560e+02, 6.39322388e+02, 7.96345032e+02, 6.37459778e+02,
    8.75818176e+02, 6.35648987e+02, 5.46655945e+02, 7.25267334e+02,
    6.32592590e+02, 7.22101868e+02, 7.16311523e+02, 7.18716980e+02,
    7.97207825e+02, 7.16019653e+02, 8.76587097e+02, 7.13433716e+02,
    5.48056641e+02, 8.07049561e+02, 6.33629211e+02, 8.02496765e+02,
    7.17090698e+02, 7.98246277e+02, 7.98032349e+02, 7.94356934e+02,
    8.77337769e+02, 7.90892212e+02 ]
