%YAML:1.0
---
points: [ 5.49679260e+02, 7.85306519e+02, 4.74547729e+02, 7.85075317e+02,
    3.99630219e+02, 7.84932129e+02, 3.25089325e+02, 7.84783630e+02,
    2.50981216e+02, 7.84589355e+02, 5.48893372e+02, 7.08894470e+02,
    4.73688171e+02, 7.08758423e+02, 3.98653748e+02, 7.08854309e+02,
    3.23743622e+02, 7.08880005e+02, 2.49511871e+02, 7.08903320e+02,
    5.47839600e+02, 6.32613281e+02, 4.72422241e+02, 6.32659241e+02,
    3.97357849e+02, 6.32897705e+02, 3.22228180e+02, 6.33169861e+02,
    2.47201706e+02, 6.33382263e+02, 5.46361389e+02, 5.55677063e+02,
    4.70700409e+02, 5.56043579e+02, 3.95597565e+02, 5.56343384e+02,
    3.19887634e+02, 5.56711304e+02, 2.44617325e+02, 5.57197144e+02,
    5.44463928e+02, 4.78442566e+02, 4.68818634e+02, 4.78941620e+02,
    3.93112823e+02, 4.79546539e+02, 3.17543213e+02, 4.80110504e+02,
    2.41962448e+02, 4.80482483e+02, 5.42394653e+02, 4.00939026e+02,
    4.66101959e+02, 4.01626831e+02, 3.90546997e+02, 4.02336243e+02,
    3.14461365e+02, 4.02871368e+02, 2.38751022e+02, 4.03409454e+02,
    5.39540955e+02, 3.22632812e+02, 4.63085693e+02, 3.23500427e+02,
    3.86966400e+02, 3.24360687e+02, 3.10931519e+02, 3.25107452e+02,
    2.34838257e+02, 3.25764465e+02 ]
