%YAML:1.0
---
points: [ 8.60197296e+01, 3.24177979e+02, 1.67642838e+02, 3.24543243e+02,
    2.48798080e+02, 3.24750580e+02, 3.28790253e+02, 3.25097595e+02,
    4.08698517e+02, 3.25493958e+02, 9.04422455e+01, 4.02862427e+02,
    1.71779388e+02, 4.02869354e+02, 2.52892136e+02, 4.02878448e+02,
    3.32590881e+02, 4.02896576e+02, 4.12074982e+02, 4.02947876e+02,
    9.42173767e+01, 4.81038788e+02, 1.75488876e+02, 4.80694366e+02,
    2.56000977e+02, 4.80395935e+02, 3.35551483e+02, 4.80047363e+02,
    4.14689667e+02, 4.79728363e+02, 9.77807236e+01, 5.58929443e+02,
    1.78722626e+02, 5.58033630e+02, 2.59122192e+02, 5.57330627e+02,
    3.38451904e+02, 5.56646179e+02, 4.17328796e+02, 5.56000549e+02,
    1.01099434e+02, 6.35864990e+02, 1.81582001e+02, 6.34819031e+02,
    2.61509979e+02, 6.33795044e+02, 3.40656189e+02, 6.32892395e+02,
    4.19174591e+02, 6.31907715e+02, 1.04134239e+02, 7.12552979e+02,
    1.84093369e+02, 7.11351135e+02, 2.63752960e+02, 7.09826721e+02,
    3.42743469e+02, 7.08428284e+02, 4.21033539e+02, 7.07343018e+02,
    1.06699715e+02, 7.88814026e+02, 1.86074158e+02, 7.87285339e+02,
    2.65408783e+02, 7.85744507e+02, 3.44275269e+02, 7.84089783e+02,
    4.22646698e+02, 7.82381409e+02 ]
