%YAML:1.0
---
points: [ 4.70855835e+02, 7.86812744e+02, 3.93672577e+02, 7.87324890e+02,
    3.16612213e+02, 7.87972290e+02, 2.39128845e+02, 7.88712891e+02,
    1.61994888e+02, 7.89389160e+02, 4.69745972e+02, 7.10336670e+02,
    3.92298431e+02, 7.10984680e+02, 3.15111847e+02, 7.11629517e+02,
    2.37352448e+02, 7.12359863e+02, 1.59878448e+02, 7.12905701e+02,
    4.68266022e+02, 6.33825684e+02, 3.90833832e+02, 6.34317017e+02,
    3.13189575e+02, 6.34790955e+02, 2.35126221e+02, 6.35460815e+02,
    1.57073074e+02, 6.36100403e+02, 4.66337036e+02, 5.56782104e+02,
    3.88738922e+02, 5.57290039e+02, 3.10867676e+02, 5.57822937e+02,
    2.32593292e+02, 5.58374512e+02, 1.54232407e+02, 5.58996460e+02,
    4.64274963e+02, 4.79366852e+02, 3.86222168e+02, 4.79809296e+02,
    3.08087097e+02, 4.80313446e+02, 2.29511368e+02, 4.80608673e+02,
    1.50676407e+02, 4.80976288e+02, 4.61440460e+02, 4.01536896e+02,
    3.83202118e+02, 4.01856689e+02, 3.05043732e+02, 4.02256378e+02,
    2.26259735e+02, 4.02506104e+02, 1.47252686e+02, 4.02790222e+02,
    4.58513550e+02, 3.23032745e+02, 3.79735199e+02, 3.23275574e+02,
    3.01286469e+02, 3.23598236e+02, 2.22239136e+02, 3.23831848e+02,
    1.43176071e+02, 3.23982697e+02 ]
