%YAML:1.0
---
points: [ 9.42216919e+02, 3.27444092e+02, 1.01826086e+03, 3.28659485e+02,
    1.09360840e+03, 3.29607697e+02, 1.16802747e+03, 3.30316711e+02,
    1.24215552e+03, 3.30903229e+02, 9.42672058e+02, 4.05031250e+02,
    1.01826727e+03, 4.05696198e+02, 1.09329175e+03, 4.06158875e+02,
    1.16728076e+03, 4.06578857e+02, 1.24113135e+03, 4.06807861e+02,
    9.43171631e+02, 4.82000732e+02, 1.01847369e+03, 4.82048645e+02,
    1.09320374e+03, 4.81860016e+02, 1.16680798e+03, 4.81853485e+02,
    1.24040381e+03, 4.81663879e+02, 9.43591614e+02, 5.58733948e+02,
    1.01872809e+03, 5.58033997e+02, 1.09323218e+03, 5.57388855e+02,
    1.16655273e+03, 5.56796814e+02, 1.23976843e+03, 5.56300049e+02,
    9.44127197e+02, 6.34557739e+02, 1.01908356e+03, 6.33522400e+02,
    1.09325220e+03, 6.32388672e+02, 1.16649780e+03, 6.31249512e+02,
    1.23941602e+03, 6.30333252e+02, 9.44570740e+02, 7.09890503e+02,
    1.01931268e+03, 7.08292053e+02, 1.09344702e+03, 7.06701538e+02,
    1.16647095e+03, 7.05208679e+02, 1.23935828e+03, 7.03890625e+02,
    9.45039795e+02, 7.85101746e+02, 1.01963812e+03, 7.82855347e+02,
    1.09364966e+03, 7.80782227e+02, 1.16659070e+03, 7.79066650e+02,
    1.23925940e+03, 7.77305481e+02 ]
