%YAML:1.0
---
points: [ 1.34462329e+03, 7.86868835e+02, 1.26637866e+03, 7.85324280e+02,
    1.18945032e+03, 7.83785889e+02, 1.11326819e+03, 7.82634155e+02,
    1.03829041e+03, 7.81787720e+02, 1.34510132e+03, 7.10590454e+02,
    1.26655249e+03, 7.09310242e+02, 1.18964917e+03, 7.08461060e+02,
    1.11341943e+03, 7.07771790e+02, 1.03835657e+03, 7.07229797e+02,
    1.34564307e+03, 6.34148987e+02, 1.26708923e+03, 6.33517456e+02,
    1.19006616e+03, 6.33102722e+02, 1.11366284e+03, 6.32693237e+02,
    1.03829150e+03, 6.32406799e+02, 1.34658850e+03, 5.57271729e+02,
    1.26765381e+03, 5.57147644e+02, 1.19046948e+03, 5.57064636e+02,
    1.11389026e+03, 5.56952698e+02, 1.03832471e+03, 5.56938538e+02,
    1.34767126e+03, 4.79874512e+02, 1.26842542e+03, 4.80303070e+02,
    1.19084668e+03, 4.80590271e+02, 1.11419348e+03, 4.80890991e+02,
    1.03833459e+03, 4.80981781e+02, 1.34878394e+03, 4.02123444e+02,
    1.26936292e+03, 4.02882690e+02, 1.19148218e+03, 4.03709656e+02,
    1.11442615e+03, 4.04185272e+02, 1.03827466e+03, 4.04588409e+02,
    1.35026062e+03, 3.23483459e+02, 1.27053613e+03, 3.24719513e+02,
    1.19223230e+03, 3.25913696e+02, 1.11477917e+03, 3.27136047e+02,
    1.03827441e+03, 3.27850189e+02 ]
