%YAML:1.0
---
points: [ 1.46115894e+03, 7.88388367e+02, 1.38143140e+03, 7.86747498e+02,
    1.30321936e+03, 7.85311462e+02, 1.22600525e+03, 7.83971497e+02,
    1.14978967e+03, 7.82743286e+02, 1.46186243e+03, 7.11794006e+02,
    1.38177197e+03, 7.10443298e+02, 1.30339172e+03, 7.09361816e+02,
    1.22622913e+03, 7.08558167e+02, 1.15001038e+03, 7.07952454e+02,
    1.46262195e+03, 6.34629761e+02, 1.38236719e+03, 6.34052490e+02,
    1.30377307e+03, 6.33484375e+02, 1.22647473e+03, 6.33246460e+02,
    1.15019543e+03, 6.32951904e+02, 1.46378809e+03, 5.57378174e+02,
    1.38328625e+03, 5.57269165e+02, 1.30455469e+03, 5.57283875e+02,
    1.22697070e+03, 5.57237549e+02, 1.15037427e+03, 5.57275085e+02,
    1.46503003e+03, 4.79311493e+02, 1.38437549e+03, 4.79961731e+02,
    1.30536719e+03, 4.80415283e+02, 1.22749426e+03, 4.80884552e+02,
    1.15073999e+03, 4.81149841e+02, 1.46660046e+03, 4.01033234e+02,
    1.38555054e+03, 4.02114349e+02, 1.30638025e+03, 4.03125916e+02,
    1.22810596e+03, 4.03841797e+02, 1.15116663e+03, 4.04474609e+02,
    1.46861194e+03, 3.22033203e+02, 1.38729224e+03, 3.23505585e+02,
    1.30770056e+03, 3.24943939e+02, 1.22907080e+03, 3.26262726e+02,
    1.15153198e+03, 3.27370239e+02 ]
