%YAML:1.0
---
points: [ 1.55723486e+03, 7.88352661e+02, 1.47936072e+03, 7.88022156e+02,
    1.40207019e+03, 7.87617249e+02, 1.32474329e+03, 7.87463074e+02,
    1.24848840e+03, 7.87322021e+02, 1.55837781e+03, 7.12213379e+02,
    1.47989233e+03, 7.11836975e+02, 1.40240942e+03, 7.11636841e+02,
    1.32520422e+03, 7.11503845e+02, 1.24873889e+03, 7.11530396e+02,
    1.55934534e+03, 6.35310608e+02, 1.48073450e+03, 6.35224487e+02,
    1.40303760e+03, 6.35187622e+02, 1.32575537e+03, 6.35309937e+02,
    1.24923254e+03, 6.35333069e+02, 1.56093030e+03, 5.58343018e+02,
    1.48198938e+03, 5.58409607e+02, 1.40417114e+03, 5.58560730e+02,
    1.32656860e+03, 5.58706726e+02, 1.24983618e+03, 5.58994263e+02,
    1.56276257e+03, 4.80495636e+02, 1.48362268e+03, 4.80759216e+02,
    1.40540955e+03, 4.81140747e+02, 1.32769397e+03, 4.81447449e+02,
    1.25059949e+03, 4.81525482e+02, 1.56484229e+03, 4.02398285e+02,
    1.48549377e+03, 4.02721527e+02, 1.40700598e+03, 4.03203735e+02,
    1.32892542e+03, 4.03539948e+02, 1.25173486e+03, 4.03802704e+02,
    1.56735352e+03, 3.23454803e+02, 1.48788623e+03, 3.23970917e+02,
    1.40922620e+03, 3.24467133e+02, 1.33080762e+03, 3.25001801e+02,
    1.25309985e+03, 3.25209290e+02 ]
