%YAML:1.0
---
points: [ 1.66196875e+03, 7.91312195e+02, 1.58339929e+03, 7.90976257e+02,
    1.50524463e+03, 7.90624573e+02, 1.42726062e+03, 7.90471069e+02,
    1.34968201e+03, 7.90118164e+02, 1.66355469e+03, 7.14273499e+02,
    1.58437097e+03, 7.14028503e+02, 1.50593933e+03, 7.13846375e+02,
    1.42765881e+03, 7.13679138e+02, 1.35010913e+03, 7.13612000e+02,
    1.66500549e+03, 6.37082458e+02, 1.58560938e+03, 6.36949219e+02,
    1.50684021e+03, 6.36934082e+02, 1.42850952e+03, 6.37008545e+02,
    1.35078235e+03, 6.37169006e+02, 1.66700354e+03, 5.59312988e+02,
    1.58714417e+03, 5.59418396e+02, 1.50826270e+03, 5.59575134e+02,
    1.42957532e+03, 5.59678955e+02, 1.35195972e+03, 5.60017212e+02,
    1.66911267e+03, 4.80612122e+02, 1.58932947e+03, 4.81015900e+02,
    1.51005347e+03, 4.81368164e+02, 1.43128064e+03, 4.81747345e+02,
    1.35319141e+03, 4.82014374e+02, 1.67162390e+03, 4.01834442e+02,
    1.59150171e+03, 4.02325195e+02, 1.51207605e+03, 4.02784546e+02,
    1.43289392e+03, 4.03224121e+02, 1.35460938e+03, 4.03609375e+02,
    1.67452966e+03, 3.22317902e+02, 1.59450647e+03, 3.22831573e+02,
    1.51476050e+03, 3.23406311e+02, 1.43531409e+03, 3.24079102e+02,
    1.35650256e+03, 3.24368622e+02 ]
