%YAML:1.0
---
points: [ 1.77945398e+03, 7.85513489e+02, 1.70156189e+03, 7.85245300e+02,
    1.62433875e+03, 7.85164856e+02, 1.54732312e+03, 7.85038513e+02,
    1.47057532e+03, 7.84647583e+02, 1.78080200e+03, 7.09552307e+02,
    1.70248560e+03, 7.09453064e+02, 1.62507678e+03, 7.09414368e+02,
    1.54778125e+03, 7.09448425e+02, 1.47109021e+03, 7.09496460e+02,
    1.78225146e+03, 6.33519348e+02, 1.70379712e+03, 6.33610413e+02,
    1.62610815e+03, 6.33705139e+02, 1.54861365e+03, 6.34027100e+02,
    1.47172107e+03, 6.34215820e+02, 1.78432446e+03, 5.56922668e+02,
    1.70534851e+03, 5.57204346e+02, 1.62755176e+03, 5.57620911e+02,
    1.54970251e+03, 5.58000732e+02, 1.47292676e+03, 5.58496033e+02,
    1.78617517e+03, 4.79729950e+02, 1.70711902e+03, 4.80289581e+02,
    1.62897705e+03, 4.80803619e+02, 1.55134485e+03, 4.81419769e+02,
    1.47424268e+03, 4.81845978e+02, 1.78855627e+03, 4.02312347e+02,
    1.70932861e+03, 4.02809601e+02, 1.63108313e+03, 4.03557526e+02,
    1.55307190e+03, 4.04230743e+02, 1.47577063e+03, 4.04936401e+02,
    1.79105774e+03, 3.24220093e+02, 1.71217676e+03, 3.24918396e+02,
    1.63363342e+03, 3.25725891e+02, 1.55537769e+03, 3.26686340e+02,
    1.47772656e+03, 3.27424652e+02 ]
