%YAML:1.0
---
points: [ 1.74911743e+03, 5.70665710e+02, 1.67139136e+03, 5.71322876e+02,
    1.59449731e+03, 5.72074158e+02, 1.51765442e+03, 5.72786499e+02,
    1.44203479e+03, 5.73599365e+02, 1.74910156e+03, 4.95598907e+02,
    1.67092969e+03, 4.96630737e+02, 1.59413245e+03, 4.97687836e+02,
    1.51730920e+03, 4.98695312e+02, 1.44163525e+03, 4.99689972e+02,
    1.74896265e+03, 4.20172791e+02, 1.67095337e+03, 4.21724121e+02,
    1.59396887e+03, 4.23102905e+02, 1.51725281e+03, 4.24395905e+02,
    1.44155933e+03, 4.25635071e+02, 1.74933606e+03, 3.44697754e+02,
    1.67109082e+03, 3.46320496e+02, 1.59431091e+03, 3.48157928e+02,
    1.51741736e+03, 3.49640717e+02, 1.44182617e+03, 3.51137726e+02,
    1.74962976e+03, 2.68611206e+02, 1.67150232e+03, 2.70549438e+02,
    1.59465381e+03, 2.72334747e+02, 1.51784839e+03, 2.74348541e+02,
    1.44226465e+03, 2.75827576e+02, 1.75032214e+03, 1.92272049e+02,
    1.67227026e+03, 1.94435654e+02, 1.59531104e+03, 1.96556610e+02,
    1.51845105e+03, 1.98413071e+02, 1.44278284e+03, 2.00186844e+02,
    1.75120056e+03, 1.15757637e+02, 1.67345422e+03, 1.18024277e+02,
    1.59629382e+03, 1.20017387e+02, 1.51955920e+03, 1.22212730e+02,
    1.44353650e+03, 1.23874046e+02 ]
