%YAML:1.0
---
points: [ 1.81613293e+03, 5.77289246e+02, 1.73590710e+03, 5.77554504e+02,
    1.65652527e+03, 5.78000977e+02, 1.57746973e+03, 5.78532349e+02,
    1.49942029e+03, 5.78976624e+02, 1.81720581e+03, 4.99975891e+02,
    1.73675024e+03, 5.00727722e+02, 1.65725513e+03, 5.01504913e+02,
    1.57816272e+03, 5.02264618e+02, 1.49993152e+03, 5.02828217e+02,
    1.81829077e+03, 4.22442902e+02, 1.73785706e+03, 4.23379852e+02,
    1.65819995e+03, 4.24363190e+02, 1.57913110e+03, 4.25416718e+02,
    1.50073840e+03, 4.26482025e+02, 1.81998279e+03, 3.44330353e+02,
    1.73895203e+03, 3.45511841e+02, 1.65942944e+03, 3.46708099e+02,
    1.58019775e+03, 3.48153992e+02, 1.50175793e+03, 3.49402069e+02,
    1.82151123e+03, 2.65354462e+02, 1.74068884e+03, 2.66802490e+02,
    1.66080127e+03, 2.68489777e+02, 1.58165613e+03, 2.70030884e+02,
    1.50317517e+03, 2.71278717e+02, 1.82318774e+03, 1.86361404e+02,
    1.74246924e+03, 1.87961548e+02, 1.66268933e+03, 1.89731537e+02,
    1.58327368e+03, 1.91437912e+02, 1.50484045e+03, 1.92690125e+02,
    1.82537939e+03, 1.06749947e+02, 1.74457312e+03, 1.08465889e+02,
    1.66479797e+03, 1.10223778e+02, 1.58534412e+03, 1.12088623e+02,
    1.50652698e+03, 1.13525124e+02 ]
