%YAML:1.0
---
points: [ 1.89014880e+03, 5.77250671e+02, 1.80383923e+03, 5.76844055e+02,
    1.71895996e+03, 5.76541626e+02, 1.63591467e+03, 5.76373840e+02,
    1.55454944e+03, 5.76065369e+02, 1.89163086e+03, 4.98544983e+02,
    1.80497729e+03, 4.99099213e+02, 1.72018481e+03, 4.99742737e+02,
    1.63697668e+03, 5.00339447e+02, 1.55533411e+03, 5.00873657e+02,
    1.89291724e+03, 4.19713104e+02, 1.80616565e+03, 4.21183777e+02,
    1.72119385e+03, 4.22657562e+02, 1.63803015e+03, 4.23979218e+02,
    1.55662354e+03, 4.25219666e+02, 1.89478418e+03, 3.40372437e+02,
    1.80750806e+03, 3.42740570e+02, 1.72262769e+03, 3.44853119e+02,
    1.63931738e+03, 3.46923737e+02, 1.55816345e+03, 3.49291565e+02,
    1.89635291e+03, 2.60570496e+02, 1.80930054e+03, 2.63595703e+02,
    1.72430225e+03, 2.66538055e+02, 1.64100818e+03, 2.69576050e+02,
    1.55945813e+03, 2.72201721e+02, 1.89806384e+03, 1.80482025e+02,
    1.81117078e+03, 1.84149246e+02, 1.72622900e+03, 1.87870895e+02,
    1.64270679e+03, 1.91555618e+02, 1.56120862e+03, 1.94945511e+02,
    1.90014343e+03, 9.99053116e+01, 1.81316077e+03, 1.04228462e+02,
    1.72810242e+03, 1.08673347e+02, 1.64470251e+03, 1.13082237e+02,
    1.56306433e+03, 1.17038521e+02 ]
