%YAML:1.0
---
points: [ 1.84471130e+03, 5.77343079e+02, 1.75180347e+03, 5.76459534e+02,
    1.66282947e+03, 5.75637146e+02, 1.57714417e+03, 5.75046875e+02,
    1.49526941e+03, 5.74209961e+02, 1.84636340e+03, 4.97986267e+02,
    1.75306311e+03, 4.98755188e+02, 1.66386353e+03, 4.99683014e+02,
    1.57816687e+03, 5.00655975e+02, 1.49604956e+03, 5.01576447e+02,
    1.84769067e+03, 4.18208527e+02, 1.75422058e+03, 4.20804749e+02,
    1.66491370e+03, 4.23464417e+02, 1.57928162e+03, 4.26013092e+02,
    1.49694958e+03, 4.28444641e+02, 1.84919775e+03, 3.37960266e+02,
    1.75544446e+03, 3.42497986e+02, 1.66627417e+03, 3.46617157e+02,
    1.58031372e+03, 3.50800049e+02, 1.49815857e+03, 3.54915497e+02,
    1.85053003e+03, 2.56984375e+02, 1.75717358e+03, 2.63177246e+02,
    1.66761023e+03, 2.69384766e+02, 1.58166138e+03, 2.75173157e+02,
    1.49942334e+03, 2.80574921e+02, 1.85215479e+03, 1.76091888e+02,
    1.75847217e+03, 1.83900253e+02, 1.66916919e+03, 1.91590973e+02,
    1.58301538e+03, 1.98760132e+02, 1.50067407e+03, 2.05791595e+02,
    1.85370154e+03, 9.45490265e+01, 1.76014343e+03, 1.03961807e+02,
    1.67063855e+03, 1.13205688e+02, 1.58463171e+03, 1.22126740e+02,
    1.50171521e+03, 1.30374298e+02 ]
