%YAML:1.0
---
points: [ 1.79697192e+03, 5.76693054e+02, 1.70170374e+03, 5.77316406e+02,
    1.61239062e+03, 5.77919922e+02, 1.52813086e+03, 5.78741394e+02,
    1.44909424e+03, 5.79289978e+02, 1.79597986e+03, 4.97077515e+02,
    1.70056885e+03, 5.00393860e+02, 1.61133044e+03, 5.03529480e+02,
    1.52688782e+03, 5.06548340e+02, 1.44784583e+03, 5.09271423e+02,
    1.79480444e+03, 4.17241669e+02, 1.69942651e+03, 4.23211060e+02,
    1.61017542e+03, 4.28744141e+02, 1.52570203e+03, 4.34204987e+02,
    1.44648340e+03, 4.39268738e+02, 1.79364514e+03, 3.36759338e+02,
    1.69809021e+03, 3.45491486e+02, 1.60891138e+03, 3.53847290e+02,
    1.52452747e+03, 3.61406311e+02, 1.44523926e+03, 3.68675507e+02,
    1.79222620e+03, 2.56102722e+02, 1.69695691e+03, 2.67385345e+02,
    1.60761646e+03, 2.78084167e+02, 1.52335278e+03, 2.88122528e+02,
    1.44406885e+03, 2.97554810e+02, 1.79094324e+03, 1.75332962e+02,
    1.69569397e+03, 1.89202988e+02, 1.60654346e+03, 2.02424438e+02,
    1.52220178e+03, 2.14529755e+02, 1.44284558e+03, 2.26084763e+02,
    1.78949011e+03, 9.41663055e+01, 1.69451074e+03, 1.10512146e+02,
    1.60522510e+03, 1.25958130e+02, 1.52102747e+03, 1.40632217e+02,
    1.44155725e+03, 1.54381836e+02 ]
