%YAML:1.0
---
points: [ 1.74685144e+03, 5.70557251e+02, 1.65187268e+03, 5.72471863e+02,
    1.56487634e+03, 5.74317627e+02, 1.48462488e+03, 5.75932861e+02,
    1.41101453e+03, 5.77364868e+02, 1.74371460e+03, 4.89448639e+02,
    1.64901379e+03, 4.95370544e+02, 1.56246484e+03, 5.00553864e+02,
    1.48229333e+03, 5.05338745e+02, 1.40871704e+03, 5.09661896e+02,
    1.74050000e+03, 4.08694031e+02, 1.64628101e+03, 4.18209900e+02,
    1.55973389e+03, 4.26910553e+02, 1.47989600e+03, 4.34693420e+02,
    1.40639612e+03, 4.41936462e+02, 1.73752075e+03, 3.28115356e+02,
    1.64328906e+03, 3.41033142e+02, 1.55721948e+03, 3.53154053e+02,
    1.47741479e+03, 3.64196259e+02, 1.40414514e+03, 3.74252686e+02,
    1.73381360e+03, 2.47091782e+02, 1.64022815e+03, 2.63932098e+02,
    1.55437769e+03, 2.79190247e+02, 1.47498938e+03, 2.93185333e+02,
    1.40164380e+03, 3.06228149e+02, 1.73046899e+03, 1.66502060e+02,
    1.63695837e+03, 1.86835297e+02, 1.55148975e+03, 2.05353165e+02,
    1.47233496e+03, 2.22504074e+02, 1.39921387e+03, 2.38200851e+02,
    1.72639893e+03, 8.61196976e+01, 1.63354907e+03, 1.09657188e+02,
    1.54833594e+03, 1.31492752e+02, 1.46945117e+03, 1.51439484e+02,
    1.39642896e+03, 1.69849670e+02 ]
