%YAML:1.0
---
points: [ 1.63925391e+03, 5.54564026e+02, 1.55846191e+03, 5.60176819e+02,
    1.48614331e+03, 5.65167542e+02, 1.42130908e+03, 5.69542358e+02,
    1.36276453e+03, 5.73421326e+02, 1.63488794e+03, 4.75486511e+02,
    1.55486377e+03, 4.85644440e+02, 1.48346643e+03, 4.94721466e+02,
    1.41872437e+03, 5.02722595e+02, 1.36043933e+03, 5.09945251e+02,
    1.63060437e+03, 3.97069458e+02, 1.55140784e+03, 4.12024841e+02,
    1.48020667e+03, 4.24891876e+02, 1.41615698e+03, 4.36677826e+02,
    1.35806665e+03, 4.47076233e+02, 1.62613147e+03, 3.19391815e+02,
    1.54757568e+03, 3.38638794e+02, 1.47681689e+03, 3.55732269e+02,
    1.41312659e+03, 3.70932556e+02, 1.35542871e+03, 3.84711365e+02,
    1.62112024e+03, 2.42294724e+02, 1.54336206e+03, 2.65822266e+02,
    1.47359290e+03, 2.86748779e+02, 1.41026392e+03, 3.05597504e+02,
    1.35276221e+03, 3.22410522e+02, 1.61628247e+03, 1.66207825e+02,
    1.53885095e+03, 1.93971512e+02, 1.46974670e+03, 2.18555939e+02,
    1.40695959e+03, 2.40690735e+02, 1.34973877e+03, 2.60626190e+02,
    1.61063953e+03, 9.07356186e+01, 1.53403345e+03, 1.22513550e+02,
    1.46554395e+03, 1.50757950e+02, 1.40324524e+03, 1.76324203e+02,
    1.34652405e+03, 1.99243195e+02 ]
