%YAML:1.0
---
points: [ 1.48969641e+03, 5.53289307e+02, 1.44021533e+03, 5.54638000e+02,
    1.39641431e+03, 5.55847412e+02, 1.35734058e+03, 5.57049805e+02,
    1.32225061e+03, 5.58154724e+02, 1.49440991e+03, 4.79456055e+02,
    1.44466260e+03, 4.85716705e+02, 1.40101453e+03, 4.91232666e+02,
    1.36143286e+03, 4.95989410e+02, 1.32621875e+03, 5.00201355e+02,
    1.49870569e+03, 4.05844269e+02, 1.44923047e+03, 4.16947998e+02,
    1.40520642e+03, 4.26433960e+02, 1.36529517e+03, 4.34935883e+02,
    1.32941638e+03, 4.42382477e+02, 1.50278979e+03, 3.32502197e+02,
    1.45307764e+03, 3.48175262e+02, 1.40874561e+03, 3.61721130e+02,
    1.36879639e+03, 3.73848846e+02, 1.33269910e+03, 3.84678925e+02,
    1.50651514e+03, 2.58867279e+02, 1.45667847e+03, 2.79338348e+02,
    1.41217542e+03, 2.97178772e+02, 1.37202832e+03, 3.12926086e+02,
    1.33559375e+03, 3.26807434e+02, 1.50994763e+03, 1.85876740e+02,
    1.45965759e+03, 2.10879608e+02, 1.41547437e+03, 2.32630829e+02,
    1.37501575e+03, 2.52034454e+02, 1.33840662e+03, 2.69204254e+02,
    1.51234424e+03, 1.13322014e+02, 1.46227625e+03, 1.42560364e+02,
    1.41742639e+03, 1.68458557e+02, 1.37721021e+03, 1.91382996e+02,
    1.34056604e+03, 2.11653488e+02 ]
