%YAML:1.0
---
points: [ 1.90767957e+03, 5.91432495e+02, 1.82661182e+03, 5.95468201e+02,
    1.74624231e+03, 5.99554138e+02, 1.66639380e+03, 6.03778625e+02,
    1.58762207e+03, 6.07862732e+02, 1.90817188e+03, 5.14249695e+02,
    1.82650513e+03, 5.18906738e+02, 1.74542969e+03, 5.23666260e+02,
    1.66525208e+03, 5.28317139e+02, 1.58630005e+03, 5.32885864e+02,
    1.90838306e+03, 4.36593872e+02, 1.82626880e+03, 4.41560577e+02,
    1.74484387e+03, 4.46577759e+02, 1.66444604e+03, 4.51749054e+02,
    1.58516467e+03, 4.56660950e+02, 1.90910193e+03, 3.57713684e+02,
    1.82630945e+03, 3.63361267e+02, 1.74465515e+03, 3.68813354e+02,
    1.66385193e+03, 3.74393433e+02, 1.58435266e+03, 3.79899078e+02,
    1.90978833e+03, 2.77519745e+02, 1.82670459e+03, 2.83697113e+02,
    1.74456421e+03, 2.89528687e+02, 1.66367175e+03, 2.95720490e+02,
    1.58362964e+03, 3.01449768e+02, 1.91060693e+03, 1.96932251e+02,
    1.82710620e+03, 2.03242538e+02, 1.74480530e+03, 2.09502960e+02,
    1.66336145e+03, 2.15798828e+02, 1.58311670e+03, 2.22005600e+02,
    1.91178015e+03, 1.14797226e+02, 1.82816455e+03, 1.21649200e+02,
    1.74547839e+03, 1.28326157e+02, 1.66372693e+03, 1.34780060e+02,
    1.58281860e+03, 1.41060562e+02 ]
