%YAML:1.0
---
points: [ 1.69191333e+03, 5.93840454e+02, 1.60774146e+03, 5.98017944e+02,
    1.52514990e+03, 6.01863892e+02, 1.44376379e+03, 6.05978638e+02,
    1.36424268e+03, 6.09634155e+02, 1.69115112e+03, 5.15085693e+02,
    1.60626562e+03, 5.19723511e+02, 1.52312085e+03, 5.24589539e+02,
    1.44143237e+03, 5.29357422e+02, 1.36141638e+03, 5.33971313e+02,
    1.69029309e+03, 4.35226013e+02, 1.60497754e+03, 4.40842072e+02,
    1.52137122e+03, 4.46407288e+02, 1.43910303e+03, 4.51839081e+02,
    1.35877161e+03, 4.57228455e+02, 1.68975183e+03, 3.54466400e+02,
    1.60375195e+03, 3.60672638e+02, 1.51980005e+03, 3.66938446e+02,
    1.43725708e+03, 3.73259888e+02, 1.35641931e+03, 3.79398346e+02,
    1.68921350e+03, 2.71885559e+02, 1.60274133e+03, 2.79264771e+02,
    1.51833582e+03, 2.86291412e+02, 1.43533447e+03, 2.93133850e+02,
    1.35405872e+03, 2.99846527e+02, 1.68899683e+03, 1.88576447e+02,
    1.60194946e+03, 1.96571320e+02, 1.51720593e+03, 2.04219681e+02,
    1.43363452e+03, 2.11898239e+02, 1.35190674e+03, 2.19065521e+02,
    1.68872009e+03, 1.03993843e+02, 1.60164880e+03, 1.12556618e+02,
    1.51637573e+03, 1.20821068e+02, 1.43229053e+03, 1.29042007e+02,
    1.34970764e+03, 1.36996811e+02 ]
