%YAML:1.0
---
points: [ 1.43746655e+03, 5.95029114e+02, 1.35370422e+03, 5.98786865e+02,
    1.27249683e+03, 6.02694702e+02, 1.19309070e+03, 6.06794189e+02,
    1.11570703e+03, 6.10603271e+02, 1.43468713e+03, 5.15273132e+02,
    1.35048096e+03, 5.20149963e+02, 1.26902576e+03, 5.25024048e+02,
    1.18916980e+03, 5.29648499e+02, 1.11140039e+03, 5.34327148e+02,
    1.43233435e+03, 4.34468353e+02, 1.34762793e+03, 4.40495667e+02,
    1.26538794e+03, 4.46273071e+02, 1.18527344e+03, 4.51855774e+02,
    1.10681067e+03, 4.57181427e+02, 1.43006494e+03, 3.52583588e+02,
    1.34471094e+03, 3.59630249e+02, 1.26210120e+03, 3.66321686e+02,
    1.18118579e+03, 3.72650116e+02, 1.10229797e+03, 3.78968628e+02,
    1.42796948e+03, 2.69065155e+02, 1.34211316e+03, 2.77059845e+02,
    1.25880273e+03, 2.84874969e+02, 1.17724731e+03, 2.92131012e+02,
    1.09766174e+03, 2.99045319e+02, 1.42606543e+03, 1.84205414e+02,
    1.33942163e+03, 1.93103226e+02, 1.25546863e+03, 2.01924408e+02,
    1.17334766e+03, 2.09988449e+02, 1.09313599e+03, 2.17762115e+02,
    1.42392554e+03, 9.77734604e+01, 1.33709497e+03, 1.07647064e+02,
    1.25252649e+03, 1.17274002e+02, 1.16946924e+03, 1.26268867e+02,
    1.08848682e+03, 1.34707642e+02 ]
