%YAML:1.0
---
points: [ 1.29048340e+03, 5.96428833e+02, 1.21291638e+03, 6.00341736e+02,
    1.13595996e+03, 6.04275452e+02, 1.05846008e+03, 6.08594543e+02,
    9.80833191e+02, 6.12840820e+02, 1.28878320e+03, 5.18852539e+02,
    1.21080835e+03, 5.22893127e+02, 1.13311218e+03, 5.26823730e+02,
    1.05494775e+03, 5.30783630e+02, 9.76840271e+02, 5.34940857e+02,
    1.28720276e+03, 4.40324005e+02, 1.20844727e+03, 4.44354034e+02,
    1.13023718e+03, 4.48358490e+02, 1.05163904e+03, 4.52068604e+02,
    9.72990417e+02, 4.55827881e+02, 1.28592358e+03, 3.60338226e+02,
    1.20641724e+03, 3.64465790e+02, 1.12754395e+03, 3.68251709e+02,
    1.04831384e+03, 3.71930725e+02, 9.68981262e+02, 3.75698608e+02,
    1.28476184e+03, 2.78416443e+02, 1.20450427e+03, 2.82645782e+02,
    1.12473132e+03, 2.86514404e+02, 1.04475256e+03, 2.90194763e+02,
    9.64763855e+02, 2.93381348e+02, 1.28393787e+03, 1.95187576e+02,
    1.20269727e+03, 1.99160965e+02, 1.12222900e+03, 2.03037277e+02,
    1.04146973e+03, 2.06459396e+02, 9.60440552e+02, 2.09400146e+02,
    1.28307971e+03, 1.09975182e+02, 1.20123474e+03, 1.13864922e+02,
    1.11979468e+03, 1.17565613e+02, 1.03803809e+03, 1.20596436e+02,
    9.55988586e+02, 1.23446548e+02 ]
