%YAML:1.0
---
points: [ 1.13173462e+03, 5.96431763e+02, 1.05403125e+03, 6.00537476e+02,
    9.76024231e+02, 6.04707825e+02, 8.97406555e+02, 6.09116699e+02,
    8.18306213e+02, 6.13549500e+02, 1.12889368e+03, 5.18573914e+02,
    1.05068835e+03, 5.22508850e+02, 9.72282043e+02, 5.26411621e+02,
    8.92908081e+02, 5.30437500e+02, 8.13237732e+02, 5.34537415e+02,
    1.12638879e+03, 4.39542389e+02, 1.04745288e+03, 4.43365540e+02,
    9.68394470e+02, 4.46975433e+02, 8.88457764e+02, 4.50695709e+02,
    8.07912720e+02, 4.54556519e+02, 1.12358179e+03, 3.59258026e+02,
    1.04405750e+03, 3.62704712e+02, 9.64456970e+02, 3.66247314e+02,
    8.83768188e+02, 3.69689331e+02, 8.02482422e+02, 3.72780060e+02,
    1.12114563e+03, 2.76975464e+02, 1.04059790e+03, 2.80529816e+02,
    9.60202942e+02, 2.83529419e+02, 8.78794617e+02, 2.86599060e+02,
    7.96696960e+02, 2.89219543e+02, 1.11848865e+03, 1.93012741e+02,
    1.03741516e+03, 1.96357452e+02, 9.55916260e+02, 1.99101593e+02,
    8.73784119e+02, 2.01710449e+02, 7.90576111e+02, 2.03686478e+02,
    1.11636987e+03, 1.07329094e+02, 1.03395398e+03, 1.09974785e+02,
    9.51734497e+02, 1.12630730e+02, 8.68421570e+02, 1.14555901e+02,
    7.84289856e+02, 1.16279526e+02 ]
