%YAML:1.0
---
points: [ 9.15948669e+02, 5.95869446e+02, 8.38477539e+02, 5.99911621e+02,
    7.61101624e+02, 6.04084045e+02, 6.82969910e+02, 6.08497131e+02,
    6.04581665e+02, 6.12897461e+02, 9.11354431e+02, 5.18569214e+02,
    8.33277466e+02, 5.22713867e+02, 7.55377136e+02, 5.26880127e+02,
    6.76722473e+02, 5.30946899e+02, 5.97584656e+02, 5.35161560e+02,
    9.06529907e+02, 4.40182281e+02, 8.27995178e+02, 4.44397736e+02,
    7.49420776e+02, 4.48496765e+02, 6.70056519e+02, 4.52481079e+02,
    5.90111450e+02, 4.56451477e+02, 9.01580933e+02, 3.60473724e+02,
    8.22344543e+02, 3.64684143e+02, 7.43128906e+02, 3.68558197e+02,
    6.62973511e+02, 3.72402588e+02, 5.82144531e+02, 3.76226440e+02,
    8.96452332e+02, 2.78826935e+02, 8.16400818e+02, 2.82952362e+02,
    7.36336487e+02, 2.86871185e+02, 6.55350159e+02, 2.90593658e+02,
    5.73890747e+02, 2.93933838e+02, 8.91144409e+02, 1.95719971e+02,
    8.10134705e+02, 1.99629150e+02, 7.29205383e+02, 2.03468796e+02,
    6.47471741e+02, 2.07163513e+02, 5.65121704e+02, 2.10256912e+02,
    8.85475159e+02, 1.10399490e+02, 8.03486938e+02, 1.14393509e+02,
    7.21751404e+02, 1.18307175e+02, 6.38941589e+02, 1.21715988e+02,
    5.55850281e+02, 1.24800156e+02 ]
