%YAML:1.0
---
points: [ 6.82171570e+02, 5.96344177e+02, 6.04392822e+02, 5.99832397e+02,
    5.26329712e+02, 6.03612061e+02, 4.47704681e+02, 6.07702576e+02,
    3.68995148e+02, 6.11677063e+02, 6.76295349e+02, 5.19122742e+02,
    5.97983643e+02, 5.22848572e+02, 5.19521057e+02, 5.26415344e+02,
    4.40176453e+02, 5.30205200e+02, 3.60733276e+02, 5.34010376e+02,
    6.70109375e+02, 4.40880341e+02, 5.91380981e+02, 4.44518860e+02,
    5.12325378e+02, 4.48228668e+02, 4.32379486e+02, 4.51609650e+02,
    3.51919312e+02, 4.55328247e+02, 6.63638428e+02, 3.61318695e+02,
    5.84281738e+02, 3.64966461e+02, 5.04387360e+02, 3.68314972e+02,
    4.23689514e+02, 3.71787384e+02, 3.42876770e+02, 3.75391449e+02,
    6.56627686e+02, 2.79959442e+02, 5.76408386e+02, 2.83398865e+02,
    4.96136261e+02, 2.86908752e+02, 4.14883759e+02, 2.90385315e+02,
    3.33208984e+02, 2.93481842e+02, 6.49364868e+02, 1.97092026e+02,
    5.68511169e+02, 2.00619995e+02, 4.87395844e+02, 2.04005508e+02,
    4.05558472e+02, 2.07461533e+02, 3.23271912e+02, 2.10587891e+02,
    6.41709778e+02, 1.12581444e+02, 5.59968140e+02, 1.16184097e+02,
    4.78177368e+02, 1.19542732e+02, 3.95738983e+02, 1.23077576e+02,
    3.12715546e+02, 1.26164032e+02 ]
