%YAML:1.0
---
points: [ 6.23851257e+02, 5.95578125e+02, 5.45627869e+02, 5.99038025e+02,
    4.67168365e+02, 6.02846863e+02, 3.88026611e+02, 6.06817322e+02,
    3.08544769e+02, 6.10577759e+02, 6.17786438e+02, 5.18599854e+02,
    5.39341675e+02, 5.22237610e+02, 4.60443481e+02, 5.25613525e+02,
    3.80517059e+02, 5.29329956e+02, 3.00587677e+02, 5.32928406e+02,
    6.11710815e+02, 4.40736389e+02, 5.32626099e+02, 4.44185150e+02,
    4.53067993e+02, 4.47448303e+02, 3.72566833e+02, 4.50768250e+02,
    2.91592133e+02, 4.54362976e+02, 6.04936768e+02, 3.61470917e+02,
    5.25206177e+02, 3.64809296e+02, 4.44961243e+02, 3.67791534e+02,
    3.64040100e+02, 3.71016479e+02, 2.82412201e+02, 3.74339905e+02,
    5.97741272e+02, 2.80595551e+02, 5.17465393e+02, 2.83558563e+02,
    4.36811829e+02, 2.86711182e+02, 3.54942474e+02, 2.89698822e+02,
    2.72964142e+02, 2.92635681e+02, 5.90421082e+02, 1.98096161e+02,
    5.09257996e+02, 2.01305817e+02, 4.27923828e+02, 2.04156830e+02,
    3.45719086e+02, 2.07171188e+02, 2.63041168e+02, 2.09914062e+02,
    5.82448975e+02, 1.14220078e+02, 5.00720886e+02, 1.17307762e+02,
    4.18588745e+02, 1.20116882e+02, 3.35794586e+02, 1.23048103e+02,
    2.52603745e+02, 1.25717735e+02 ]
