%YAML:1.0
---
points: [ 5.21304382e+02, 5.95043701e+02, 4.43356537e+02, 5.98478394e+02,
    3.65100647e+02, 6.02231689e+02, 2.86289368e+02, 6.06039246e+02,
    2.07504089e+02, 6.09550049e+02, 5.14702698e+02, 5.18815674e+02,
    4.36432098e+02, 5.22313782e+02, 3.57786499e+02, 5.25550598e+02,
    2.78451996e+02, 5.29178528e+02, 1.99080124e+02, 5.32771301e+02,
    5.07925476e+02, 4.41567566e+02, 4.29115906e+02, 4.44874207e+02,
    3.49969971e+02, 4.48186798e+02, 2.70049835e+02, 4.51311401e+02,
    1.89886032e+02, 4.54736237e+02, 5.00683716e+02, 3.63112061e+02,
    4.21374634e+02, 3.66215912e+02, 3.41581146e+02, 3.69351227e+02,
    2.61038147e+02, 3.72360626e+02, 1.80416122e+02, 3.75709351e+02,
    4.92850616e+02, 2.82991638e+02, 4.13063232e+02, 2.86106720e+02,
    3.32835541e+02, 2.88866913e+02, 2.51755676e+02, 2.91963684e+02,
    1.70389786e+02, 2.94906433e+02, 4.85078461e+02, 2.01708023e+02,
    4.04331177e+02, 2.04453781e+02, 3.23693024e+02, 2.07548279e+02,
    2.42168137e+02, 2.10305267e+02, 1.60180405e+02, 2.13231979e+02,
    4.76514954e+02, 1.18879753e+02, 3.95351044e+02, 1.21747795e+02,
    3.13956573e+02, 1.24550049e+02, 2.32079971e+02, 1.27579659e+02,
    1.49423141e+02, 1.30176071e+02 ]
