%YAML:1.0
---
points: [ 4.23329529e+02, 5.96364136e+02, 3.44590942e+02, 5.99724121e+02,
    2.65824799e+02, 6.03480347e+02, 1.86748459e+02, 6.07413452e+02,
    1.07983475e+02, 6.11291565e+02, 4.16010651e+02, 5.19007202e+02,
    3.36871338e+02, 5.22638611e+02, 2.57709686e+02, 5.26094849e+02,
    1.78084335e+02, 5.29767700e+02, 9.85352478e+01, 5.33562561e+02,
    4.08127563e+02, 4.40873444e+02, 3.28602905e+02, 4.44392212e+02,
    2.49075989e+02, 4.47776154e+02, 1.68940659e+02, 4.51285706e+02,
    8.83749084e+01, 4.54868347e+02, 3.99855225e+02, 3.61372864e+02,
    3.19858795e+02, 3.64856232e+02, 2.39578674e+02, 3.67927795e+02,
    1.58929337e+02, 3.71449127e+02, 7.80233154e+01, 3.75134308e+02,
    3.91276642e+02, 2.80448456e+02, 3.10654144e+02, 2.83580963e+02,
    2.29919235e+02, 2.86934204e+02, 1.48779785e+02, 2.90441223e+02,
    6.71149445e+01, 2.93622772e+02, 3.82180298e+02, 1.98026535e+02,
    3.01145996e+02, 2.01417572e+02, 2.19959610e+02, 2.04558197e+02,
    1.38193512e+02, 2.07970764e+02, 5.58956680e+01, 2.11384155e+02,
    3.72735931e+02, 1.14185219e+02, 2.90822937e+02, 1.17643280e+02,
    2.09129379e+02, 1.20922829e+02, 1.26854546e+02, 1.24368958e+02,
    4.39029503e+01, 1.27515999e+02 ]
