%YAML:1.0
---
points: [ 9.51953049e+01, 1.06388344e+02, 1.90214432e+02, 1.12825302e+02,
    2.82062347e+02, 1.18856224e+02, 3.71323090e+02, 1.24717552e+02,
    4.58702087e+02, 1.30769989e+02, 1.01773628e+02, 1.93125412e+02,
    1.95889969e+02, 1.98139343e+02, 2.87308990e+02, 2.03244049e+02,
    3.75800110e+02, 2.07996704e+02, 4.62423706e+02, 2.12821320e+02,
    1.08079254e+02, 2.78558533e+02, 2.01323730e+02, 2.82407104e+02,
    2.92072388e+02, 2.86223969e+02, 3.80220612e+02, 2.89819611e+02,
    4.65852753e+02, 2.93286682e+02, 1.13776299e+02, 3.62958069e+02,
    2.06525360e+02, 3.65466125e+02, 2.96650848e+02, 3.67730499e+02,
    3.84164246e+02, 3.70365631e+02, 4.69326965e+02, 3.72592041e+02,
    1.19378128e+02, 4.45677155e+02, 2.11449341e+02, 4.46751984e+02,
    3.01115082e+02, 4.48076813e+02, 3.87706909e+02, 4.49247406e+02,
    4.72234070e+02, 4.50458862e+02, 1.24951225e+02, 5.27135986e+02,
    2.16075638e+02, 5.27153137e+02, 3.04906677e+02, 5.26975891e+02,
    3.91033539e+02, 5.27003235e+02, 4.75002045e+02, 5.26953308e+02,
    1.29915970e+02, 6.07567688e+02, 2.20176285e+02, 6.06164612e+02,
    3.08329407e+02, 6.04758057e+02, 3.94140839e+02, 6.03545105e+02,
    4.77392548e+02, 6.02521851e+02 ]
