%YAML:1.0
---
points: [ 1.41388870e+02, 1.03506096e+02, 2.42196106e+02, 1.14292740e+02,
    3.37867737e+02, 1.24468719e+02, 4.28382996e+02, 1.34250671e+02,
    5.14938171e+02, 1.43637726e+02, 1.47686401e+02, 1.91792282e+02,
    2.47429398e+02, 1.99990341e+02, 3.42465576e+02, 2.08010590e+02,
    4.32257782e+02, 2.15478775e+02, 5.17993469e+02, 2.22778763e+02,
    1.53693130e+02, 2.78501892e+02, 2.52488464e+02, 2.84402832e+02,
    3.46688141e+02, 2.90082703e+02, 4.35794159e+02, 2.95428772e+02,
    5.20958008e+02, 3.00578522e+02, 1.59410919e+02, 3.64085632e+02,
    2.57411285e+02, 3.67438080e+02, 3.50840393e+02, 3.70790955e+02,
    4.39456329e+02, 3.74168976e+02, 5.23697083e+02, 3.77184265e+02,
    1.64916290e+02, 4.47865814e+02, 2.62346680e+02, 4.48923187e+02,
    3.54884552e+02, 4.49979736e+02, 4.42803284e+02, 4.51044128e+02,
    5.26465332e+02, 4.52248016e+02, 1.70465454e+02, 5.30059570e+02,
    2.66633087e+02, 5.28934021e+02, 3.58845520e+02, 5.27815674e+02,
    4.45815491e+02, 5.26928406e+02, 5.28808289e+02, 5.25956421e+02,
    1.75653793e+02, 6.11390747e+02, 2.71041595e+02, 6.07967041e+02,
    3.62141418e+02, 6.04609436e+02, 4.48774017e+02, 6.01626404e+02,
    5.31183167e+02, 5.98890564e+02 ]
