%YAML:1.0
---
points: [ 2.35387100e+02, 1.02917915e+02, 3.34555023e+02, 1.20826370e+02,
    4.26379395e+02, 1.37453323e+02, 5.10641754e+02, 1.52665421e+02,
    5.88836609e+02, 1.66735535e+02, 2.38376770e+02, 1.90889725e+02,
    3.36754364e+02, 2.04771149e+02, 4.27654510e+02, 2.17954819e+02,
    5.11464996e+02, 2.29808502e+02, 5.89252258e+02, 2.40871811e+02,
    2.41011780e+02, 2.77393768e+02, 3.38766357e+02, 2.87560364e+02,
    4.29120056e+02, 2.97178772e+02, 5.12400208e+02, 3.05905365e+02,
    5.89718079e+02, 3.13866516e+02, 2.43901642e+02, 3.62671967e+02,
    3.40940735e+02, 3.69364532e+02, 4.30735870e+02, 3.75376556e+02,
    5.13427551e+02, 3.80928162e+02, 5.90189392e+02, 3.86007599e+02,
    2.46830856e+02, 4.46515442e+02, 3.43287415e+02, 4.49426819e+02,
    4.32452179e+02, 4.51838898e+02, 5.14407288e+02, 4.54368225e+02,
    5.90643677e+02, 4.56594879e+02, 2.49596542e+02, 5.29039612e+02,
    3.45271637e+02, 5.28256470e+02, 4.33858856e+02, 5.27528076e+02,
    5.15470459e+02, 5.26874695e+02, 5.91062561e+02, 5.26287659e+02,
    2.52388031e+02, 6.10377930e+02, 3.47401306e+02, 6.06195312e+02,
    4.35212738e+02, 6.02132690e+02, 5.16453552e+02, 5.98387329e+02,
    5.91420959e+02, 5.95294861e+02 ]
