%YAML:1.0
---
points: [ 3.25931396e+02, 1.09937134e+02, 4.15202698e+02, 1.32275253e+02,
    4.96064941e+02, 1.52141846e+02, 5.68909424e+02, 1.70180435e+02,
    6.35419250e+02, 1.86484848e+02, 3.26368256e+02, 1.96307968e+02,
    4.14939667e+02, 2.13529953e+02, 4.95313477e+02, 2.29267883e+02,
    5.68047485e+02, 2.43438126e+02, 6.34338318e+02, 2.56115051e+02,
    3.26895203e+02, 2.81340363e+02, 4.15233643e+02, 2.93760986e+02,
    4.95166748e+02, 3.05286377e+02, 5.67362671e+02, 3.15511719e+02,
    6.33538330e+02, 3.24785706e+02, 3.27780518e+02, 3.65276672e+02,
    4.15698853e+02, 3.73116119e+02, 4.95177582e+02, 3.80460785e+02,
    5.66936829e+02, 3.86897430e+02, 6.32779602e+02, 3.92753876e+02,
    3.28640076e+02, 4.47551331e+02, 4.16176544e+02, 4.50990417e+02,
    4.95231628e+02, 4.54261597e+02, 5.66642944e+02, 4.56960114e+02,
    6.32168030e+02, 4.59663818e+02, 3.29655396e+02, 5.28768494e+02,
    4.16834259e+02, 5.27863770e+02, 4.95513733e+02, 5.27033447e+02,
    5.66510742e+02, 5.26257141e+02, 6.31587036e+02, 5.25553101e+02,
    3.30846252e+02, 6.09022522e+02, 4.17463623e+02, 6.03674866e+02,
    4.95731781e+02, 5.98856506e+02, 5.66382019e+02, 5.94709045e+02,
    6.31028687e+02, 5.91036987e+02 ]
