%YAML:1.0
---
points: [ 4.38400513e+02, 1.28135361e+02, 5.06532684e+02, 1.51897125e+02,
    5.67425537e+02, 1.72757858e+02, 6.21906006e+02, 1.91475143e+02,
    6.71101440e+02, 2.08227951e+02, 4.36797546e+02, 2.10573959e+02,
    5.04649994e+02, 2.29023911e+02, 5.65430664e+02, 2.45298080e+02,
    6.19777649e+02, 2.59839691e+02, 6.69073547e+02, 2.72706360e+02,
    4.35751648e+02, 2.91883942e+02, 5.03548279e+02, 3.05224091e+02,
    5.64257080e+02, 3.17076385e+02, 6.18278198e+02, 3.27412628e+02,
    6.67461182e+02, 3.36581451e+02, 4.35047760e+02, 3.72342377e+02,
    5.02696503e+02, 3.80643616e+02, 5.63192627e+02, 3.87662628e+02,
    6.17100830e+02, 3.94133392e+02, 6.65999512e+02, 3.99831848e+02,
    4.34701141e+02, 4.51553253e+02, 5.02074554e+02, 4.54746582e+02,
    5.62228027e+02, 4.57402588e+02, 6.16094360e+02, 4.59929596e+02,
    6.64751770e+02, 4.62112610e+02, 4.34378113e+02, 5.29536377e+02,
    5.01686371e+02, 5.27963806e+02, 5.61615845e+02, 5.26365540e+02,
    6.15268677e+02, 5.24928894e+02, 6.63786438e+02, 5.23750183e+02,
    4.34409058e+02, 6.06867676e+02, 5.01547546e+02, 6.00282288e+02,
    5.61287842e+02, 5.94526672e+02, 6.14549255e+02, 5.89351868e+02,
    6.62766113e+02, 5.84854187e+02 ]
