%YAML:1.0
---
points: [ 5.38274902e+02, 1.50150024e+02, 5.86843262e+02, 1.73706024e+02,
    6.30506226e+02, 1.94578888e+02, 6.69665466e+02, 2.13150696e+02,
    7.05194885e+02, 2.29596329e+02, 5.34021973e+02, 2.27428192e+02,
    5.82690918e+02, 2.45996948e+02, 6.26523376e+02, 2.62524475e+02,
    6.65740540e+02, 2.76840973e+02, 7.01574463e+02, 2.89934814e+02,
    5.30576721e+02, 3.04150604e+02, 5.79570190e+02, 3.17804596e+02,
    6.23375549e+02, 3.29712891e+02, 6.62585693e+02, 3.40357422e+02,
    6.98440552e+02, 3.49872955e+02, 5.27554993e+02, 3.80398071e+02,
    5.76501587e+02, 3.88700195e+02, 6.20383240e+02, 3.96528839e+02,
    6.59711426e+02, 4.03265106e+02, 6.95604919e+02, 4.09331573e+02,
    5.24569946e+02, 4.55132080e+02, 5.73786621e+02, 4.59108826e+02,
    6.17622314e+02, 4.62267181e+02, 6.57139771e+02, 4.65454346e+02,
    6.92828125e+02, 4.68166687e+02, 5.22091858e+02, 5.29316956e+02,
    5.71391785e+02, 5.28539673e+02, 6.15532349e+02, 5.27650696e+02,
    6.54857727e+02, 5.27095398e+02, 6.90591125e+02, 5.26471863e+02,
    5.19745239e+02, 6.02882324e+02, 5.69427856e+02, 5.97462585e+02,
    6.13462097e+02, 5.92461121e+02, 6.52879578e+02, 5.88164429e+02,
    6.88342163e+02, 5.84443176e+02 ]
