%YAML:1.0
---
points: [ 4.46487549e+02, 1.01973065e+03, 3.79460327e+02, 1.02072552e+03,
    3.12672943e+02, 1.02194434e+03, 2.46311966e+02, 1.02299622e+03,
    1.80502182e+02, 1.02392096e+03, 4.42716766e+02, 9.52642578e+02,
    3.75426300e+02, 9.53746338e+02, 3.08490326e+02, 9.55024414e+02,
    2.41662582e+02, 9.56370789e+02, 1.75525040e+02, 9.57615234e+02,
    4.38713623e+02, 8.85082581e+02, 3.71189697e+02, 8.86290649e+02,
    3.03967804e+02, 8.87690186e+02, 2.36719803e+02, 8.89501221e+02,
    1.69843307e+02, 8.91127991e+02, 4.34419067e+02, 8.17148682e+02,
    3.66652740e+02, 8.18515930e+02, 2.99148987e+02, 8.20296265e+02,
    2.31402939e+02, 8.22132202e+02, 1.64201721e+02, 8.23875427e+02,
    4.29922546e+02, 7.48656372e+02, 3.61738190e+02, 7.50300293e+02,
    2.93830017e+02, 7.52153809e+02, 2.25866913e+02, 7.54263000e+02,
    1.58154999e+02, 7.55949219e+02, 4.25234497e+02, 6.79798828e+02,
    3.56522980e+02, 6.81725952e+02, 2.88387512e+02, 6.83676575e+02,
    2.19910065e+02, 6.85884338e+02, 1.51665833e+02, 6.87902466e+02,
    4.19872467e+02, 6.10677795e+02, 3.50694855e+02, 6.12761536e+02,
    2.82058502e+02, 6.14948547e+02, 2.13333359e+02, 6.17257019e+02,
    1.44708893e+02, 6.19376587e+02 ]
