%YAML:1.0
---
points: [ 3.77205811e+02, 1.02727905e+03, 3.12016479e+02, 1.02862268e+03,
    2.47283096e+02, 1.02992114e+03, 1.83016663e+02, 1.03146777e+03,
    1.19460526e+02, 1.03298328e+03, 3.71967712e+02, 9.60338989e+02,
    3.06576355e+02, 9.61944336e+02, 2.41717850e+02, 9.63788574e+02,
    1.77038101e+02, 9.65532471e+02, 1.13234192e+02, 9.67206055e+02,
    3.66580811e+02, 8.93116516e+02, 3.01208435e+02, 8.95242371e+02,
    2.35785538e+02, 8.97217468e+02, 1.70856934e+02, 8.99390686e+02,
    1.06448875e+02, 9.01671997e+02, 3.60835632e+02, 8.25574768e+02,
    2.95157532e+02, 8.27915771e+02, 2.29489731e+02, 8.30267822e+02,
    1.64273849e+02, 8.32783508e+02, 9.94302216e+01, 8.35236694e+02,
    3.54949799e+02, 7.57563721e+02, 2.88676727e+02, 7.60259216e+02,
    2.23042938e+02, 7.62773621e+02, 1.57236710e+02, 7.65672607e+02,
    9.19783173e+01, 7.68359375e+02, 3.48822784e+02, 6.89259583e+02,
    2.81939240e+02, 6.92192322e+02, 2.16112213e+02, 6.95160889e+02,
    1.49924454e+02, 6.98069275e+02, 8.44348068e+01, 7.01230103e+02,
    3.41847137e+02, 6.20595459e+02, 2.74846649e+02, 6.23788818e+02,
    2.08214050e+02, 6.27143555e+02, 1.42121201e+02, 6.30224792e+02,
    7.61101608e+01, 6.33585510e+02 ]
