%YAML:1.0
---
points: [ 2.18617111e+02, 6.32601257e+02, 2.86501465e+02, 6.32806091e+02,
    3.54492554e+02, 6.33023743e+02, 4.22483215e+02, 6.33256287e+02,
    4.90838623e+02, 6.33547119e+02, 2.23571945e+02, 7.00326965e+02,
    2.91051666e+02, 7.00498718e+02, 3.58684784e+02, 7.00831360e+02,
    4.25932953e+02, 7.01294861e+02, 4.93718719e+02, 7.01749451e+02,
    2.27912109e+02, 7.67382080e+02, 2.94947845e+02, 7.67670776e+02,
    3.61992676e+02, 7.68255005e+02, 4.28915497e+02, 7.68880005e+02,
    4.96324158e+02, 7.69610291e+02, 2.31920975e+02, 8.34078369e+02,
    2.98364655e+02, 8.34653503e+02, 3.65131012e+02, 8.35312683e+02,
    4.31816406e+02, 8.36107666e+02, 4.98486603e+02, 8.37158508e+02,
    2.35545105e+02, 9.00252625e+02, 3.01707855e+02, 9.01080933e+02,
    3.67923920e+02, 9.01843323e+02, 4.34082153e+02, 9.02778320e+02,
    5.00662201e+02, 9.04067505e+02, 2.39248901e+02, 9.65570740e+02,
    3.04579254e+02, 9.66582825e+02, 3.70413116e+02, 9.67751160e+02,
    4.36170197e+02, 9.69163208e+02, 5.02397552e+02, 9.70531189e+02,
    2.42439743e+02, 1.03053748e+03, 3.07097839e+02, 1.03207959e+03,
    3.72502777e+02, 1.03356091e+03, 4.38156647e+02, 1.03492505e+03,
    5.04009491e+02, 1.03663184e+03 ]
