%YAML:1.0
---
points: [ 6.94318176e+02, 1.02442041e+03, 6.27096985e+02, 1.02412207e+03,
    5.60071106e+02, 1.02393121e+03, 4.92881592e+02, 1.02396851e+03,
    4.26104767e+02, 1.02405591e+03, 6.92615112e+02, 9.58271729e+02,
    6.25120178e+02, 9.58101379e+02, 5.58028809e+02, 9.58041077e+02,
    4.90476868e+02, 9.58245544e+02, 4.23156738e+02, 9.58489746e+02,
    6.90898499e+02, 8.91591187e+02, 6.23294983e+02, 8.91423218e+02,
    5.55603149e+02, 8.91608215e+02, 4.87633575e+02, 8.91966125e+02,
    4.19617004e+02, 8.92502808e+02, 6.89260071e+02, 8.24398071e+02,
    6.21189575e+02, 8.24401794e+02, 5.53169739e+02, 8.24719849e+02,
    4.84658997e+02, 8.25208496e+02, 4.16314728e+02, 8.25829346e+02,
    6.86945496e+02, 7.56747681e+02, 6.18543884e+02, 7.56881226e+02,
    5.50136841e+02, 7.57393005e+02, 4.81374573e+02, 7.57938171e+02,
    4.12378387e+02, 7.58705078e+02, 6.84991028e+02, 6.88771912e+02,
    6.15901855e+02, 6.89059326e+02, 5.47190125e+02, 6.89526428e+02,
    4.77672516e+02, 6.90224304e+02, 4.08241333e+02, 6.90861877e+02,
    6.82226868e+02, 6.20367554e+02, 6.12705505e+02, 6.20825256e+02,
    5.43423523e+02, 6.21315430e+02, 4.73666107e+02, 6.21847046e+02,
    4.03557465e+02, 6.22578918e+02 ]
