%YAML:1.0
---
points: [ 8.60415100e+02, 1.02733301e+03, 7.95661560e+02, 1.02932568e+03,
    7.31144165e+02, 1.03172131e+03, 6.66342896e+02, 1.03430408e+03,
    6.02128174e+02, 1.03704810e+03, 8.57215759e+02, 9.63279602e+02,
    7.92142273e+02, 9.65427185e+02, 7.27547607e+02, 9.67864014e+02,
    6.62602356e+02, 9.70658447e+02, 5.97763000e+02, 9.73600586e+02,
    8.53729980e+02, 8.98906250e+02, 7.88609314e+02, 9.01284241e+02,
    7.23678345e+02, 9.03878662e+02, 6.58655518e+02, 9.06907837e+02,
    5.93278564e+02, 9.10005432e+02, 8.50173035e+02, 8.34467041e+02,
    7.84897461e+02, 8.36906921e+02, 7.19594116e+02, 8.39566956e+02,
    6.54267456e+02, 8.42677307e+02, 5.88768738e+02, 8.45763245e+02,
    8.46493103e+02, 7.69656311e+02, 7.80845947e+02, 7.72057251e+02,
    7.15624695e+02, 7.75072632e+02, 6.49688782e+02, 7.78020630e+02,
    5.83909302e+02, 7.81354980e+02, 8.42647217e+02, 7.04518555e+02,
    7.76707275e+02, 7.07282166e+02, 7.11220398e+02, 7.10069519e+02,
    6.44917358e+02, 7.13231995e+02, 5.78749146e+02, 7.16615173e+02,
    8.38481140e+02, 6.39281433e+02, 7.72202881e+02, 6.42070801e+02,
    7.06367920e+02, 6.45093567e+02, 6.39664795e+02, 6.48239441e+02,
    5.73250000e+02, 6.51239075e+02 ]
