%YAML:1.0
---
points: [ 1.02086426e+03, 1.02717773e+03, 9.56449585e+02, 1.02824036e+03,
    8.92671753e+02, 1.02938635e+03, 8.29179260e+02, 1.03109058e+03,
    7.66028992e+02, 1.03303503e+03, 1.01777808e+03, 9.63695068e+02,
    9.53459656e+02, 9.64899963e+02, 8.89672668e+02, 9.66425476e+02,
    8.25945007e+02, 9.68382690e+02, 7.62588867e+02, 9.70491089e+02,
    1.01483606e+03, 9.00223389e+02, 9.50232483e+02, 9.01580566e+02,
    8.86246155e+02, 9.03329224e+02, 8.22437500e+02, 9.05502380e+02,
    7.58798767e+02, 9.07870178e+02, 1.01172888e+03, 8.36413818e+02,
    9.47142395e+02, 8.38063171e+02, 8.82727722e+02, 8.39918884e+02,
    8.18683716e+02, 8.42332031e+02, 7.54827393e+02, 8.44863708e+02,
    1.00868256e+03, 7.72259766e+02, 9.43608276e+02, 7.74346802e+02,
    8.79344238e+02, 7.76421875e+02, 8.14941223e+02, 7.78808350e+02,
    7.50756470e+02, 7.81502075e+02, 1.00564185e+03, 7.08044495e+02,
    9.40144348e+02, 7.10169617e+02, 8.75539062e+02, 7.12588867e+02,
    8.11018372e+02, 7.15011292e+02, 7.46471741e+02, 7.17897705e+02,
    1.00232544e+03, 6.43463928e+02, 9.36610657e+02, 6.45789612e+02,
    8.71503662e+02, 6.48476685e+02, 8.06614380e+02, 6.51123657e+02,
    7.41947876e+02, 6.53994385e+02 ]
