%YAML:1.0
---
points: [ 1.07800928e+03, 1.05674084e+03, 1.01309497e+03, 1.05767114e+03,
    9.48763000e+02, 1.05896033e+03, 8.84493103e+02, 1.06026123e+03,
    8.20575012e+02, 1.06187268e+03, 1.07581750e+03, 9.93757507e+02,
    1.01084106e+03, 9.94713806e+02, 9.46172485e+02, 9.96057434e+02,
    8.81558044e+02, 9.97630981e+02, 8.17488037e+02, 9.99545288e+02,
    1.07371790e+03, 9.30412415e+02, 1.00829803e+03, 9.31505859e+02,
    9.43601868e+02, 9.33061462e+02, 8.78739380e+02, 9.34711426e+02,
    8.14208252e+02, 9.37026367e+02, 1.07144397e+03, 8.66643433e+02,
    1.00593695e+03, 8.67992065e+02, 9.40725403e+02, 8.69604980e+02,
    8.75720764e+02, 8.71460754e+02, 8.10987427e+02, 8.73807739e+02,
    1.06942297e+03, 8.02502014e+02, 1.00329980e+03, 8.03871826e+02,
    9.38097961e+02, 8.05670654e+02, 8.72615662e+02, 8.07744141e+02,
    8.07404907e+02, 8.10034546e+02, 1.06726282e+03, 7.38145691e+02,
    1.00081842e+03, 7.39729248e+02, 9.34991211e+02, 7.41547363e+02,
    8.69374084e+02, 7.43686890e+02, 8.03719604e+02, 7.45965271e+02,
    1.06499915e+03, 6.72929749e+02, 9.98047913e+02, 6.75101135e+02,
    9.32052246e+02, 6.76980347e+02, 8.65678101e+02, 6.79338684e+02,
    7.99845276e+02, 6.81624573e+02 ]
