%YAML:1.0
---
points: [ 1.04495374e+03, 1.01070422e+03, 9.79692261e+02, 1.01185297e+03,
    9.14708069e+02, 1.01333264e+03, 8.49825806e+02, 1.01515973e+03,
    7.85390991e+02, 1.01722009e+03, 1.04264709e+03, 9.46250610e+02,
    9.77041870e+02, 9.47535156e+02, 9.12119812e+02, 9.49262878e+02,
    8.47124268e+02, 9.51145691e+02, 7.82332581e+02, 9.53421814e+02,
    1.04009521e+03, 8.81665466e+02, 9.74533691e+02, 8.83052368e+02,
    9.09343628e+02, 8.84884216e+02, 8.44215149e+02, 8.86852905e+02,
    7.79231873e+02, 8.89386658e+02, 1.03776721e+03, 8.17011780e+02,
    9.71778015e+02, 8.18505554e+02, 9.06501770e+02, 8.20397034e+02,
    8.41052124e+02, 8.22610046e+02, 7.75775513e+02, 8.25045837e+02,
    1.03510388e+03, 7.51766602e+02, 9.69197998e+02, 7.53742004e+02,
    9.03418762e+02, 7.55632690e+02, 8.37883179e+02, 7.58032043e+02,
    7.72306396e+02, 7.60420044e+02, 1.03266919e+03, 6.86485779e+02,
    9.66114563e+02, 6.88385254e+02, 9.00435059e+02, 6.90733337e+02,
    8.34322693e+02, 6.92925415e+02, 7.68622559e+02, 6.95579041e+02,
    1.03008643e+03, 6.20676514e+02, 9.63344604e+02, 6.23049011e+02,
    8.96977478e+02, 6.25360413e+02, 8.30705261e+02, 6.27846680e+02,
    7.64625793e+02, 6.30236450e+02 ]
