%YAML:1.0
---
points: [ 1.12145825e+03, 1.02359021e+03, 1.05620679e+03, 1.02571436e+03,
    9.91302124e+02, 1.02829333e+03, 9.26281067e+02, 1.03084131e+03,
    8.61283203e+02, 1.03404187e+03, 1.11916028e+03, 9.60025391e+02,
    1.05381665e+03, 9.62057373e+02, 9.88759094e+02, 9.64594788e+02,
    9.23491211e+02, 9.67327332e+02, 8.58438232e+02, 9.70517639e+02,
    1.11714575e+03, 8.96158752e+02, 1.05143384e+03, 8.98145325e+02,
    9.86128418e+02, 9.00735596e+02, 9.20628906e+02, 9.03559875e+02,
    8.55059875e+02, 9.06779114e+02, 1.11503381e+03, 8.31947571e+02,
    1.04899976e+03, 8.34063293e+02, 9.83467712e+02, 8.36620056e+02,
    9.17706299e+02, 8.39351196e+02, 8.52039612e+02, 8.42694092e+02,
    1.11279199e+03, 7.67095276e+02, 1.04656604e+03, 7.69591797e+02,
    9.80679932e+02, 7.72006592e+02, 9.14624817e+02, 7.75020996e+02,
    8.48588379e+02, 7.77879944e+02, 1.11089600e+03, 7.02225586e+02,
    1.04421094e+03, 7.04568420e+02, 9.77930359e+02, 7.07316101e+02,
    9.11515991e+02, 7.10000671e+02, 8.44959473e+02, 7.13068848e+02,
    1.10879639e+03, 6.36632202e+02, 1.04180042e+03, 6.39334778e+02,
    9.74987549e+02, 6.41986572e+02, 9.08144958e+02, 6.44767517e+02,
    8.41327637e+02, 6.47515259e+02 ]
