%YAML:1.0
---
points: [ 1.24835767e+03, 1.03457861e+03, 1.18399585e+03, 1.03904102e+03,
    1.11956958e+03, 1.04350757e+03, 1.05487366e+03, 1.04843811e+03,
    9.90348755e+02, 1.05353467e+03, 1.24555078e+03, 9.71577881e+02,
    1.18092249e+03, 9.75594177e+02, 1.11650610e+03, 9.80111938e+02,
    1.05167480e+03, 9.84689270e+02, 9.86671448e+02, 9.89716370e+02,
    1.24290210e+03, 9.08180786e+02, 1.17796118e+03, 9.12038696e+02,
    1.11315015e+03, 9.16307129e+02, 1.04829822e+03, 9.20892822e+02,
    9.83171936e+02, 9.25815247e+02, 1.24026379e+03, 8.44252869e+02,
    1.17505359e+03, 8.48200195e+02, 1.11020776e+03, 8.52350891e+02,
    1.04485901e+03, 8.56673950e+02, 9.79603943e+02, 8.61548706e+02,
    1.23768616e+03, 7.80047180e+02, 1.17210803e+03, 7.83809814e+02,
    1.10688452e+03, 7.87875610e+02, 1.04156909e+03, 7.92344727e+02,
    9.75877441e+02, 7.96949158e+02, 1.23530981e+03, 7.15452332e+02,
    1.16948059e+03, 7.19211182e+02, 1.10390747e+03, 7.23381409e+02,
    1.03814148e+03, 7.27676880e+02, 9.72351624e+02, 7.32245544e+02,
    1.23302917e+03, 6.50438843e+02, 1.16689221e+03, 6.54461792e+02,
    1.10115771e+03, 6.58497253e+02, 1.03472693e+03, 6.62594421e+02,
    9.68571533e+02, 6.66775330e+02 ]
