%YAML:1.0
---
points: [ 1.22228650e+03, 9.86653992e+02, 1.15778369e+03, 9.91216858e+02,
    1.09307385e+03, 9.95798828e+02, 1.02802502e+03, 1.00087598e+03,
    9.62855286e+02, 1.00606073e+03, 1.21951318e+03, 9.22736511e+02,
    1.15470496e+03, 9.26764282e+02, 1.09007922e+03, 9.31158203e+02,
    1.02475391e+03, 9.35899719e+02, 9.59440430e+02, 9.41049255e+02,
    1.21674438e+03, 8.58451721e+02, 1.15171936e+03, 8.62163269e+02,
    1.08677332e+03, 8.66448181e+02, 1.02161243e+03, 8.71148926e+02,
    9.55986572e+02, 8.76134277e+02, 1.21406274e+03, 7.93758179e+02,
    1.14888879e+03, 7.97579285e+02, 1.08386743e+03, 8.01861023e+02,
    1.01836816e+03, 8.06323242e+02, 9.52639282e+02, 8.10992554e+02,
    1.21157996e+03, 7.28948425e+02, 1.14616724e+03, 7.32885498e+02,
    1.08086218e+03, 7.36765625e+02, 1.01529669e+03, 7.40959351e+02,
    9.49171204e+02, 7.45308289e+02, 1.20914685e+03, 6.64019836e+02,
    1.14349414e+03, 6.67532776e+02, 1.07801660e+03, 6.71446594e+02,
    1.01198236e+03, 6.75499329e+02, 9.45625549e+02, 6.79708191e+02,
    1.20689380e+03, 5.98451294e+02, 1.14109521e+03, 6.02143555e+02,
    1.07517493e+03, 6.05822693e+02, 1.00871814e+03, 6.09624146e+02,
    9.42166565e+02, 6.13441833e+02 ]
