%YAML:1.0
---
points: [ 1.27743311e+03, 9.56861084e+02, 1.21383081e+03, 9.61859497e+02,
    1.15036230e+03, 9.67111755e+02, 1.08647327e+03, 9.72587708e+02,
    1.02223260e+03, 9.78436096e+02, 1.27297534e+03, 8.92076294e+02,
    1.20945935e+03, 8.96775574e+02, 1.14607239e+03, 9.01892395e+02,
    1.08215747e+03, 9.07215088e+02, 1.01825690e+03, 9.12596497e+02,
    1.26851379e+03, 8.27751404e+02, 1.20521094e+03, 8.32331116e+02,
    1.14183459e+03, 8.37051758e+02, 1.07821594e+03, 8.42096558e+02,
    1.01418066e+03, 8.47278748e+02, 1.26424573e+03, 7.63662292e+02,
    1.20086511e+03, 7.67882263e+02, 1.13770898e+03, 7.72489929e+02,
    1.07409338e+03, 7.77254333e+02, 1.01037683e+03, 7.82369202e+02,
    1.26003174e+03, 6.99461731e+02, 1.19661292e+03, 7.03746155e+02,
    1.13356201e+03, 7.08177246e+02, 1.07005139e+03, 7.12818298e+02,
    1.00622540e+03, 7.17421753e+02, 1.25611255e+03, 6.35717041e+02,
    1.19276282e+03, 6.39777161e+02, 1.12961169e+03, 6.44186707e+02,
    1.06610388e+03, 6.48391785e+02, 1.00232556e+03, 6.52718445e+02,
    1.25244055e+03, 5.72193359e+02, 1.18922290e+03, 5.76067200e+02,
    1.12611548e+03, 5.80125488e+02, 1.06240613e+03, 5.84105469e+02,
    9.98243835e+02, 5.88016602e+02 ]
