%YAML:1.0
---
points: [ 1.60039417e+03, 9.70385010e+02, 1.54849036e+03, 9.77838989e+02,
    1.49620972e+03, 9.85712646e+02, 1.44285974e+03, 9.93810181e+02,
    1.38915515e+03, 1.00218988e+03, 1.59749292e+03, 9.14115234e+02,
    1.54538794e+03, 9.21316223e+02, 1.49269385e+03, 9.28619324e+02,
    1.43938220e+03, 9.36085938e+02, 1.38553467e+03, 9.43976929e+02,
    1.59495386e+03, 8.57812805e+02, 1.54256177e+03, 8.64449890e+02,
    1.48971997e+03, 8.71198242e+02, 1.43619385e+03, 8.78277832e+02,
    1.38213000e+03, 8.85636719e+02, 1.59243604e+03, 8.01322693e+02,
    1.53968933e+03, 8.07424805e+02, 1.48661523e+03, 8.13647766e+02,
    1.43308289e+03, 8.20280945e+02, 1.37910779e+03, 8.27293701e+02,
    1.59022021e+03, 7.44325500e+02, 1.53726855e+03, 7.50035767e+02,
    1.48404407e+03, 7.55772461e+02, 1.43024927e+03, 7.62029297e+02,
    1.37587988e+03, 7.68347961e+02, 1.58812390e+03, 6.87299500e+02,
    1.53483301e+03, 6.92559265e+02, 1.48148145e+03, 6.97999695e+02,
    1.42756531e+03, 7.03555969e+02, 1.37326892e+03, 7.09496643e+02,
    1.58642468e+03, 6.29907776e+02, 1.53322705e+03, 6.34951538e+02,
    1.47963708e+03, 6.40009338e+02, 1.42541846e+03, 6.45242004e+02,
    1.37060669e+03, 6.50457336e+02 ]
