%YAML:1.0
---
points: [ 1.78094727e+03, 9.33603027e+02, 1.72526880e+03, 9.40278198e+02,
    1.66934717e+03, 9.47465088e+02, 1.61267700e+03, 9.54577209e+02,
    1.55599500e+03, 9.61552673e+02, 1.77464172e+03, 8.74378357e+02,
    1.71844897e+03, 8.80930115e+02, 1.66251270e+03, 8.87415649e+02,
    1.60610767e+03, 8.94269470e+02, 1.54932874e+03, 9.01211182e+02,
    1.76812256e+03, 8.15018860e+02, 1.71208191e+03, 8.21458435e+02,
    1.65573462e+03, 8.27855957e+02, 1.59952563e+03, 8.34337769e+02,
    1.54304272e+03, 8.40746216e+02, 1.76194971e+03, 7.56119568e+02,
    1.70567627e+03, 7.62174561e+02, 1.64956531e+03, 7.68366699e+02,
    1.59329065e+03, 7.74544189e+02, 1.53679272e+03, 7.80881897e+02,
    1.75573975e+03, 6.97191833e+02, 1.69963904e+03, 7.02972168e+02,
    1.64351746e+03, 7.08787659e+02, 1.58705896e+03, 7.14794067e+02,
    1.53062158e+03, 7.20847900e+02, 1.74993848e+03, 6.38460693e+02,
    1.69379407e+03, 6.44136780e+02, 1.63764819e+03, 6.49700317e+02,
    1.58117249e+03, 6.55355591e+02, 1.52482861e+03, 6.61194641e+02,
    1.74453796e+03, 5.79985779e+02, 1.68862683e+03, 5.85466919e+02,
    1.63246594e+03, 5.90842346e+02, 1.57581604e+03, 5.96383911e+02,
    1.51946277e+03, 6.01669312e+02 ]
