%YAML:1.0
---
points: [ 9.33704834e+02, 4.49310760e+02, 9.36717957e+02, 4.93938965e+02,
    9.39358521e+02, 5.38476868e+02, 9.42164917e+02, 5.82593689e+02,
    9.44730957e+02, 6.26714294e+02, 8.89239685e+02, 4.51632935e+02,
    8.92118591e+02, 4.96697540e+02, 8.95112793e+02, 5.40950378e+02,
    8.97725037e+02, 5.85429382e+02, 9.00774536e+02, 6.29341797e+02,
    8.44441833e+02, 4.54345886e+02, 8.47614197e+02, 4.99238037e+02,
    8.50468445e+02, 5.43818665e+02, 8.53500000e+02, 5.87993774e+02,
    8.56372803e+02, 6.32186523e+02, 7.99500061e+02, 4.56680084e+02,
    8.02598694e+02, 5.01903748e+02, 8.05855652e+02, 5.46324585e+02,
    8.08739563e+02, 5.90932068e+02, 8.11817932e+02, 6.34786072e+02,
    7.54206360e+02, 4.59396454e+02, 7.57490234e+02, 5.04410095e+02,
    7.60627808e+02, 5.49198425e+02, 7.63961243e+02, 5.93500000e+02,
    7.66762207e+02, 6.37917419e+02, 7.08494995e+02, 4.61775146e+02,
    7.12044434e+02, 5.07177429e+02, 7.15571106e+02, 5.51637573e+02,
    7.18576477e+02, 5.96543030e+02, 7.21863098e+02, 6.40667114e+02,
    6.62622925e+02, 4.64487000e+02, 6.66309875e+02, 5.09610138e+02,
    6.69791565e+02, 5.54646423e+02, 6.73281616e+02, 5.99351257e+02,
    6.76400452e+02, 6.43975098e+02 ]
