%YAML:1.0
---
points: [ 1.67657910e+03, 4.08979584e+02, 1.72215637e+03, 4.08914703e+02,
    1.76783350e+03, 4.08806488e+02, 1.81315051e+03, 4.08744110e+02,
    1.85864978e+03, 4.08667114e+02, 1.67410071e+03, 4.57172424e+02,
    1.71925366e+03, 4.56879242e+02, 1.76465076e+03, 4.56687012e+02,
    1.81027734e+03, 4.56433807e+02, 1.85559924e+03, 4.56289246e+02,
    1.67143469e+03, 5.05192444e+02, 1.71675220e+03, 5.04758850e+02,
    1.76235132e+03, 5.04338531e+02, 1.80741980e+03, 5.04039856e+02,
    1.85298279e+03, 5.03702728e+02, 1.66931287e+03, 5.52829102e+02,
    1.71455017e+03, 5.52332581e+02, 1.75977271e+03, 5.51743958e+02,
    1.80498584e+03, 5.51355896e+02, 1.85022278e+03, 5.50912659e+02,
    1.66733838e+03, 6.00025208e+02, 1.71240393e+03, 5.99446899e+02,
    1.75764014e+03, 5.98810974e+02, 1.80257544e+03, 5.98322815e+02,
    1.84793372e+03, 5.97797302e+02, 1.66544543e+03, 6.46810303e+02,
    1.71058118e+03, 6.46219238e+02, 1.75567871e+03, 6.45550964e+02,
    1.80075854e+03, 6.44971741e+02, 1.84570923e+03, 6.44417908e+02,
    1.66388647e+03, 6.93620300e+02, 1.70886560e+03, 6.92800842e+02,
    1.75413342e+03, 6.92085205e+02, 1.79894141e+03, 6.91436096e+02,
    1.84349683e+03, 6.90660889e+02 ]
