%YAML:1.0
---
points: [ 1.58208984e+03, 4.08105804e+02, 1.62815393e+03, 4.08321777e+02,
    1.67443372e+03, 4.08413055e+02, 1.72055420e+03, 4.08558380e+02,
    1.76667639e+03, 4.08674652e+02, 1.57958423e+03, 4.56292023e+02,
    1.62547717e+03, 4.56319031e+02, 1.67140027e+03, 4.56379486e+02,
    1.71746875e+03, 4.56387909e+02, 1.76383850e+03, 4.56448669e+02,
    1.57719849e+03, 5.04094116e+02, 1.62297351e+03, 5.04118256e+02,
    1.66905188e+03, 5.03976257e+02, 1.71501367e+03, 5.03986633e+02,
    1.76116284e+03, 5.03878265e+02, 1.57516162e+03, 5.51803040e+02,
    1.62097009e+03, 5.51613220e+02, 1.66674292e+03, 5.51491150e+02,
    1.71246765e+03, 5.51388977e+02, 1.75870068e+03, 5.51269104e+02,
    1.57332886e+03, 5.99059204e+02, 1.61888440e+03, 5.98769043e+02,
    1.66466772e+03, 5.98535034e+02, 1.71047070e+03, 5.98356812e+02,
    1.75638257e+03, 5.98215332e+02, 1.57157239e+03, 6.45998413e+02,
    1.61726050e+03, 6.45691345e+02, 1.66304443e+03, 6.45399902e+02,
    1.70851160e+03, 6.45122437e+02, 1.75431995e+03, 6.44903625e+02,
    1.57009021e+03, 6.92775024e+02, 1.61570557e+03, 6.92404358e+02,
    1.66137598e+03, 6.91971497e+02, 1.70678369e+03, 6.91633606e+02,
    1.75242126e+03, 6.91384094e+02 ]
