%YAML:1.0
---
points: [ 1.63298450e+03, 6.94212219e+02, 1.58374451e+03, 6.93691711e+02,
    1.53497681e+03, 6.93281006e+02, 1.48652747e+03, 6.92970093e+02,
    1.43867029e+03, 6.92554260e+02, 1.63459973e+03, 6.47703979e+02,
    1.58523047e+03, 6.47439026e+02, 1.53639221e+03, 6.47179810e+02,
    1.48770166e+03, 6.46941833e+02, 1.43968591e+03, 6.46753723e+02,
    1.63658838e+03, 6.00932007e+02, 1.58673608e+03, 6.00855469e+02,
    1.53769995e+03, 6.00821594e+02, 1.48907324e+03, 6.00859375e+02,
    1.44101135e+03, 6.00847961e+02, 1.63852344e+03, 5.53813660e+02,
    1.58855994e+03, 5.53975891e+02, 1.53931628e+03, 5.54124329e+02,
    1.49052808e+03, 5.54321777e+02, 1.44243152e+03, 5.54468201e+02,
    1.64066772e+03, 5.06237579e+02, 1.59052173e+03, 5.06595276e+02,
    1.54119299e+03, 5.06928802e+02, 1.49204236e+03, 5.07347504e+02,
    1.44376428e+03, 5.07559692e+02, 1.64296924e+03, 4.58380463e+02,
    1.59253174e+03, 4.58792267e+02, 1.54311707e+03, 4.59466827e+02,
    1.49387830e+03, 4.59928925e+02, 1.44534180e+03, 4.60444244e+02,
    1.64544739e+03, 4.10002563e+02, 1.59522156e+03, 4.10902924e+02,
    1.54536108e+03, 4.11663361e+02, 1.49600928e+03, 4.12427246e+02,
    1.44724536e+03, 4.12936707e+02 ]
