%YAML:1.0
---
points: [ 1.53713220e+03, 6.92799377e+02, 1.48751086e+03, 6.91961975e+02,
    1.43864844e+03, 6.91279236e+02, 1.39046375e+03, 6.90444275e+02,
    1.34303113e+03, 6.89712280e+02, 1.53839954e+03, 6.46517700e+02,
    1.48858887e+03, 6.45929504e+02, 1.43953809e+03, 6.45404968e+02,
    1.39122400e+03, 6.44894958e+02, 1.34364062e+03, 6.44486816e+02,
    1.53968176e+03, 6.00078003e+02, 1.48980078e+03, 5.99695862e+02,
    1.44063135e+03, 5.99424561e+02, 1.39206982e+03, 5.99151245e+02,
    1.34435535e+03, 5.99014221e+02, 1.54147864e+03, 5.53220520e+02,
    1.49114331e+03, 5.53216309e+02, 1.44190845e+03, 5.53249023e+02,
    1.39310132e+03, 5.53287964e+02, 1.34527942e+03, 5.53429932e+02,
    1.54303284e+03, 5.05820648e+02, 1.49248596e+03, 5.06216492e+02,
    1.44314380e+03, 5.06476227e+02, 1.39436780e+03, 5.06826538e+02,
    1.34629541e+03, 5.07202148e+02, 1.54480603e+03, 4.58387177e+02,
    1.49422717e+03, 4.58788086e+02, 1.44449438e+03, 4.59491699e+02,
    1.39555042e+03, 4.60085449e+02, 1.34738989e+03, 4.60593048e+02,
    1.54687268e+03, 4.10254608e+02, 1.49609595e+03, 4.11353210e+02,
    1.44622510e+03, 4.12251556e+02, 1.39695837e+03, 4.13083160e+02,
    1.34855811e+03, 4.13774994e+02 ]
