%YAML:1.0
---
points: [ 1.41012134e+03, 6.90576538e+02, 1.36277478e+03, 6.90244812e+02,
    1.31597791e+03, 6.89942871e+02, 1.26936780e+03, 6.89753784e+02,
    1.22313647e+03, 6.89607422e+02, 1.41093970e+03, 6.44544067e+02,
    1.36352368e+03, 6.44358765e+02, 1.31656580e+03, 6.44162476e+02,
    1.26984399e+03, 6.44099731e+02, 1.22360730e+03, 6.44035217e+02,
    1.41190479e+03, 5.98252930e+02, 1.36431665e+03, 5.98147583e+02,
    1.31715796e+03, 5.98114746e+02, 1.27044214e+03, 5.98153625e+02,
    1.22416089e+03, 5.98125183e+02, 1.41293884e+03, 5.51712280e+02,
    1.36518042e+03, 5.51698608e+02, 1.31803076e+03, 5.51774231e+02,
    1.27118823e+03, 5.51830383e+02, 1.22476843e+03, 5.51902771e+02,
    1.41427881e+03, 5.04936340e+02, 1.36630005e+03, 5.05075897e+02,
    1.31898230e+03, 5.05244904e+02, 1.27198108e+03, 5.05446564e+02,
    1.22551184e+03, 5.05519073e+02, 1.41573853e+03, 4.57893646e+02,
    1.36763171e+03, 4.58196564e+02, 1.32025220e+03, 4.58470917e+02,
    1.27299365e+03, 4.58666168e+02, 1.22637219e+03, 4.58783966e+02,
    1.41732947e+03, 4.10524872e+02, 1.36918042e+03, 4.10926605e+02,
    1.32153979e+03, 4.11379456e+02, 1.27420410e+03, 4.11657166e+02,
    1.22719214e+03, 4.11819641e+02 ]
