%YAML:1.0
---
points: [ 1.29202795e+03, 6.87809814e+02, 1.24553003e+03, 6.87395020e+02,
    1.19959998e+03, 6.87064758e+02, 1.15373804e+03, 6.86781921e+02,
    1.10831348e+03, 6.86513306e+02, 1.29262073e+03, 6.42456604e+02,
    1.24606689e+03, 6.42068604e+02, 1.20006812e+03, 6.41809570e+02,
    1.15413684e+03, 6.41582092e+02, 1.10853296e+03, 6.41459045e+02,
    1.29329126e+03, 5.96786987e+02, 1.24656323e+03, 5.96561890e+02,
    1.20043079e+03, 5.96502563e+02, 1.15440137e+03, 5.96438354e+02,
    1.10875134e+03, 5.96364563e+02, 1.29423621e+03, 5.50722534e+02,
    1.24723145e+03, 5.50732971e+02, 1.20086682e+03, 5.50691040e+02,
    1.15474011e+03, 5.50663452e+02, 1.10904309e+03, 5.50696838e+02,
    1.29508313e+03, 5.04527313e+02, 1.24784497e+03, 5.04598907e+02,
    1.20139050e+03, 5.04699982e+02, 1.15521851e+03, 5.04756500e+02,
    1.10934058e+03, 5.04807465e+02, 1.29590369e+03, 4.58157379e+02,
    1.24860840e+03, 4.58345856e+02, 1.20194299e+03, 4.58633209e+02,
    1.15554053e+03, 4.58700409e+02, 1.10960510e+03, 4.58845428e+02,
    1.29687439e+03, 4.11435669e+02, 1.24950122e+03, 4.11759796e+02,
    1.20265601e+03, 4.12106659e+02, 1.15613770e+03, 4.12404816e+02,
    1.11004895e+03, 4.12496185e+02 ]
