%YAML:1.0
---
points: [ 1.14652820e+03, 6.88975647e+02, 1.10024976e+03, 6.88343994e+02,
    1.05418420e+03, 6.87762878e+02, 1.00835248e+03, 6.87356079e+02,
    9.62988159e+02, 6.87002991e+02, 1.14700525e+03, 6.43235107e+02,
    1.10045984e+03, 6.42745544e+02, 1.05437988e+03, 6.42356384e+02,
    1.00844830e+03, 6.41958252e+02, 9.63063538e+02, 6.41646667e+02,
    1.14736304e+03, 5.97230957e+02, 1.10069714e+03, 5.96844543e+02,
    1.05450403e+03, 5.96607727e+02, 1.00847888e+03, 5.96399475e+02,
    9.62853516e+02, 5.96251343e+02, 1.14772656e+03, 5.50820496e+02,
    1.10102820e+03, 5.50611023e+02, 1.05464856e+03, 5.50497375e+02,
    1.00849695e+03, 5.50448303e+02, 9.62732605e+02, 5.50319336e+02,
    1.14817139e+03, 5.04136780e+02, 1.10128064e+03, 5.04176849e+02,
    1.05476221e+03, 5.04162750e+02, 1.00848621e+03, 5.04097656e+02,
    9.62581116e+02, 5.03996704e+02, 1.14856030e+03, 4.57402496e+02,
    1.10146533e+03, 4.57491547e+02, 1.05484436e+03, 4.57600067e+02,
    1.00844604e+03, 4.57654907e+02, 9.62435547e+02, 4.57728668e+02,
    1.14906067e+03, 4.10368835e+02, 1.10170093e+03, 4.10608490e+02,
    1.05499121e+03, 4.10923859e+02, 1.00839832e+03, 4.11188843e+02,
    9.62266235e+02, 4.11247681e+02 ]
