%YAML:1.0
---
points: [ 1.01281354e+03, 6.88593689e+02, 9.67208740e+02, 6.87827942e+02,
    9.22118713e+02, 6.87257996e+02, 8.76968201e+02, 6.86791138e+02,
    8.32407654e+02, 6.86294922e+02, 1.01280536e+03, 6.43178101e+02,
    9.67148254e+02, 6.42617615e+02, 9.21966980e+02, 6.42097900e+02,
    8.76713440e+02, 6.41645264e+02, 8.32001099e+02, 6.41232483e+02,
    1.01281451e+03, 5.97388977e+02, 9.67024475e+02, 5.96961792e+02,
    9.21726685e+02, 5.96737854e+02, 8.76380859e+02, 5.96476318e+02,
    8.31459229e+02, 5.96255371e+02, 1.01279712e+03, 5.51164795e+02,
    9.66763794e+02, 5.50966309e+02, 9.21430115e+02, 5.50867004e+02,
    8.75936218e+02, 5.50739380e+02, 8.30922424e+02, 5.50677612e+02,
    1.01272650e+03, 5.04736847e+02, 9.66595154e+02, 5.04774017e+02,
    9.21097961e+02, 5.04851471e+02, 8.75502319e+02, 5.04933075e+02,
    8.30204285e+02, 5.04824341e+02, 1.01264172e+03, 4.58356293e+02,
    9.66361206e+02, 4.58454681e+02, 9.20665100e+02, 4.58663330e+02,
    8.74910217e+02, 4.58826935e+02, 8.29390015e+02, 4.58987640e+02,
    1.01254663e+03, 4.11496643e+02, 9.66013367e+02, 4.11925720e+02,
    9.20185791e+02, 4.12264893e+02, 8.74275879e+02, 4.12554321e+02,
    8.28596558e+02, 4.12726471e+02 ]
