%YAML:1.0
---
points: [ 8.23523987e+02, 6.86374084e+02, 7.79299377e+02, 6.85606323e+02,
    7.35059937e+02, 6.84969177e+02, 6.91026306e+02, 6.84338379e+02,
    6.47307556e+02, 6.83751526e+02, 8.23214966e+02, 6.41268005e+02,
    7.78859985e+02, 6.40651611e+02, 7.34608765e+02, 6.40248596e+02,
    6.90516602e+02, 6.39766052e+02, 6.46583679e+02, 6.39458984e+02,
    8.22774292e+02, 5.96290466e+02, 7.78354675e+02, 5.95764221e+02,
    7.33976318e+02, 5.95480591e+02, 6.89848633e+02, 5.95228760e+02,
    6.45523499e+02, 5.94750977e+02, 8.22371216e+02, 5.50625000e+02,
    7.77635925e+02, 5.50468689e+02, 7.33353088e+02, 5.50291382e+02,
    6.88896973e+02, 5.50113159e+02, 6.44528015e+02, 5.49879761e+02,
    8.21723633e+02, 5.04815460e+02, 7.76875122e+02, 5.04777405e+02,
    7.32557373e+02, 5.04677429e+02, 6.87719543e+02, 5.04602173e+02,
    6.43394836e+02, 5.04495972e+02, 8.21210754e+02, 4.58940063e+02,
    7.76042419e+02, 4.59054901e+02, 7.31498169e+02, 4.59195953e+02,
    6.86606140e+02, 4.59183502e+02, 6.41964355e+02, 4.59190247e+02,
    8.20324646e+02, 4.12674347e+02, 7.75057434e+02, 4.12891357e+02,
    7.30124512e+02, 4.13159302e+02, 6.85229370e+02, 4.13325043e+02,
    6.40196167e+02, 4.13320435e+02 ]
