%YAML:1.0
---
points: [ 5.32310547e+02, 4.11721466e+02, 5.77878601e+02, 4.12140289e+02,
    6.23550110e+02, 4.12423401e+02, 6.69053162e+02, 4.12597046e+02,
    7.14603088e+02, 4.12778625e+02, 5.33949890e+02, 4.57834076e+02,
    5.79593872e+02, 4.58280884e+02, 6.24955383e+02, 4.58532410e+02,
    6.70218323e+02, 4.58763184e+02, 7.15620911e+02, 4.59104553e+02,
    5.35354492e+02, 5.03594086e+02, 5.80828796e+02, 5.03969330e+02,
    6.26222961e+02, 5.04338287e+02, 6.71138306e+02, 5.04654022e+02,
    7.16370850e+02, 5.05151398e+02, 5.36702881e+02, 5.49454407e+02,
    5.81710693e+02, 5.49697021e+02, 6.27082092e+02, 5.50136719e+02,
    6.71758789e+02, 5.50524353e+02, 7.16962158e+02, 5.50857056e+02,
    5.37741272e+02, 5.94612732e+02, 5.82729309e+02, 5.95137634e+02,
    6.27817505e+02, 5.95558960e+02, 6.72537354e+02, 5.95965088e+02,
    7.17390991e+02, 5.96505310e+02, 5.38663452e+02, 6.39594360e+02,
    5.83409424e+02, 6.40089844e+02, 6.28305115e+02, 6.40514832e+02,
    6.73013123e+02, 6.41106140e+02, 7.17692200e+02, 6.41645935e+02,
    5.39317261e+02, 6.84514832e+02, 5.83980042e+02, 6.85115601e+02,
    6.28525757e+02, 6.85501953e+02, 6.73302063e+02, 6.86166077e+02,
    7.17915955e+02, 6.86724792e+02 ]
