%YAML:1.0
---
points: [ 4.34043884e+02, 4.11238037e+02, 4.80914093e+02, 4.11678040e+02,
    5.27582458e+02, 4.12239075e+02, 5.73861877e+02, 4.12604492e+02,
    6.20026489e+02, 4.12979340e+02, 4.36090149e+02, 4.57416870e+02,
    4.82648712e+02, 4.57928253e+02, 5.29188538e+02, 4.58421539e+02,
    5.75246338e+02, 4.58716675e+02, 6.21357971e+02, 4.59254395e+02,
    4.37739929e+02, 5.03527863e+02, 4.84252472e+02, 5.03892151e+02,
    5.30526672e+02, 5.04339844e+02, 5.76348389e+02, 5.04686066e+02,
    6.22329346e+02, 5.05192474e+02, 4.39157501e+02, 5.49552368e+02,
    4.85587128e+02, 5.49823303e+02, 5.31815857e+02, 5.50274719e+02,
    5.77404724e+02, 5.50549255e+02, 6.23098755e+02, 5.50833618e+02,
    4.40351746e+02, 5.95153564e+02, 4.86550507e+02, 5.95470093e+02,
    5.32633667e+02, 5.95679565e+02, 5.78177979e+02, 5.96076721e+02,
    6.23607605e+02, 5.96458557e+02, 4.41530457e+02, 6.40313049e+02,
    4.87364655e+02, 6.40573792e+02, 5.33306580e+02, 6.40820312e+02,
    5.78755005e+02, 6.41219177e+02, 6.24172974e+02, 6.41512024e+02,
    4.42420532e+02, 6.85489380e+02, 4.87968750e+02, 6.85735840e+02,
    5.33681152e+02, 6.85996704e+02, 5.79287781e+02, 6.86276001e+02,
    6.24518799e+02, 6.86623169e+02 ]
