%YAML:1.0
---
points: [ 3.65889954e+02, 4.11458344e+02, 4.12688080e+02, 4.11833008e+02,
    4.59396057e+02, 4.12338440e+02, 5.05687744e+02, 4.12605042e+02,
    5.51950195e+02, 4.12932709e+02, 3.68250092e+02, 4.57699554e+02,
    4.14867188e+02, 4.58149963e+02, 4.61319397e+02, 4.58481415e+02,
    5.07407227e+02, 4.58719604e+02, 5.53512390e+02, 4.59151062e+02,
    3.70235260e+02, 5.03671600e+02, 4.16721771e+02, 5.04040283e+02,
    4.63112610e+02, 5.04347595e+02, 5.08830536e+02, 5.04640198e+02,
    5.54706848e+02, 5.05072266e+02, 3.71957703e+02, 5.49709656e+02,
    4.18270508e+02, 5.49951843e+02, 4.64462860e+02, 5.50281433e+02,
    5.10322815e+02, 5.50469543e+02, 5.55805664e+02, 5.50727966e+02,
    3.73465790e+02, 5.95336426e+02, 4.19580566e+02, 5.95528748e+02,
    4.65577942e+02, 5.95720459e+02, 5.11308716e+02, 5.95980896e+02,
    5.56649902e+02, 5.96340637e+02, 3.74894226e+02, 6.40400757e+02,
    4.20690399e+02, 6.40659119e+02, 4.66504242e+02, 6.40775391e+02,
    5.12125977e+02, 6.41109436e+02, 5.57548157e+02, 6.41356873e+02,
    3.75799072e+02, 6.85592407e+02, 4.21701202e+02, 6.85744934e+02,
    4.67236969e+02, 6.85919739e+02, 5.12675598e+02, 6.86159790e+02,
    5.58234680e+02, 6.86455933e+02 ]
