%YAML:1.0
---
points: [ 2.76846375e+02, 4.11744598e+02, 3.23154144e+02, 4.12120697e+02,
    3.69278290e+02, 4.12387207e+02, 4.15008179e+02, 4.12577087e+02,
    4.60903809e+02, 4.12776123e+02, 2.79573639e+02, 4.58019623e+02,
    3.25641296e+02, 4.58357269e+02, 3.71545135e+02, 4.58601501e+02,
    4.17281677e+02, 4.58768463e+02, 4.63113220e+02, 4.59119476e+02,
    2.81783020e+02, 5.03926453e+02, 3.27733429e+02, 5.04248718e+02,
    3.73690613e+02, 5.04522461e+02, 4.19051605e+02, 5.04734406e+02,
    4.64656342e+02, 5.05134705e+02, 2.84025208e+02, 5.49933716e+02,
    3.29566650e+02, 5.50195007e+02, 3.75356812e+02, 5.50412476e+02,
    4.20757935e+02, 5.50613647e+02, 4.66027679e+02, 5.50869141e+02,
    2.85770294e+02, 5.95450012e+02, 3.31477600e+02, 5.95686279e+02,
    3.76799957e+02, 5.95953064e+02, 4.22241547e+02, 5.96246582e+02,
    4.67323944e+02, 5.96557251e+02, 2.87470276e+02, 6.40488892e+02,
    3.32808105e+02, 6.40729919e+02, 3.78132843e+02, 6.41088074e+02,
    4.23239868e+02, 6.41375305e+02, 4.68428223e+02, 6.41693542e+02,
    2.88948120e+02, 6.85608582e+02, 3.33871582e+02, 6.85847351e+02,
    3.79252899e+02, 6.86208069e+02, 4.24091949e+02, 6.86526794e+02,
    4.69379761e+02, 6.86846863e+02 ]
