%YAML:1.0
---
points: [ 1.62851639e+02, 4.11613434e+02, 2.08748749e+02, 4.11932831e+02,
    2.54922958e+02, 4.12362762e+02, 3.00648804e+02, 4.12605469e+02,
    3.46511353e+02, 4.12938873e+02, 1.65549271e+02, 4.57616577e+02,
    2.11598602e+02, 4.58008850e+02, 2.57530029e+02, 4.58423737e+02,
    3.02904053e+02, 4.58685547e+02, 3.48660889e+02, 4.59108124e+02,
    1.68054901e+02, 5.03478119e+02, 2.13708832e+02, 5.03763275e+02,
    2.59594940e+02, 5.04222015e+02, 3.05028656e+02, 5.04508606e+02,
    3.50389191e+02, 5.04897644e+02, 1.70333313e+02, 5.49379700e+02,
    2.15919510e+02, 5.49616699e+02, 2.61423645e+02, 5.49916199e+02,
    3.06697418e+02, 5.50351990e+02, 3.51956390e+02, 5.50665527e+02,
    1.72219925e+02, 5.94567261e+02, 2.17753525e+02, 5.95001831e+02,
    2.63255005e+02, 5.95360107e+02, 3.08207672e+02, 5.95734436e+02,
    3.53395966e+02, 5.96279114e+02, 1.74236374e+02, 6.39659973e+02,
    2.19202240e+02, 6.40029236e+02, 2.64498474e+02, 6.40390808e+02,
    3.09399017e+02, 6.40745972e+02, 3.54465790e+02, 6.41270081e+02,
    1.75625320e+02, 6.84618286e+02, 2.20416672e+02, 6.85067322e+02,
    2.65420074e+02, 6.85449036e+02, 3.10499817e+02, 6.85831604e+02,
    3.55477356e+02, 6.86342285e+02 ]
