%YAML:1.0
---
points: [ 8.16482010e+01, 4.11650635e+02, 1.27640327e+02, 4.11905457e+02,
    1.73592270e+02, 4.12272736e+02, 2.19247162e+02, 4.12411255e+02,
    2.65155090e+02, 4.12657013e+02, 8.47153320e+01, 4.57689117e+02,
    1.30598083e+02, 4.58010773e+02, 1.76445114e+02, 4.58339203e+02,
    2.21915222e+02, 4.58543243e+02, 2.67531372e+02, 4.58836090e+02,
    8.73322449e+01, 5.03548828e+02, 1.33242676e+02, 5.03835052e+02,
    1.78768677e+02, 5.04149841e+02, 2.24205826e+02, 5.04376953e+02,
    2.69640839e+02, 5.04691223e+02, 8.99179230e+01, 5.49497009e+02,
    1.35311493e+02, 5.49674072e+02, 1.80946213e+02, 5.50019775e+02,
    2.26323837e+02, 5.50349243e+02, 2.71423553e+02, 5.50586609e+02,
    9.21066589e+01, 5.94807678e+02, 1.37576797e+02, 5.95190857e+02,
    1.82742157e+02, 5.95511108e+02, 2.28020996e+02, 5.95771851e+02,
    2.73087738e+02, 5.96236511e+02, 9.41683426e+01, 6.39931946e+02,
    1.39194672e+02, 6.40270691e+02, 1.84479568e+02, 6.40531250e+02,
    2.29430023e+02, 6.40863770e+02, 2.74561676e+02, 6.41317688e+02,
    9.60406342e+01, 6.85072083e+02, 1.40676270e+02, 6.85364746e+02,
    1.85695084e+02, 6.85599792e+02, 2.30645294e+02, 6.86028076e+02,
    2.75704254e+02, 6.86427368e+02 ]
