%YAML:1.0
---
points: [ 1.82386303e+01, 4.11630646e+02, 6.53896561e+01, 4.11911011e+02,
    1.12275650e+02, 4.12167725e+02, 1.58897964e+02, 4.12352997e+02,
    2.05612717e+02, 4.12529297e+02, 2.16360931e+01, 4.58130280e+02,
    6.87564926e+01, 4.58264099e+02, 1.15479042e+02, 4.58437592e+02,
    1.61683258e+02, 4.58560730e+02, 2.08049652e+02, 4.58723907e+02,
    2.46084518e+01, 5.04119537e+02, 7.14295425e+01, 5.04276367e+02,
    1.18038261e+02, 5.04373505e+02, 1.64361542e+02, 5.04579834e+02,
    2.10551697e+02, 5.04743256e+02, 2.75358219e+01, 5.50270935e+02,
    7.40328445e+01, 5.50340942e+02, 1.20487038e+02, 5.50446960e+02,
    1.66532684e+02, 5.50496216e+02, 2.12565292e+02, 5.50637878e+02,
    2.99293079e+01, 5.96070007e+02, 7.64120255e+01, 5.96117249e+02,
    1.22691826e+02, 5.96204529e+02, 1.68673645e+02, 5.96234741e+02,
    2.14459656e+02, 5.96398315e+02, 3.25665207e+01, 6.41247375e+02,
    7.84683609e+01, 6.41331055e+02, 1.24512535e+02, 6.41357727e+02,
    1.70419632e+02, 6.41469604e+02, 2.16329819e+02, 6.41567810e+02,
    3.44768028e+01, 6.86515930e+02, 8.03841476e+01, 6.86536621e+02,
    1.26208199e+02, 6.86630798e+02, 1.71888779e+02, 6.86668152e+02,
    2.17803299e+02, 6.86726135e+02 ]
