%YAML:1.0
---
points: [ 6.91239471e+01, 3.67287018e+02, 1.17554642e+02, 3.69994904e+02,
    1.65622635e+02, 3.72235168e+02, 2.13049988e+02, 3.74540649e+02,
    2.60446289e+02, 3.76552216e+02, 6.04630585e+01, 4.09469940e+02,
    1.09574318e+02, 4.11952362e+02, 1.58243790e+02, 4.14204254e+02,
    2.06045502e+02, 4.16209900e+02, 2.53860153e+02, 4.18084534e+02,
    5.14217873e+01, 4.52592163e+02, 1.01106544e+02, 4.54750061e+02,
    1.50104965e+02, 4.56578369e+02, 1.98361237e+02, 4.58485962e+02,
    2.46494446e+02, 4.60207642e+02, 4.21335106e+01, 4.96537628e+02,
    9.20258713e+01, 4.98343170e+02, 1.41605713e+02, 5.00153656e+02,
    1.90543549e+02, 5.01788849e+02, 2.39086243e+02, 5.03198700e+02,
    3.24815636e+01, 5.40842773e+02, 8.27402267e+01, 5.42703003e+02,
    1.32966370e+02, 5.44309082e+02, 1.82239716e+02, 5.45604919e+02,
    2.31313980e+02, 5.46821838e+02, 2.24414463e+01, 5.86450623e+02,
    7.32636719e+01, 5.87667542e+02, 1.23637360e+02, 5.89152954e+02,
    1.73585175e+02, 5.90401489e+02, 2.23179031e+02, 5.91448914e+02,
    1.19226952e+01, 6.32685608e+02, 6.32316132e+01, 6.33818909e+02,
    1.13949074e+02, 6.34821289e+02, 1.64612457e+02, 6.35854858e+02,
    2.14707611e+02, 6.36907532e+02 ]
