%YAML:1.0
---
points: [ 1.70799103e+01, 4.11018707e+02, 6.41193237e+01, 4.11540863e+02,
    1.10872116e+02, 4.12009796e+02, 1.57311157e+02, 4.12495422e+02,
    2.03723999e+02, 4.12962006e+02, 1.99190235e+01, 4.57273682e+02,
    6.69689255e+01, 4.57761749e+02, 1.13557251e+02, 4.58369537e+02,
    1.59851700e+02, 4.58783234e+02, 2.06350266e+02, 4.59332123e+02,
    2.28623199e+01, 5.03440155e+02, 6.94657669e+01, 5.03871063e+02,
    1.16027512e+02, 5.04358124e+02, 1.62027191e+02, 5.04880005e+02,
    2.08126740e+02, 5.05423950e+02, 2.53262081e+01, 5.49619934e+02,
    7.16551056e+01, 5.49977966e+02, 1.18098404e+02, 5.50454407e+02,
    1.64189194e+02, 5.50688965e+02, 2.10079514e+02, 5.51285950e+02,
    2.75965500e+01, 5.95294067e+02, 7.38537903e+01, 5.95770264e+02,
    1.20000862e+02, 5.96268372e+02, 1.65754089e+02, 5.96521790e+02,
    2.11675003e+02, 5.97033508e+02, 2.96657238e+01, 6.40603027e+02,
    7.56343613e+01, 6.41037292e+02, 1.21706116e+02, 6.41347534e+02,
    1.67249191e+02, 6.41757507e+02, 2.13025360e+02, 6.42339600e+02,
    3.15257263e+01, 6.85872437e+02, 7.71516800e+01, 6.86291138e+02,
    1.22834587e+02, 6.86665894e+02, 1.68667282e+02, 6.87052490e+02,
    2.14335159e+02, 6.87469727e+02 ]
