%YAML:1.0
---
points: [ 3.19240627e+01, 6.64254608e+01, 8.00379639e+01, 6.71391830e+01,
    1.27707504e+02, 6.75914307e+01, 1.74837585e+02, 6.80034332e+01,
    2.22034363e+02, 6.83512497e+01, 3.61127739e+01, 1.15127289e+02,
    8.40273056e+01, 1.15674171e+02, 1.31505127e+02, 1.16217247e+02,
    1.78288971e+02, 1.16592171e+02, 2.25286423e+02, 1.16826248e+02,
    3.99840813e+01, 1.63269485e+02, 8.74846115e+01, 1.63925278e+02,
    1.34655655e+02, 1.64372162e+02, 1.81482315e+02, 1.64621460e+02,
    2.28277054e+02, 1.64796478e+02, 4.36635132e+01, 2.11233231e+02,
    9.08751373e+01, 2.11599945e+02, 1.37966324e+02, 2.11931351e+02,
    1.84661224e+02, 2.12358276e+02, 2.31213928e+02, 2.12596207e+02,
    4.70940590e+01, 2.58468445e+02, 9.38945465e+01, 2.58885834e+02,
    1.40894638e+02, 2.59232422e+02, 1.87407822e+02, 2.59465332e+02,
    2.33870255e+02, 2.59741577e+02, 5.03539619e+01, 3.05340485e+02,
    9.70412369e+01, 3.05658813e+02, 1.43680252e+02, 3.05973846e+02,
    1.90097412e+02, 3.06299377e+02, 2.36467804e+02, 3.06583282e+02,
    5.33097382e+01, 3.51792725e+02, 9.96536713e+01, 3.52085175e+02,
    1.46030334e+02, 3.52350769e+02, 1.92477615e+02, 3.52577209e+02,
    2.38933762e+02, 3.52858368e+02 ]
