%YAML:1.0
---
points: [ 2.89444946e+02, 3.54581207e+02, 2.46864014e+02, 3.54723694e+02,
    2.04719086e+02, 3.54889618e+02, 1.62850647e+02, 3.55188629e+02,
    1.21479713e+02, 3.55318939e+02, 2.86872253e+02, 3.08105591e+02,
    2.44486679e+02, 3.08482239e+02, 2.02458069e+02, 3.08818054e+02,
    1.60273117e+02, 3.09220306e+02, 1.18610123e+02, 3.09534271e+02,
    2.84424042e+02, 2.61340118e+02, 2.41885422e+02, 2.61765320e+02,
    1.99732269e+02, 2.62419952e+02, 1.57491348e+02, 2.63092804e+02,
    1.15472404e+02, 2.63580353e+02, 2.81607910e+02, 2.13891022e+02,
    2.39045578e+02, 2.14822418e+02, 1.96610275e+02, 2.15595764e+02,
    1.54381393e+02, 2.16468246e+02, 1.12279610e+02, 2.17207397e+02,
    2.78752136e+02, 1.66185883e+02, 2.35916000e+02, 1.67232941e+02,
    1.93492249e+02, 1.68257401e+02, 1.50972870e+02, 1.69446564e+02,
    1.08662048e+02, 1.70285385e+02, 2.75663269e+02, 1.17939766e+02,
    2.32734833e+02, 1.19229591e+02, 1.90281769e+02, 1.20666283e+02,
    1.47578674e+02, 1.21921501e+02, 1.04965927e+02, 1.22888481e+02,
    2.72230804e+02, 6.94039536e+01, 2.29083496e+02, 7.09691162e+01,
    1.86236908e+02, 7.23721695e+01, 1.43527130e+02, 7.39294357e+01,
    1.00908470e+02, 7.52220383e+01 ]
