%YAML:1.0
---
points: [ 3.56563019e+02, 3.54966400e+02, 3.13372437e+02, 3.54838226e+02,
    2.70383026e+02, 3.54757629e+02, 2.27600586e+02, 3.54748596e+02,
    1.85098969e+02, 3.54663025e+02, 3.54539429e+02, 3.08565033e+02,
    3.11376587e+02, 3.08672699e+02, 2.68441162e+02, 3.08752991e+02,
    2.25251450e+02, 3.08869293e+02, 1.82587173e+02, 3.08887421e+02,
    3.52483948e+02, 2.61801270e+02, 3.09046722e+02, 2.62087097e+02,
    2.65927246e+02, 2.62344757e+02, 2.22735443e+02, 2.62584412e+02,
    1.79922363e+02, 2.62807587e+02, 3.50046631e+02, 2.14550110e+02,
    3.06614136e+02, 2.15111847e+02, 2.63468109e+02, 2.15536545e+02,
    2.19925217e+02, 2.15996475e+02, 1.76802338e+02, 2.16452789e+02,
    3.47612000e+02, 1.66781052e+02, 3.03649902e+02, 1.67501160e+02,
    2.60412415e+02, 1.68175064e+02, 2.17200134e+02, 1.68872253e+02,
    1.73852661e+02, 1.69403107e+02, 3.44682037e+02, 1.18718887e+02,
    3.00973663e+02, 1.19582260e+02, 2.57518188e+02, 1.20483971e+02,
    2.13856308e+02, 1.21272011e+02, 1.70463257e+02, 1.22145294e+02,
    3.41877808e+02, 7.02512665e+01, 2.97622406e+02, 7.13570175e+01,
    2.54093719e+02, 7.22459412e+01, 2.10494003e+02, 7.33451004e+01,
    1.66699646e+02, 7.41412125e+01 ]
