%YAML:1.0
---
points: [ 4.19926361e+02, 3.55338959e+02, 3.76305664e+02, 3.55168793e+02,
    3.32972137e+02, 3.54967560e+02, 2.89814514e+02, 3.54952606e+02,
    2.46883942e+02, 3.54767212e+02, 4.18135254e+02, 3.08822632e+02,
    3.74515533e+02, 3.08921997e+02, 3.31033447e+02, 3.08914917e+02,
    2.87499359e+02, 3.08951569e+02, 2.44510284e+02, 3.09006165e+02,
    4.16214569e+02, 2.62094330e+02, 3.72401520e+02, 2.62284332e+02,
    3.28838806e+02, 2.62474915e+02, 2.85349365e+02, 2.62651703e+02,
    2.41808426e+02, 2.62789886e+02, 4.13799835e+02, 2.14730911e+02,
    3.70031647e+02, 2.15247574e+02, 3.26425690e+02, 2.15614700e+02,
    2.82425903e+02, 2.15945114e+02, 2.38954590e+02, 2.16333557e+02,
    4.11545349e+02, 1.67000168e+02, 3.67473114e+02, 1.67593063e+02,
    3.23696106e+02, 1.68186859e+02, 2.79755432e+02, 1.68720093e+02,
    2.35964294e+02, 1.69185272e+02, 4.08859619e+02, 1.18827629e+02,
    3.64756195e+02, 1.19590500e+02, 3.20842560e+02, 1.20423882e+02,
    2.76813538e+02, 1.21038620e+02, 2.32783752e+02, 1.21639885e+02,
    4.06187286e+02, 7.02585373e+01, 3.61563660e+02, 7.12674866e+01,
    3.17624573e+02, 7.20047226e+01, 2.73431274e+02, 7.29008408e+01,
    2.29395966e+02, 7.37220840e+01 ]
