%YAML:1.0
---
points: [ 4.78999695e+02, 3.55587219e+02, 4.35386780e+02, 3.55520325e+02,
    3.92211548e+02, 3.55456207e+02, 3.49180725e+02, 3.55469696e+02,
    3.06267487e+02, 3.55388000e+02, 4.77084900e+02, 3.09171204e+02,
    4.33622375e+02, 3.09293579e+02, 3.90452881e+02, 3.09364929e+02,
    3.47120178e+02, 3.09468903e+02, 3.03904816e+02, 3.09520935e+02,
    4.75352631e+02, 2.62328674e+02, 4.31686737e+02, 2.62660309e+02,
    3.88258301e+02, 2.63093719e+02, 3.44653320e+02, 2.63352783e+02,
    3.01481079e+02, 2.63497528e+02, 4.73380127e+02, 2.15151093e+02,
    4.29385742e+02, 2.15684372e+02, 3.85838745e+02, 2.16293640e+02,
    3.42288971e+02, 2.16621964e+02, 2.98597076e+02, 2.16900299e+02,
    4.70947205e+02, 1.67271927e+02, 4.27073547e+02, 1.67927444e+02,
    3.83204254e+02, 1.68770279e+02, 3.39442841e+02, 1.69414459e+02,
    2.95896271e+02, 1.69803741e+02, 4.68653137e+02, 1.19051208e+02,
    4.24312164e+02, 1.19892136e+02, 3.80582916e+02, 1.20865952e+02,
    3.36649963e+02, 1.21685661e+02, 2.92646088e+02, 1.22420212e+02,
    4.65915314e+02, 7.03829727e+01, 4.21570831e+02, 7.14604263e+01,
    3.77377502e+02, 7.23989258e+01, 3.33400452e+02, 7.35161362e+01,
    2.89444580e+02, 7.44238434e+01 ]
