%YAML:1.0
---
points: [ 5.39922180e+02, 3.56333984e+02, 4.95787537e+02, 3.55980316e+02,
    4.51573853e+02, 3.55614502e+02, 4.07535645e+02, 3.55455475e+02,
    3.63823792e+02, 3.55160522e+02, 5.38568481e+02, 3.09991821e+02,
    4.94210175e+02, 3.09785950e+02, 4.49943390e+02, 3.09579895e+02,
    4.05800476e+02, 3.09409760e+02, 3.61571655e+02, 3.09149353e+02,
    5.36959656e+02, 2.63253082e+02, 4.92424286e+02, 2.63232452e+02,
    4.48226807e+02, 2.63247528e+02, 4.03553589e+02, 2.63062622e+02,
    3.59309937e+02, 2.62813538e+02, 5.35068298e+02, 2.15992981e+02,
    4.90577789e+02, 2.16242523e+02, 4.45989471e+02, 2.16259811e+02,
    4.01432159e+02, 2.16260529e+02, 3.56717438e+02, 2.16214157e+02,
    5.33202881e+02, 1.67974594e+02, 4.88432343e+02, 1.68366730e+02,
    4.43758453e+02, 1.68610458e+02, 3.98862701e+02, 1.68800385e+02,
    3.54181671e+02, 1.68776428e+02, 5.31191650e+02, 1.19671242e+02,
    4.86030151e+02, 1.20211975e+02, 4.41390259e+02, 1.20600128e+02,
    3.96361053e+02, 1.20787086e+02, 3.51264893e+02, 1.20877777e+02,
    5.28817322e+02, 7.09859314e+01, 4.83505310e+02, 7.15704575e+01,
    4.38457458e+02, 7.20973740e+01, 3.93279999e+02, 7.24642563e+01,
    3.48307404e+02, 7.26811066e+01 ]
