%YAML:1.0
---
points: [ 6.19612488e+02, 3.57296173e+02, 5.75389832e+02, 3.57161346e+02,
    5.31272827e+02, 3.56967590e+02, 4.87039612e+02, 3.56810944e+02,
    4.43213379e+02, 3.56616241e+02, 6.18188599e+02, 3.11150360e+02,
    5.73867493e+02, 3.11204102e+02, 5.29544617e+02, 3.11168671e+02,
    4.85348419e+02, 3.11124908e+02, 4.41074982e+02, 3.10925720e+02,
    6.16650330e+02, 2.64618622e+02, 5.72142883e+02, 2.64713379e+02,
    5.27836853e+02, 2.64838806e+02, 4.83284363e+02, 2.64877533e+02,
    4.38749298e+02, 2.64830017e+02, 6.14945679e+02, 2.17453781e+02,
    5.70283752e+02, 2.17738373e+02, 5.25691895e+02, 2.17907227e+02,
    4.80924683e+02, 2.18089798e+02, 4.36361481e+02, 2.18082672e+02,
    6.13070923e+02, 1.69682297e+02, 5.68331909e+02, 1.70170792e+02,
    5.23484070e+02, 1.70517136e+02, 4.78520050e+02, 1.70631088e+02,
    4.33604675e+02, 1.70758972e+02, 6.11300293e+02, 1.21409302e+02,
    5.65964783e+02, 1.22148476e+02, 5.21201477e+02, 1.22565620e+02,
    4.75941376e+02, 1.22879135e+02, 4.30783142e+02, 1.23087112e+02,
    6.08975891e+02, 7.25445328e+01, 5.63566711e+02, 7.34051971e+01,
    5.18399170e+02, 7.39963379e+01, 4.73179382e+02, 7.45943909e+01,
    4.27858337e+02, 7.48683777e+01 ]
