%YAML:1.0
---
points: [ 6.96295959e+02, 3.58458801e+02, 6.52635132e+02, 3.58448334e+02,
    6.09206238e+02, 3.58379059e+02, 5.65809875e+02, 3.58386017e+02,
    5.22732361e+02, 3.58324280e+02, 6.95253540e+02, 3.12485901e+02,
    6.51426270e+02, 3.12663818e+02, 6.07847473e+02, 3.12768677e+02,
    5.64447021e+02, 3.12841217e+02, 5.21098755e+02, 3.12889160e+02,
    6.94040710e+02, 2.66100861e+02, 6.50057190e+02, 2.66446045e+02,
    6.06461548e+02, 2.66773041e+02, 5.62640320e+02, 2.66980713e+02,
    5.18946838e+02, 2.67107025e+02, 6.92624390e+02, 2.19213486e+02,
    6.48610535e+02, 2.19682312e+02, 6.04650635e+02, 2.20166489e+02,
    5.60752197e+02, 2.20482147e+02, 5.17072815e+02, 2.20753830e+02,
    6.91266174e+02, 1.71496277e+02, 6.46910339e+02, 1.72305832e+02,
    6.02771973e+02, 1.72914581e+02, 5.58726196e+02, 1.73481628e+02,
    5.14610657e+02, 1.73898712e+02, 6.89744751e+02, 1.23499550e+02,
    6.45002441e+02, 1.24404205e+02, 6.00870300e+02, 1.25342697e+02,
    5.56403381e+02, 1.25953773e+02, 5.12305664e+02, 1.26478416e+02,
    6.87884949e+02, 7.49213409e+01, 6.43118896e+02, 7.59764786e+01,
    5.98416077e+02, 7.70710297e+01, 5.54007690e+02, 7.79192123e+01,
    5.09583221e+02, 7.86714172e+01 ]
