%YAML:1.0
---
points: [ 7.96299133e+02, 3.58338837e+02, 7.53300293e+02, 3.58767334e+02,
    7.10691650e+02, 3.59262604e+02, 6.68547791e+02, 3.59568909e+02,
    6.26750000e+02, 3.59822632e+02, 7.95546082e+02, 3.12365814e+02,
    7.52467468e+02, 3.13046417e+02, 7.09763245e+02, 3.13662262e+02,
    6.67229553e+02, 3.14316254e+02, 6.25166138e+02, 3.14766815e+02,
    7.94690369e+02, 2.65805878e+02, 7.51263306e+02, 2.66793915e+02,
    7.08481384e+02, 2.67829346e+02, 6.65712708e+02, 2.68708588e+02,
    6.23486450e+02, 2.69546478e+02, 7.93706726e+02, 2.18625717e+02,
    7.50048523e+02, 2.20074860e+02, 7.07095032e+02, 2.21379364e+02,
    6.64161011e+02, 2.22557602e+02, 6.21711182e+02, 2.23510971e+02,
    7.92518005e+02, 1.70857361e+02, 7.48799683e+02, 1.72579742e+02,
    7.05562500e+02, 1.74273056e+02, 6.62333801e+02, 1.75634644e+02,
    6.19527344e+02, 1.76784698e+02, 7.91339172e+02, 1.22594185e+02,
    7.47307190e+02, 1.24586235e+02, 7.03680725e+02, 1.26518997e+02,
    6.60403748e+02, 1.28285858e+02, 6.17425903e+02, 1.29648560e+02,
    7.89975220e+02, 7.36161499e+01, 7.45467529e+02, 7.60191498e+01,
    7.01756836e+02, 7.82273560e+01, 6.58315247e+02, 8.03970795e+01,
    6.15011902e+02, 8.21360321e+01 ]
