%YAML:1.0
---
points: [ 8.71686218e+02, 3.58134399e+02, 8.29234009e+02, 3.59169006e+02,
    7.87486572e+02, 3.59932831e+02, 7.46346313e+02, 3.60721466e+02,
    7.05887878e+02, 3.61461823e+02, 8.71191528e+02, 3.12234802e+02,
    8.28560730e+02, 3.13544342e+02, 7.86716736e+02, 3.14718048e+02,
    7.45362915e+02, 3.16100159e+02, 7.04649536e+02, 3.17232758e+02,
    8.70528870e+02, 2.65643921e+02, 8.27819397e+02, 2.67374146e+02,
    7.85751404e+02, 2.69324188e+02, 7.44087219e+02, 2.70837463e+02,
    7.03036987e+02, 2.72109528e+02, 8.69828125e+02, 2.18561783e+02,
    8.26865479e+02, 2.20843765e+02, 7.84590698e+02, 2.22984406e+02,
    7.42707153e+02, 2.24885391e+02, 7.01468323e+02, 2.26746490e+02,
    8.69015564e+02, 1.70783646e+02, 8.25714050e+02, 1.73510040e+02,
    7.83156189e+02, 1.76174042e+02, 7.40999329e+02, 1.78371094e+02,
    6.99634827e+02, 1.80642517e+02, 8.68065857e+02, 1.22512032e+02,
    8.24383911e+02, 1.25592773e+02, 7.81621460e+02, 1.28821091e+02,
    7.39296814e+02, 1.31486282e+02, 6.97565674e+02, 1.34066696e+02,
    8.66666138e+02, 7.35086899e+01, 8.22895813e+02, 7.71532669e+01,
    7.79952209e+02, 8.07080841e+01, 7.37431702e+02, 8.38706589e+01,
    6.95513672e+02, 8.68539352e+01 ]
