%YAML:1.0
---
points: [ 1.00696033e+03, 3.59880280e+02, 9.62626160e+02, 3.60128998e+02,
    9.18437317e+02, 3.60275757e+02, 8.74387390e+02, 3.60448334e+02,
    8.30297302e+02, 3.60490906e+02, 1.00694281e+03, 3.14536774e+02,
    9.62454956e+02, 3.14859802e+02, 9.18116760e+02, 3.15176361e+02,
    8.73748230e+02, 3.15346619e+02, 8.29410339e+02, 3.15372223e+02,
    1.00694189e+03, 2.68917908e+02, 9.62239502e+02, 2.69346436e+02,
    9.17656921e+02, 2.69651825e+02, 8.73144531e+02, 2.69739655e+02,
    8.28512573e+02, 2.69786652e+02, 1.00689966e+03, 2.22629089e+02,
    9.61833801e+02, 2.23156097e+02, 9.17240356e+02, 2.23418076e+02,
    8.72318726e+02, 2.23522339e+02, 8.27586731e+02, 2.23549622e+02,
    1.00679413e+03, 1.75612015e+02, 9.61534607e+02, 1.76175674e+02,
    9.16653564e+02, 1.76461121e+02, 8.71455688e+02, 1.76586746e+02,
    8.26549500e+02, 1.76536987e+02, 1.00671747e+03, 1.28058350e+02,
    9.61170227e+02, 1.28631790e+02, 9.16019836e+02, 1.29049973e+02,
    8.70541870e+02, 1.29224182e+02, 8.25297119e+02, 1.29191483e+02,
    1.00658411e+03, 8.00244370e+01, 9.60748413e+02, 8.05651703e+01,
    9.15375549e+02, 8.09482651e+01, 8.69698853e+02, 8.11615906e+01,
    8.24111023e+02, 8.11209183e+01 ]
