%YAML:1.0
---
points: [ 9.29907349e+02, 7.86987381e+01, 9.75664978e+02, 7.92780838e+01,
    1.02165826e+03, 7.95695267e+01, 1.06743726e+03, 7.96176147e+01,
    1.11345020e+03, 7.95445633e+01, 9.30185791e+02, 1.27221741e+02,
    9.75585449e+02, 1.27653778e+02, 1.02133386e+03, 1.27951714e+02,
    1.06668530e+03, 1.27939255e+02, 1.11251562e+03, 1.27810966e+02,
    9.30350525e+02, 1.74887817e+02, 9.75497009e+02, 1.75432693e+02,
    1.02101001e+03, 1.75607727e+02, 1.06610742e+03, 1.75674500e+02,
    1.11169897e+03, 1.75564697e+02, 9.30482666e+02, 2.22165726e+02,
    9.75410278e+02, 2.22522446e+02, 1.02052734e+03, 2.22751938e+02,
    1.06544482e+03, 2.22810226e+02, 1.11080811e+03, 2.22722382e+02,
    9.30569214e+02, 2.68559326e+02, 9.75252136e+02, 2.68941376e+02,
    1.02012567e+03, 2.69219635e+02, 1.06486792e+03, 2.69248657e+02,
    1.10994543e+03, 2.69290985e+02, 9.30714233e+02, 3.14379852e+02,
    9.75119141e+02, 3.14583099e+02, 1.01966840e+03, 3.14791229e+02,
    1.06438733e+03, 3.14903564e+02, 1.10906335e+03, 3.14934174e+02,
    9.30639648e+02, 3.59680054e+02, 9.74879700e+02, 3.59913940e+02,
    1.01929871e+03, 3.60121735e+02, 1.06376221e+03, 3.60296021e+02,
    1.10826062e+03, 3.60436554e+02 ]
