%YAML:1.0
---
points: [ 1.04276868e+03, 7.80513000e+01, 1.08833313e+03, 7.90730667e+01,
    1.13397815e+03, 7.98791962e+01, 1.17957629e+03, 8.05247650e+01,
    1.22549768e+03, 8.08095779e+01, 1.04219031e+03, 1.26473701e+02,
    1.08722949e+03, 1.27495941e+02, 1.13267871e+03, 1.28116623e+02,
    1.17806897e+03, 1.28536957e+02, 1.22373071e+03, 1.28807526e+02,
    1.04141431e+03, 1.74313232e+02, 1.08644885e+03, 1.75062698e+02,
    1.13165161e+03, 1.75657227e+02, 1.17656091e+03, 1.76100510e+02,
    1.22212122e+03, 1.76336349e+02, 1.04066870e+03, 2.21493515e+02,
    1.08555310e+03, 2.22231949e+02, 1.13043823e+03, 2.22700043e+02,
    1.17526233e+03, 2.23141693e+02, 1.22053540e+03, 2.23353317e+02,
    1.04003967e+03, 2.67833771e+02, 1.08467456e+03, 2.68518738e+02,
    1.12929431e+03, 2.69066681e+02, 1.17409314e+03, 2.69419128e+02,
    1.21886731e+03, 2.69653503e+02, 1.03950366e+03, 3.13688354e+02,
    1.08392383e+03, 3.14246033e+02, 1.12838000e+03, 3.14670654e+02,
    1.17282825e+03, 3.15048920e+02, 1.21749890e+03, 3.15355896e+02,
    1.03892065e+03, 3.59199127e+02, 1.08313745e+03, 3.59571411e+02,
    1.12742090e+03, 3.59928406e+02, 1.17158459e+03, 3.60352478e+02,
    1.21623608e+03, 3.60586884e+02 ]
