%YAML:1.0
---
points: [ 1.20106250e+03, 7.36952820e+01, 1.24647949e+03, 7.52149353e+01,
    1.29205969e+03, 7.63608704e+01, 1.33761804e+03, 7.72828827e+01,
    1.38341333e+03, 7.82687531e+01, 1.19921094e+03, 1.22593536e+02,
    1.24432227e+03, 1.23752899e+02, 1.28978796e+03, 1.24772919e+02,
    1.33488684e+03, 1.25584091e+02, 1.38056006e+03, 1.26361237e+02,
    1.19731921e+03, 1.70642639e+02, 1.24248572e+03, 1.71681412e+02,
    1.28749719e+03, 1.72586349e+02, 1.33263086e+03, 1.73336487e+02,
    1.37816675e+03, 1.74123749e+02, 1.19570728e+03, 2.18304855e+02,
    1.24052942e+03, 2.19255936e+02, 1.28546021e+03, 2.19950623e+02,
    1.33041467e+03, 2.20587112e+02, 1.37557739e+03, 2.21224930e+02,
    1.19420911e+03, 2.65273956e+02, 1.23869470e+03, 2.66030457e+02,
    1.28357410e+03, 2.66643127e+02, 1.32829773e+03, 2.67213867e+02,
    1.37338721e+03, 2.67633728e+02, 1.19259534e+03, 3.11598846e+02,
    1.23719849e+03, 3.12304596e+02, 1.28165027e+03, 3.12775513e+02,
    1.32637598e+03, 3.13356750e+02, 1.37094348e+03, 3.13722534e+02,
    1.19126404e+03, 3.57360535e+02, 1.23556775e+03, 3.57920959e+02,
    1.28003674e+03, 3.58446075e+02, 1.32431494e+03, 3.58980804e+02,
    1.36894080e+03, 3.59436066e+02 ]
