%YAML:1.0
---
points: [ 1.31123767e+03, 7.15656586e+01, 1.35642139e+03, 7.32163544e+01,
    1.40175012e+03, 7.47021103e+01, 1.44713831e+03, 7.59946899e+01,
    1.49241296e+03, 7.72155685e+01, 1.30848462e+03, 1.20497284e+02,
    1.35359485e+03, 1.22114777e+02, 1.39881909e+03, 1.23314796e+02,
    1.44375000e+03, 1.24361717e+02, 1.48930188e+03, 1.25327133e+02,
    1.30622754e+03, 1.69052353e+02, 1.35095898e+03, 1.70261536e+02,
    1.39597192e+03, 1.71330704e+02, 1.44089551e+03, 1.72241577e+02,
    1.48600427e+03, 1.72982895e+02, 1.30380432e+03, 2.16899979e+02,
    1.34853076e+03, 2.17937302e+02, 1.39329382e+03, 2.18836166e+02,
    1.43800403e+03, 2.19660019e+02, 1.48312415e+03, 2.20357285e+02,
    1.30159436e+03, 2.64191528e+02, 1.34608606e+03, 2.65062531e+02,
    1.39068359e+03, 2.65742310e+02, 1.43533350e+03, 2.66431091e+02,
    1.48020923e+03, 2.67058044e+02, 1.29959521e+03, 3.10704315e+02,
    1.34379321e+03, 3.11495941e+02, 1.38842627e+03, 3.12189575e+02,
    1.43281885e+03, 3.12664032e+02, 1.47749524e+03, 3.13306183e+02,
    1.29748413e+03, 3.56699768e+02, 1.34183667e+03, 3.57420349e+02,
    1.38616895e+03, 3.57866486e+02, 1.43049377e+03, 3.58541138e+02,
    1.47480408e+03, 3.59122955e+02 ]
