%YAML:1.0
---
points: [ 1.41461560e+03, 6.96839752e+01, 1.45937573e+03, 7.13645782e+01,
    1.50430176e+03, 7.27928619e+01, 1.54877307e+03, 7.43528976e+01,
    1.59347473e+03, 7.56259613e+01, 1.41190796e+03, 1.18792229e+02,
    1.45634680e+03, 1.20216248e+02, 1.50090100e+03, 1.21523308e+02,
    1.54538989e+03, 1.22649216e+02, 1.59014978e+03, 1.23747849e+02,
    1.40913538e+03, 1.67267731e+02, 1.45352478e+03, 1.68427155e+02,
    1.49794763e+03, 1.69604156e+02, 1.54233472e+03, 1.70564743e+02,
    1.58673828e+03, 1.71410217e+02, 1.40659863e+03, 2.15298111e+02,
    1.45081140e+03, 2.16344208e+02, 1.49527820e+03, 2.17177444e+02,
    1.53941589e+03, 2.17987930e+02, 1.58398718e+03, 2.18683884e+02,
    1.40425195e+03, 2.62581909e+02, 1.44839185e+03, 2.63533142e+02,
    1.49250256e+03, 2.64273804e+02, 1.53677539e+03, 2.64855194e+02,
    1.58076367e+03, 2.65426910e+02, 1.40202246e+03, 3.09456055e+02,
    1.44605969e+03, 3.10110352e+02, 1.49019189e+03, 3.10689362e+02,
    1.53404541e+03, 3.11184265e+02, 1.57833679e+03, 3.11738434e+02,
    1.39996533e+03, 3.55816864e+02, 1.44383142e+03, 3.56271942e+02,
    1.48789575e+03, 3.56545013e+02, 1.53182373e+03, 3.57026215e+02,
    1.57552954e+03, 3.57444427e+02 ]
