%YAML:1.0
---
points: [ 1.53003906e+03, 6.79353790e+01, 1.57508923e+03, 6.93778610e+01,
    1.62031506e+03, 7.04718704e+01, 1.66527246e+03, 7.14626312e+01,
    1.71047168e+03, 7.24220581e+01, 1.52697021e+03, 1.17043770e+02,
    1.57158093e+03, 1.18094292e+02, 1.61669458e+03, 1.19034973e+02,
    1.66163696e+03, 1.19712463e+02, 1.70682349e+03, 1.20576370e+02,
    1.52373303e+03, 1.65479736e+02, 1.56874097e+03, 1.66312531e+02,
    1.61347192e+03, 1.67095291e+02, 1.65843481e+03, 1.67705872e+02,
    1.70352002e+03, 1.68320160e+02, 1.52118298e+03, 2.13447617e+02,
    1.56558337e+03, 2.14180923e+02, 1.61062671e+03, 2.14762054e+02,
    1.65516223e+03, 2.15326630e+02, 1.70037000e+03, 2.15870300e+02,
    1.51830603e+03, 2.60770355e+02, 1.56299597e+03, 2.61394073e+02,
    1.60755505e+03, 2.61811310e+02, 1.65236816e+03, 2.62234253e+02,
    1.69712964e+03, 2.62690033e+02, 1.51584448e+03, 3.07671509e+02,
    1.56029980e+03, 3.08142365e+02, 1.60508875e+03, 3.08484192e+02,
    1.64950146e+03, 3.08780518e+02, 1.69439514e+03, 3.09146149e+02,
    1.51335095e+03, 3.54243195e+02, 1.55791589e+03, 3.54528748e+02,
    1.60247546e+03, 3.54641388e+02, 1.64701697e+03, 3.55010620e+02,
    1.69145459e+03, 3.55371826e+02 ]
