%YAML:1.0
---
points: [ 1.63259460e+03, 6.68172302e+01, 1.67767798e+03, 6.82664566e+01,
    1.72270142e+03, 6.93968811e+01, 1.76803308e+03, 7.05080109e+01,
    1.81312207e+03, 7.14301987e+01, 1.62903809e+03, 1.15762741e+02,
    1.67384851e+03, 1.16990822e+02, 1.71881470e+03, 1.17994781e+02,
    1.76399182e+03, 1.18727692e+02, 1.80946716e+03, 1.19442276e+02,
    1.62563232e+03, 1.64411819e+02, 1.67038477e+03, 1.65183487e+02,
    1.71552014e+03, 1.65874512e+02, 1.76042957e+03, 1.66567093e+02,
    1.80575684e+03, 1.67257202e+02, 1.62240479e+03, 2.12313004e+02,
    1.66720630e+03, 2.12993469e+02, 1.71213757e+03, 2.13564468e+02,
    1.75710938e+03, 2.14213669e+02, 1.80222070e+03, 2.14709152e+02,
    1.61937720e+03, 2.59696228e+02, 1.66408960e+03, 2.60267914e+02,
    1.70878625e+03, 2.60710876e+02, 1.75379797e+03, 2.61233185e+02,
    1.79888281e+03, 2.61682251e+02, 1.61648596e+03, 3.06640228e+02,
    1.66105969e+03, 3.07131348e+02, 1.70595081e+03, 3.07455750e+02,
    1.75062415e+03, 3.07791870e+02, 1.79572937e+03, 3.08268311e+02,
    1.61353796e+03, 3.53034973e+02, 1.65837524e+03, 3.53453369e+02,
    1.70307312e+03, 3.53730469e+02, 1.74787537e+03, 3.54166595e+02,
    1.79249829e+03, 3.54540009e+02 ]
