%YAML:1.0
---
points: [ 1.73013220e+03, 6.70855103e+01, 1.77423523e+03, 6.88764801e+01,
    1.81842554e+03, 7.03829880e+01, 1.86280127e+03, 7.16116486e+01,
    1.90717651e+03, 7.28583450e+01, 1.72620764e+03, 1.15723495e+02,
    1.76996692e+03, 1.17287529e+02, 1.81419910e+03, 1.18647415e+02,
    1.85846069e+03, 1.19680779e+02, 1.90283325e+03, 1.20801826e+02,
    1.72232141e+03, 1.64115631e+02, 1.76619873e+03, 1.65318344e+02,
    1.81050818e+03, 1.66367920e+02, 1.85444385e+03, 1.67382568e+02,
    1.89892505e+03, 1.68438019e+02, 1.71869092e+03, 2.12020309e+02,
    1.76277759e+03, 2.12963501e+02, 1.80686987e+03, 2.13851654e+02,
    1.85068945e+03, 2.14786331e+02, 1.89511682e+03, 2.15613586e+02,
    1.71546155e+03, 2.59286865e+02, 1.75923792e+03, 2.60173401e+02,
    1.80325476e+03, 2.60870544e+02, 1.84735706e+03, 2.61582794e+02,
    1.89135608e+03, 2.62352051e+02, 1.71210010e+03, 3.06101135e+02,
    1.75597534e+03, 3.06815277e+02, 1.80014050e+03, 3.07419617e+02,
    1.84375281e+03, 3.08170410e+02, 1.88793127e+03, 3.08766724e+02,
    1.70890149e+03, 3.52544495e+02, 1.75299597e+03, 3.53086182e+02,
    1.79691992e+03, 3.53723785e+02, 1.84076868e+03, 3.54231720e+02,
    1.88454443e+03, 3.54759003e+02 ]
