%YAML:1.0
---
points: [ 1.70953479e+03, 2.53311882e+01, 1.75438354e+03, 2.34679470e+01,
    1.79962036e+03, 2.13793793e+01, 1.84465100e+03, 1.90866985e+01,
    1.89028711e+03, 1.65784893e+01, 1.70875903e+03, 7.43644867e+01,
    1.75349097e+03, 7.22120438e+01, 1.79847839e+03, 7.01973801e+01,
    1.84343054e+03, 6.75824509e+01, 1.88908691e+03, 6.52207413e+01,
    1.70818115e+03, 1.22915314e+02, 1.75293250e+03, 1.20521439e+02,
    1.79766687e+03, 1.18334358e+02, 1.84271741e+03, 1.15736778e+02,
    1.88795813e+03, 1.13210831e+02, 1.70780579e+03, 1.70968750e+02,
    1.75254834e+03, 1.68445801e+02, 1.79719385e+03, 1.65962601e+02,
    1.84209729e+03, 1.63494278e+02, 1.88728772e+03, 1.60796539e+02,
    1.70748840e+03, 2.18452225e+02, 1.75217139e+03, 2.15825073e+02,
    1.79675964e+03, 2.13307724e+02, 1.84163977e+03, 2.10639450e+02,
    1.88652600e+03, 2.07945602e+02, 1.70738538e+03, 2.65362732e+02,
    1.75203284e+03, 2.62572052e+02, 1.79667358e+03, 2.60157532e+02,
    1.84132251e+03, 2.57323181e+02, 1.88613879e+03, 2.54650940e+02,
    1.70730261e+03, 3.11892303e+02, 1.75204749e+03, 3.09038910e+02,
    1.79656848e+03, 3.06445465e+02, 1.84123706e+03, 3.03548370e+02,
    1.88562146e+03, 3.00939667e+02 ]
