%YAML:1.0
---
points: [ 1.64174463e+03, 4.03949585e+01, 1.69248889e+03, 3.28530846e+01,
    1.74449866e+03, 2.47867851e+01, 1.79768359e+03, 1.68687019e+01,
    1.85232727e+03, 8.34878826e+00, 1.64270276e+03, 8.74571609e+01,
    1.69323376e+03, 8.03871994e+01, 1.74525354e+03, 7.27260971e+01,
    1.79820850e+03, 6.53237839e+01, 1.85285559e+03, 5.72755737e+01,
    1.64349194e+03, 1.34178116e+02, 1.69423352e+03, 1.27445824e+02,
    1.74597119e+03, 1.20315109e+02, 1.79898535e+03, 1.13350555e+02,
    1.85340198e+03, 1.05990494e+02, 1.64440259e+03, 1.80624176e+02,
    1.69501648e+03, 1.74223465e+02, 1.74688440e+03, 1.67629349e+02,
    1.79964771e+03, 1.61062485e+02, 1.85398950e+03, 1.54367630e+02,
    1.64529138e+03, 2.26401947e+02, 1.69589648e+03, 2.20474075e+02,
    1.74769543e+03, 2.14422714e+02, 1.80059521e+03, 2.08318069e+02,
    1.85457410e+03, 2.02180679e+02, 1.64637439e+03, 2.71774353e+02,
    1.69674573e+03, 2.66387329e+02, 1.74864648e+03, 2.60859131e+02,
    1.80138391e+03, 2.55291016e+02, 1.85535156e+03, 2.49499817e+02,
    1.64746338e+03, 3.17023865e+02, 1.69778845e+03, 3.12130524e+02,
    1.74949963e+03, 3.06966583e+02, 1.80225916e+03, 3.01961578e+02,
    1.85614563e+03, 2.96676697e+02 ]
