%YAML:1.0
---
points: [ 1.60099438e+03, 4.90727005e+01, 1.65253589e+03, 3.97153397e+01,
    1.70571484e+03, 2.97921715e+01, 1.76057263e+03, 1.98323555e+01,
    1.81773340e+03, 9.36185932e+00, 1.60108057e+03, 9.49465790e+01,
    1.65240234e+03, 8.64289932e+01, 1.70544031e+03, 7.74555969e+01,
    1.76021619e+03, 6.82400436e+01, 1.81729272e+03, 5.86240196e+01,
    1.60100171e+03, 1.40541367e+02, 1.65228430e+03, 1.32780594e+02,
    1.70522437e+03, 1.24542236e+02, 1.75983301e+03, 1.16275314e+02,
    1.81682385e+03, 1.07535225e+02, 1.60097400e+03, 1.85996140e+02,
    1.65201624e+03, 1.78709824e+02, 1.70508398e+03, 1.71447128e+02,
    1.75950989e+03, 1.63935532e+02, 1.81643762e+03, 1.56077682e+02,
    1.60077844e+03, 2.30564346e+02, 1.65176233e+03, 2.24410477e+02,
    1.70464478e+03, 2.17823959e+02, 1.75921411e+03, 2.11234909e+02,
    1.81588086e+03, 2.04127121e+02, 1.60073730e+03, 2.75128265e+02,
    1.65155188e+03, 2.69566925e+02, 1.70436108e+03, 2.63831604e+02,
    1.75873877e+03, 2.57938843e+02, 1.81541699e+03, 2.51766602e+02,
    1.60062073e+03, 3.18904633e+02, 1.65132349e+03, 3.14285431e+02,
    1.70396155e+03, 3.09400604e+02, 1.75847522e+03, 3.04325470e+02,
    1.81474048e+03, 2.99268158e+02 ]
