%YAML:1.0
---
points: [ 1.86272058e+03, 1.04563721e+03, 1.82542444e+03, 1.04671997e+03,
    1.78820654e+03, 1.04801917e+03, 1.75070215e+03, 1.04919788e+03,
    1.71366687e+03, 1.05035315e+03, 1.86346448e+03, 1.00836133e+03,
    1.82599890e+03, 1.00935571e+03, 1.78867090e+03, 1.01038763e+03,
    1.75128394e+03, 1.01161621e+03, 1.71413586e+03, 1.01269849e+03,
    1.86422412e+03, 9.71049072e+02, 1.82664014e+03, 9.71833679e+02,
    1.78922998e+03, 9.72770813e+02, 1.75179700e+03, 9.74171204e+02,
    1.71471191e+03, 9.75250000e+02, 1.86507690e+03, 9.33573303e+02,
    1.82736963e+03, 9.34291382e+02, 1.78987622e+03, 9.35278809e+02,
    1.75256775e+03, 9.36349731e+02, 1.71528149e+03, 9.37511597e+02,
    1.86608411e+03, 8.95870728e+02, 1.82828906e+03, 8.96677246e+02,
    1.79073645e+03, 8.97520081e+02, 1.75332825e+03, 8.98476746e+02,
    1.71593909e+03, 8.99623047e+02, 1.86725537e+03, 8.58163391e+02,
    1.82927271e+03, 8.58926697e+02, 1.79160889e+03, 8.59798401e+02,
    1.75410266e+03, 8.60803711e+02, 1.71667432e+03, 8.61664246e+02,
    1.86852625e+03, 8.20352112e+02, 1.83070569e+03, 8.21341492e+02,
    1.79296472e+03, 8.22182068e+02, 1.75527271e+03, 8.23131775e+02,
    1.71773840e+03, 8.24023743e+02 ]
