%YAML:1.0
---
points: [ 1.79201941e+03, 1.04601538e+03, 1.75470227e+03, 1.04726965e+03,
    1.71749695e+03, 1.04854614e+03, 1.68012451e+03, 1.04973364e+03,
    1.64295276e+03, 1.05103564e+03, 1.79224854e+03, 1.00832928e+03,
    1.75470386e+03, 1.00948029e+03, 1.71739417e+03, 1.01065936e+03,
    1.67999573e+03, 1.01193585e+03, 1.64281506e+03, 1.01312531e+03,
    1.79240588e+03, 9.70696838e+02, 1.75476331e+03, 9.71577393e+02,
    1.71738281e+03, 9.72673157e+02, 1.67999268e+03, 9.74151123e+02,
    1.64276599e+03, 9.75368225e+02, 1.79262756e+03, 9.33054749e+02,
    1.75492419e+03, 9.33860962e+02, 1.71748315e+03, 9.34767700e+02,
    1.68006018e+03, 9.35910522e+02, 1.64276929e+03, 9.37358276e+02,
    1.79309448e+03, 8.95145691e+02, 1.75528955e+03, 8.96019897e+02,
    1.71773486e+03, 8.96950989e+02, 1.68020020e+03, 8.97957458e+02,
    1.64293042e+03, 8.99132874e+02, 1.79363794e+03, 8.57160156e+02,
    1.75571643e+03, 8.58097656e+02, 1.71805701e+03, 8.59111145e+02,
    1.68050061e+03, 8.60032837e+02, 1.64320679e+03, 8.61108826e+02,
    1.79436084e+03, 8.19214844e+02, 1.75646265e+03, 8.20158875e+02,
    1.71869702e+03, 8.21140442e+02, 1.68111914e+03, 8.22241333e+02,
    1.64357556e+03, 8.23194946e+02 ]
