%YAML:1.0
---
points: [ 1.72255359e+03, 1.04867017e+03, 1.68525610e+03, 1.04967517e+03,
    1.64781006e+03, 1.05075098e+03, 1.61034583e+03, 1.05191345e+03,
    1.57279785e+03, 1.05326074e+03, 1.72331543e+03, 1.01126837e+03,
    1.68566467e+03, 1.01220490e+03, 1.64807678e+03, 1.01314526e+03,
    1.61061682e+03, 1.01424127e+03, 1.57313477e+03, 1.01544873e+03,
    1.72388074e+03, 9.73630310e+02, 1.68622339e+03, 9.74477600e+02,
    1.64846558e+03, 9.75532776e+02, 1.61089258e+03, 9.76534119e+02,
    1.57351648e+03, 9.77589233e+02, 1.72473755e+03, 9.35782715e+02,
    1.68667065e+03, 9.36796936e+02, 1.64909424e+03, 9.37689026e+02,
    1.61148047e+03, 9.38735779e+02, 1.57378589e+03, 9.39792542e+02,
    1.72568201e+03, 8.98072510e+02, 1.68748975e+03, 8.98760254e+02,
    1.64966370e+03, 8.99833496e+02, 1.61192334e+03, 9.00804260e+02,
    1.57438623e+03, 9.01877258e+02, 1.72661023e+03, 8.60383362e+02,
    1.68840039e+03, 8.61107788e+02, 1.65046887e+03, 8.61756531e+02,
    1.61263269e+03, 8.62815369e+02, 1.57501282e+03, 8.63873901e+02,
    1.72770117e+03, 8.22569153e+02, 1.68960669e+03, 8.23309204e+02,
    1.65159216e+03, 8.24112610e+02, 1.61355090e+03, 8.24868286e+02,
    1.57575574e+03, 8.25912476e+02 ]
