%YAML:1.0
---
points: [ 1.65816797e+03, 1.04943079e+03, 1.62065674e+03, 1.05037537e+03,
    1.58322595e+03, 1.05133972e+03, 1.54545471e+03, 1.05258459e+03,
    1.50803491e+03, 1.05375488e+03, 1.65858667e+03, 1.01178680e+03,
    1.62092346e+03, 1.01273730e+03, 1.58337842e+03, 1.01357214e+03,
    1.54559338e+03, 1.01468024e+03, 1.50814612e+03, 1.01592480e+03,
    1.65914087e+03, 9.74235718e+02, 1.62126392e+03, 9.75103882e+02,
    1.58361084e+03, 9.75882263e+02, 1.54574695e+03, 9.76859985e+02,
    1.50830273e+03, 9.78007874e+02, 1.65960352e+03, 9.36442627e+02,
    1.62164856e+03, 9.37216370e+02, 1.58396985e+03, 9.38199341e+02,
    1.54625281e+03, 9.39068237e+02, 1.50855676e+03, 9.40106262e+02,
    1.66030969e+03, 8.98527893e+02, 1.62222437e+03, 8.99342346e+02,
    1.58443237e+03, 9.00161987e+02, 1.54668127e+03, 9.01159058e+02,
    1.50890210e+03, 9.02099915e+02, 1.66097437e+03, 8.60690857e+02,
    1.62278467e+03, 8.61383484e+02, 1.58501428e+03, 8.62171143e+02,
    1.54714099e+03, 8.63099548e+02, 1.50950977e+03, 8.64181030e+02,
    1.66206824e+03, 8.22943787e+02, 1.62374146e+03, 8.23607056e+02,
    1.58576648e+03, 8.24375000e+02, 1.54792651e+03, 8.25247131e+02,
    1.51007214e+03, 8.26105774e+02 ]
