%YAML:1.0
---
points: [ 1.59083398e+03, 1.05083435e+03, 1.55265698e+03, 1.05134326e+03,
    1.51464368e+03, 1.05175720e+03, 1.47646106e+03, 1.05244897e+03,
    1.43853125e+03, 1.05319775e+03, 1.59135779e+03, 1.01337665e+03,
    1.55305151e+03, 1.01366553e+03, 1.51484802e+03, 1.01418073e+03,
    1.47656201e+03, 1.01473944e+03, 1.43862878e+03, 1.01551312e+03,
    1.59176111e+03, 9.75787292e+02, 1.55336938e+03, 9.76156921e+02,
    1.51513599e+03, 9.76512024e+02, 1.47674634e+03, 9.77155334e+02,
    1.43883167e+03, 9.77763977e+02, 1.59235242e+03, 9.38219360e+02,
    1.55365186e+03, 9.38507629e+02, 1.51550854e+03, 9.38778748e+02,
    1.47705957e+03, 9.39336914e+02, 1.43911182e+03, 9.40058472e+02,
    1.59296716e+03, 9.00342712e+02, 1.55428271e+03, 9.00674011e+02,
    1.51596301e+03, 9.01121948e+02, 1.47750403e+03, 9.01623657e+02,
    1.43936267e+03, 9.02209229e+02, 1.59376660e+03, 8.62472717e+02,
    1.55484900e+03, 8.62865845e+02, 1.51646472e+03, 8.63297119e+02,
    1.47797754e+03, 8.63756409e+02, 1.43968457e+03, 8.64464905e+02,
    1.59473645e+03, 8.24663086e+02, 1.55565259e+03, 8.25063599e+02,
    1.51715735e+03, 8.25483887e+02, 1.47867114e+03, 8.26069519e+02,
    1.44037830e+03, 8.26655518e+02 ]
