%YAML:1.0
---
points: [ 1.49751709e+03, 1.05003833e+03, 1.45927429e+03, 1.05029700e+03,
    1.42109680e+03, 1.05053015e+03, 1.38278528e+03, 1.05089856e+03,
    1.34483008e+03, 1.05137695e+03, 1.49777344e+03, 1.01255359e+03,
    1.45930542e+03, 1.01264783e+03, 1.42111206e+03, 1.01291284e+03,
    1.38271729e+03, 1.01336823e+03, 1.34478174e+03, 1.01382574e+03,
    1.49803577e+03, 9.74990662e+02, 1.45938562e+03, 9.75140564e+02,
    1.42113562e+03, 9.75398499e+02, 1.38274524e+03, 9.75686951e+02,
    1.34477368e+03, 9.76218750e+02, 1.49840662e+03, 9.37403320e+02,
    1.45955505e+03, 9.37480103e+02, 1.42134998e+03, 9.37669312e+02,
    1.38284424e+03, 9.38138794e+02, 1.34485925e+03, 9.38620605e+02,
    1.49875537e+03, 8.99554565e+02, 1.45983508e+03, 8.99716370e+02,
    1.42152429e+03, 8.99958069e+02, 1.38314294e+03, 9.00366943e+02,
    1.34494019e+03, 9.00846313e+02, 1.49936072e+03, 8.61678955e+02,
    1.46027197e+03, 8.61824585e+02, 1.42176648e+03, 8.62157166e+02,
    1.38334790e+03, 8.62515015e+02, 1.34516663e+03, 8.63231750e+02,
    1.49997705e+03, 8.24138489e+02, 1.46083582e+03, 8.24364929e+02,
    1.42233813e+03, 8.24553650e+02, 1.38376501e+03, 8.24935486e+02,
    1.34546985e+03, 8.25500549e+02 ]
