%YAML:1.0
---
points: [ 1.44108911e+03, 1.05340527e+03, 1.40237830e+03, 1.05346326e+03,
    1.36386377e+03, 1.05362573e+03, 1.32545264e+03, 1.05383472e+03,
    1.28708826e+03, 1.05426294e+03, 1.44126965e+03, 1.01558368e+03,
    1.40236670e+03, 1.01553168e+03, 1.36380542e+03, 1.01569763e+03,
    1.32541150e+03, 1.01598639e+03, 1.28707397e+03, 1.01641113e+03,
    1.44135583e+03, 9.77568298e+02, 1.40240491e+03, 9.77570923e+02,
    1.36374243e+03, 9.77711853e+02, 1.32529248e+03, 9.78073364e+02,
    1.28685571e+03, 9.78510742e+02, 1.44158252e+03, 9.39692566e+02,
    1.40246082e+03, 9.39632812e+02, 1.36382373e+03, 9.39783203e+02,
    1.32529431e+03, 9.40120911e+02, 1.28684973e+03, 9.40516663e+02,
    1.44188879e+03, 9.01683411e+02, 1.40260388e+03, 9.01693359e+02,
    1.36401880e+03, 9.01826965e+02, 1.32534412e+03, 9.02232056e+02,
    1.28682739e+03, 9.02628784e+02, 1.44226538e+03, 8.63702393e+02,
    1.40292566e+03, 8.63756775e+02, 1.36417505e+03, 8.63963684e+02,
    1.32544446e+03, 8.64288635e+02, 1.28692615e+03, 8.64687805e+02,
    1.44270837e+03, 8.25767334e+02, 1.40343945e+03, 8.25891052e+02,
    1.36453406e+03, 8.26151123e+02, 1.32572253e+03, 8.26495972e+02,
    1.28718445e+03, 8.26916016e+02 ]
