%YAML:1.0
---
points: [ 1.38362488e+03, 1.05608301e+03, 1.34444299e+03, 1.05584436e+03,
    1.30573706e+03, 1.05572229e+03, 1.26688184e+03, 1.05577209e+03,
    1.22842346e+03, 1.05590405e+03, 1.38362537e+03, 1.01810638e+03,
    1.34436316e+03, 1.01776526e+03, 1.30556995e+03, 1.01768372e+03,
    1.26668384e+03, 1.01770703e+03, 1.22828308e+03, 1.01787805e+03,
    1.38355151e+03, 9.80088196e+02, 1.34418115e+03, 9.79731873e+02,
    1.30541260e+03, 9.79652710e+02, 1.26645154e+03, 9.79724487e+02,
    1.22801501e+03, 9.80051147e+02, 1.38361389e+03, 9.41833923e+02,
    1.34413708e+03, 9.41504822e+02, 1.30533667e+03, 9.41516052e+02,
    1.26638123e+03, 9.41596680e+02, 1.22781909e+03, 9.41893555e+02,
    1.38368103e+03, 9.03478394e+02, 1.34417419e+03, 9.03322021e+02,
    1.30530774e+03, 9.03312683e+02, 1.26624939e+03, 9.03429077e+02,
    1.22769934e+03, 9.03674500e+02, 1.38375793e+03, 8.65291199e+02,
    1.34423376e+03, 8.65183044e+02, 1.30532739e+03, 8.65234680e+02,
    1.26618811e+03, 8.65346313e+02, 1.22759436e+03, 8.65638977e+02,
    1.38413953e+03, 8.27269043e+02, 1.34448303e+03, 8.27291138e+02,
    1.30548743e+03, 8.27333801e+02, 1.26631250e+03, 8.27529602e+02,
    1.22762048e+03, 8.27772278e+02 ]
