%YAML:1.0
---
points: [ 1.17523022e+03, 8.29007629e+02, 1.21407483e+03, 8.28873047e+02,
    1.25344897e+03, 8.28749084e+02, 1.29274744e+03, 8.28918823e+02,
    1.33266162e+03, 8.29136597e+02, 1.17528796e+03, 8.67066956e+02,
    1.21410950e+03, 8.66893677e+02, 1.25343909e+03, 8.66880249e+02,
    1.29265369e+03, 8.67085266e+02, 1.33248865e+03, 8.67343689e+02,
    1.17549878e+03, 9.05401184e+02, 1.21428821e+03, 9.05269226e+02,
    1.25350525e+03, 9.05369629e+02, 1.29266614e+03, 9.05569702e+02,
    1.33253076e+03, 9.05989807e+02, 1.17564612e+03, 9.43650391e+02,
    1.21450122e+03, 9.43580505e+02, 1.25359814e+03, 9.43713074e+02,
    1.29270898e+03, 9.43986633e+02, 1.33251782e+03, 9.44470215e+02,
    1.17580994e+03, 9.81854553e+02, 1.21468237e+03, 9.81837158e+02,
    1.25377319e+03, 9.81892883e+02, 1.29289685e+03, 9.82249329e+02,
    1.33253015e+03, 9.82721863e+02, 1.17612585e+03, 1.02003595e+03,
    1.21495715e+03, 1.02012531e+03, 1.25409875e+03, 1.02034015e+03,
    1.29312854e+03, 1.02074896e+03, 1.33261597e+03, 1.02129584e+03,
    1.17645837e+03, 1.05837122e+03, 1.21533179e+03, 1.05850488e+03,
    1.25431250e+03, 1.05873096e+03, 1.29334009e+03, 1.05921375e+03,
    1.33270264e+03, 1.05964124e+03 ]
