%YAML:1.0
---
points: [ 1.09496545e+03, 8.29218506e+02, 1.13373328e+03, 8.28939758e+02,
    1.17291431e+03, 8.28746521e+02, 1.21211707e+03, 8.28711731e+02,
    1.25159802e+03, 8.28739868e+02, 1.09521936e+03, 8.67272583e+02,
    1.13388489e+03, 8.66916992e+02, 1.17302673e+03, 8.66829346e+02,
    1.21209973e+03, 8.66809875e+02, 1.25159875e+03, 8.67069702e+02,
    1.09548596e+03, 9.05569031e+02, 1.13412549e+03, 9.05346802e+02,
    1.17326892e+03, 9.05300415e+02, 1.21226746e+03, 9.05390320e+02,
    1.25168445e+03, 9.05658508e+02, 1.09575110e+03, 9.43914124e+02,
    1.13443481e+03, 9.43695312e+02, 1.17349219e+03, 9.43693420e+02,
    1.21239526e+03, 9.43772034e+02, 1.25180286e+03, 9.44234436e+02,
    1.09613232e+03, 9.82098755e+02, 1.13471277e+03, 9.81964111e+02,
    1.17367261e+03, 9.82004700e+02, 1.21257397e+03, 9.82157043e+02,
    1.25196252e+03, 9.82519165e+02, 1.09643347e+03, 1.02047424e+03,
    1.13501660e+03, 1.02036591e+03, 1.17397937e+03, 1.02041071e+03,
    1.21274548e+03, 1.02067145e+03, 1.25229321e+03, 1.02112018e+03,
    1.09663257e+03, 1.05877747e+03, 1.13534326e+03, 1.05878589e+03,
    1.17432007e+03, 1.05887817e+03, 1.21301746e+03, 1.05912488e+03,
    1.25244788e+03, 1.05950928e+03 ]
