%YAML:1.0
---
points: [ 1.12426501e+03, 1.05868689e+03, 1.08545581e+03, 1.05833972e+03,
    1.04668506e+03, 1.05809436e+03, 1.00800604e+03, 1.05804907e+03,
    9.69587402e+02, 1.05807825e+03, 1.12404163e+03, 1.02027521e+03,
    1.08517883e+03, 1.01972162e+03, 1.04633789e+03, 1.01951636e+03,
    1.00757666e+03, 1.01949084e+03, 9.69329163e+02, 1.01964917e+03,
    1.12359229e+03, 9.81708679e+02, 1.08474976e+03, 9.81416138e+02,
    1.04595068e+03, 9.81265442e+02, 1.00734290e+03, 9.81327209e+02,
    9.68834351e+02, 9.81493591e+02, 1.12340515e+03, 9.43440735e+02,
    1.08448694e+03, 9.43119812e+02, 1.04556909e+03, 9.42987610e+02,
    1.00687860e+03, 9.43059509e+02, 9.68444946e+02, 9.43397827e+02,
    1.12314893e+03, 9.04875549e+02, 1.08408899e+03, 9.04583191e+02,
    1.04526660e+03, 9.04493774e+02, 1.00651477e+03, 9.04598877e+02,
    9.67941162e+02, 9.04938049e+02, 1.12276697e+03, 8.66391174e+02,
    1.08364893e+03, 8.66236511e+02, 1.04484473e+03, 8.66243713e+02,
    1.00618286e+03, 8.66355347e+02, 9.67450562e+02, 8.66630493e+02,
    1.12252869e+03, 8.28294312e+02, 1.08345068e+03, 8.28238037e+02,
    1.04452539e+03, 8.28298157e+02, 1.00568933e+03, 8.28458252e+02,
    9.66841919e+02, 8.28742737e+02 ]
