%YAML:1.0
---
points: [ 8.67209595e+02, 8.31907410e+02, 9.06339233e+02, 8.31650757e+02,
    9.45434875e+02, 8.31637024e+02, 9.84763855e+02, 8.31698364e+02,
    1.02415979e+03, 8.31992615e+02, 8.67968384e+02, 8.70374390e+02,
    9.06904358e+02, 8.70174683e+02, 9.46140381e+02, 8.70186829e+02,
    9.85294312e+02, 8.70313843e+02, 1.02459021e+03, 8.70677979e+02,
    8.68643799e+02, 9.08899414e+02, 9.07471313e+02, 9.08693787e+02,
    9.46630005e+02, 9.08781311e+02, 9.85696472e+02, 9.09065491e+02,
    1.02504724e+03, 9.09491089e+02, 8.69218384e+02, 9.47692017e+02,
    9.08045471e+02, 9.47604736e+02, 9.47242310e+02, 9.47721680e+02,
    9.86193359e+02, 9.48022705e+02, 1.02552454e+03, 9.48626099e+02,
    8.69695496e+02, 9.86268921e+02, 9.08517639e+02, 9.86281555e+02,
    9.47629944e+02, 9.86458252e+02, 9.86536926e+02, 9.86764160e+02,
    1.02586768e+03, 9.87432068e+02, 8.70240784e+02, 1.02483765e+03,
    9.08880981e+02, 1.02499377e+03, 9.48035767e+02, 1.02525903e+03,
    9.86901245e+02, 1.02568701e+03, 1.02633057e+03, 1.02650708e+03,
    8.70569092e+02, 1.06361780e+03, 9.09399719e+02, 1.06384302e+03,
    9.48501526e+02, 1.06425183e+03, 9.87331177e+02, 1.06467664e+03,
    1.02662854e+03, 1.06539124e+03 ]
