%YAML:1.0
---
points: [ 7.85482544e+02, 8.31830750e+02, 8.24477539e+02, 8.31637085e+02,
    8.63637939e+02, 8.31557922e+02, 9.02610840e+02, 8.31668274e+02,
    9.42139954e+02, 8.32023254e+02, 7.86308167e+02, 8.70354797e+02,
    8.25397522e+02, 8.70136047e+02, 8.64465393e+02, 8.70191101e+02,
    9.03318848e+02, 8.70311218e+02, 9.42678528e+02, 8.70603516e+02,
    7.87050659e+02, 9.08897705e+02, 8.26125000e+02, 9.08733276e+02,
    8.65115173e+02, 9.08759399e+02, 9.03930603e+02, 9.09029541e+02,
    9.43309631e+02, 9.09478027e+02, 7.87780579e+02, 9.47589294e+02,
    8.26666504e+02, 9.47595154e+02, 8.65567749e+02, 9.47725769e+02,
    9.04529785e+02, 9.48087585e+02, 9.43695435e+02, 9.48615417e+02,
    7.88449951e+02, 9.86232666e+02, 8.27279053e+02, 9.86252625e+02,
    8.66146729e+02, 9.86410706e+02, 9.05122742e+02, 9.86860168e+02,
    9.44166199e+02, 9.87434265e+02, 7.89114929e+02, 1.02470679e+03,
    8.27727844e+02, 1.02485645e+03, 8.66550293e+02, 1.02520190e+03,
    9.05501587e+02, 1.02569995e+03, 9.44489319e+02, 1.02646179e+03,
    7.89581055e+02, 1.06348010e+03, 8.28226746e+02, 1.06376367e+03,
    8.66859802e+02, 1.06423083e+03, 9.05815796e+02, 1.06472876e+03,
    9.44807922e+02, 1.06540137e+03 ]
