%YAML:1.0
---
points: [ 7.13585632e+02, 8.33320068e+02, 7.52814758e+02, 8.33134094e+02,
    7.92003784e+02, 8.33090881e+02, 8.31229858e+02, 8.33178955e+02,
    8.70534241e+02, 8.33417175e+02, 7.14645874e+02, 8.71760315e+02,
    7.53803894e+02, 8.71642761e+02, 7.92857849e+02, 8.71628662e+02,
    8.32010132e+02, 8.71785645e+02, 8.71246216e+02, 8.72199341e+02,
    7.15580872e+02, 9.10562195e+02, 7.54590820e+02, 9.10496399e+02,
    7.93640320e+02, 9.10554321e+02, 8.32692810e+02, 9.10870789e+02,
    8.71763184e+02, 9.11410217e+02, 7.16416016e+02, 9.49508118e+02,
    7.55358887e+02, 9.49481262e+02, 7.94425415e+02, 9.49564453e+02,
    8.33293884e+02, 9.49944885e+02, 8.72390381e+02, 9.50486084e+02,
    7.17173950e+02, 9.88148376e+02, 7.55910034e+02, 9.88264709e+02,
    7.94960999e+02, 9.88479736e+02, 8.33750427e+02, 9.88860779e+02,
    8.72972961e+02, 9.89571045e+02, 7.17700012e+02, 1.02692456e+03,
    7.56505981e+02, 1.02725476e+03, 7.95516357e+02, 1.02751184e+03,
    8.34261353e+02, 1.02809863e+03, 8.73465820e+02, 1.02878955e+03,
    7.18297607e+02, 1.06561707e+03, 7.57027161e+02, 1.06596008e+03,
    7.95864563e+02, 1.06642126e+03, 8.34658936e+02, 1.06695984e+03,
    8.73852661e+02, 1.06780933e+03 ]
