%YAML:1.0
---
points: [ 6.32179688e+02, 8.34846069e+02, 6.71315735e+02, 8.34711304e+02,
    7.10730957e+02, 8.34788757e+02, 7.49830383e+02, 8.34937805e+02,
    7.89467712e+02, 8.35271301e+02, 6.33344788e+02, 8.73696472e+02,
    6.72495728e+02, 8.73674133e+02, 7.11799194e+02, 8.73745789e+02,
    7.50767822e+02, 8.74112122e+02, 7.90229919e+02, 8.74514465e+02,
    6.34399597e+02, 9.12709717e+02, 6.73633606e+02, 9.12626709e+02,
    7.12580688e+02, 9.12814880e+02, 7.51742737e+02, 9.13178345e+02,
    7.90976562e+02, 9.13656616e+02, 6.35327026e+02, 9.51648193e+02,
    6.74436218e+02, 9.51686890e+02, 7.13405396e+02, 9.51991333e+02,
    7.52536499e+02, 9.52446960e+02, 7.91552795e+02, 9.53261963e+02,
    6.36318970e+02, 9.90617188e+02, 6.75143494e+02, 9.90815125e+02,
    7.14157593e+02, 9.91150208e+02, 7.53135986e+02, 9.91622498e+02,
    7.92191833e+02, 9.92386963e+02, 6.37120483e+02, 1.02942773e+03,
    6.75728760e+02, 1.02961780e+03, 7.14747009e+02, 1.03010828e+03,
    7.53663513e+02, 1.03076257e+03, 7.92631165e+02, 1.03171191e+03,
    6.37761108e+02, 1.06830383e+03, 6.76350769e+02, 1.06874634e+03,
    7.15291992e+02, 1.06947375e+03, 7.54117737e+02, 1.07019250e+03,
    7.93138000e+02, 1.07104260e+03 ]
