%YAML:1.0
---
points: [ 7.27216064e+02, 1.06620520e+03, 6.87863159e+02, 1.06625989e+03,
    6.48892456e+02, 1.06621777e+03, 6.09921387e+02, 1.06642432e+03,
    5.70681213e+02, 1.06668457e+03, 7.26629272e+02, 1.02739807e+03,
    6.87350891e+02, 1.02740295e+03, 6.48472412e+02, 1.02747205e+03,
    6.09247375e+02, 1.02772681e+03, 5.69981750e+02, 1.02822095e+03,
    7.26076721e+02, 9.88372253e+02, 6.86781555e+02, 9.88316956e+02,
    6.47792542e+02, 9.88445068e+02, 6.08353455e+02, 9.88836548e+02,
    5.69217651e+02, 9.89371216e+02, 7.25381592e+02, 9.49532837e+02,
    6.86176941e+02, 9.49505493e+02, 6.47061157e+02, 9.49710510e+02,
    6.07574341e+02, 9.50143494e+02, 5.68195129e+02, 9.50613342e+02,
    7.24553223e+02, 9.10452820e+02, 6.85395142e+02, 9.10500610e+02,
    6.46118713e+02, 9.10805420e+02, 6.06654419e+02, 9.11295288e+02,
    5.66956055e+02, 9.11838013e+02, 7.23782349e+02, 8.71429443e+02,
    6.84499878e+02, 8.71570312e+02, 6.45056946e+02, 8.71860779e+02,
    6.05585388e+02, 8.72289795e+02, 5.65723755e+02, 8.72898865e+02,
    7.22888428e+02, 8.32744995e+02, 6.83402832e+02, 8.32961121e+02,
    6.43968384e+02, 8.33325378e+02, 6.04275757e+02, 8.33674072e+02,
    5.64509155e+02, 8.34234741e+02 ]
