%YAML:1.0
---
points: [ 6.70781860e+02, 1.06786401e+03, 6.31736206e+02, 1.06785938e+03,
    5.92433777e+02, 1.06804297e+03, 5.53289062e+02, 1.06823218e+03,
    5.13866089e+02, 1.06859924e+03, 6.70237854e+02, 1.02895483e+03,
    6.31115112e+02, 1.02896631e+03, 5.91866943e+02, 1.02917322e+03,
    5.52518677e+02, 1.02937451e+03, 5.13109497e+02, 1.02965015e+03,
    6.69633850e+02, 9.90086243e+02, 6.30380432e+02, 9.90005615e+02,
    5.91158569e+02, 9.90196411e+02, 5.51592285e+02, 9.90596436e+02,
    5.12148315e+02, 9.91052673e+02, 6.69030273e+02, 9.50864319e+02,
    6.29483337e+02, 9.50981812e+02, 5.90271545e+02, 9.51270203e+02,
    5.50521484e+02, 9.51625488e+02, 5.11031342e+02, 9.52267090e+02,
    6.68234375e+02, 9.11814758e+02, 6.28665222e+02, 9.11948975e+02,
    5.89369934e+02, 9.12242126e+02, 5.49490112e+02, 9.12658875e+02,
    5.09688782e+02, 9.13251648e+02, 6.67188293e+02, 8.72692139e+02,
    6.27632629e+02, 8.72887085e+02, 5.88213501e+02, 8.73238464e+02,
    5.48388794e+02, 8.73665955e+02, 5.08326630e+02, 8.74443237e+02,
    6.66181091e+02, 8.33783081e+02, 6.26584351e+02, 8.34110168e+02,
    5.86738892e+02, 8.34430664e+02, 5.46799927e+02, 8.34789124e+02,
    5.06847473e+02, 8.35401978e+02 ]
