%YAML:1.0
---
points: [ 5.85878723e+02, 1.07088220e+03, 5.46414124e+02, 1.07085046e+03,
    5.07076141e+02, 1.07103186e+03, 4.67463898e+02, 1.07129712e+03,
    4.28067688e+02, 1.07152319e+03, 5.85219727e+02, 1.03175232e+03,
    5.45609253e+02, 1.03175647e+03, 5.06279144e+02, 1.03193970e+03,
    4.66554199e+02, 1.03231555e+03, 4.26901398e+02, 1.03271143e+03,
    5.84468933e+02, 9.92550598e+02, 5.44774475e+02, 9.92595825e+02,
    5.05412598e+02, 9.92742126e+02, 4.65486237e+02, 9.93249329e+02,
    4.25587952e+02, 9.93678345e+02, 5.83445190e+02, 9.53541748e+02,
    5.43812500e+02, 9.53601562e+02, 5.04211761e+02, 9.53887756e+02,
    4.64386108e+02, 9.54266296e+02, 4.24253174e+02, 9.54800842e+02,
    5.82414124e+02, 9.14094788e+02, 5.42726074e+02, 9.14216431e+02,
    5.02932648e+02, 9.14532410e+02, 4.63044281e+02, 9.14997314e+02,
    4.22795654e+02, 9.15657288e+02, 5.81329834e+02, 8.74939209e+02,
    5.41486328e+02, 8.75198425e+02, 5.01649567e+02, 8.75487122e+02,
    4.61488434e+02, 8.75859802e+02, 4.21269928e+02, 8.76536194e+02,
    5.80156433e+02, 8.35670227e+02, 5.39995789e+02, 8.35978699e+02,
    5.00104156e+02, 8.36355957e+02, 4.59769379e+02, 8.36898254e+02,
    4.19326569e+02, 8.37539062e+02 ]
