%YAML:1.0
---
points: [ 5.16628662e+02, 1.06825037e+03, 4.76780151e+02, 1.06888403e+03,
    4.37004913e+02, 1.06967395e+03, 3.96966492e+02, 1.07034204e+03,
    3.56985870e+02, 1.07110754e+03, 5.15766235e+02, 1.02937976e+03,
    4.75857635e+02, 1.02982837e+03, 4.36095276e+02, 1.03054822e+03,
    3.95963898e+02, 1.03140723e+03, 3.55646332e+02, 1.03239478e+03,
    5.14705139e+02, 9.90540100e+02, 4.74924316e+02, 9.91092041e+02,
    4.34873322e+02, 9.91704163e+02, 3.94693451e+02, 9.92545593e+02,
    3.54238373e+02, 9.93452698e+02, 5.13726929e+02, 9.51494934e+02,
    4.73780182e+02, 9.52078674e+02, 4.33648102e+02, 9.52701904e+02,
    3.93188507e+02, 9.53735413e+02, 3.52682739e+02, 9.54590637e+02,
    5.12585510e+02, 9.12467468e+02, 4.72438904e+02, 9.12949646e+02,
    4.32396393e+02, 9.13599365e+02, 3.91705231e+02, 9.14452454e+02,
    3.50886597e+02, 9.15535583e+02, 5.11451355e+02, 8.73351074e+02,
    4.71012817e+02, 8.74013123e+02, 4.30756439e+02, 8.74709167e+02,
    3.90124573e+02, 8.75480774e+02, 3.49224060e+02, 8.76454468e+02,
    5.09915741e+02, 8.34365417e+02, 4.69508972e+02, 8.34901306e+02,
    4.28915497e+02, 8.35653503e+02, 3.88112732e+02, 8.36521667e+02,
    3.47236328e+02, 8.37417419e+02 ]
