%YAML:1.0
---
points: [ 4.23519348e+02, 1.06605762e+03, 3.84034149e+02, 1.06654041e+03,
    3.44318848e+02, 1.06718726e+03, 3.04483154e+02, 1.06803821e+03,
    2.64732635e+02, 1.06881689e+03, 4.22473999e+02, 1.02751477e+03,
    3.82660156e+02, 1.02809070e+03, 3.43112610e+02, 1.02865027e+03,
    3.03005219e+02, 1.02936060e+03, 2.63211975e+02, 1.03022083e+03,
    4.21441284e+02, 9.88683044e+02, 3.81469391e+02, 9.89299805e+02,
    3.41684174e+02, 9.90006470e+02, 3.01565216e+02, 9.90792786e+02,
    2.61232849e+02, 9.91736572e+02, 4.19889252e+02, 9.50063538e+02,
    3.80174622e+02, 9.50485352e+02, 3.40148834e+02, 9.51272034e+02,
    2.99963440e+02, 9.52098022e+02, 2.59458374e+02, 9.53179382e+02,
    4.18529053e+02, 9.11215332e+02, 3.78532227e+02, 9.11722229e+02,
    3.38512604e+02, 9.12418274e+02, 2.97985718e+02, 9.13260559e+02,
    2.57309753e+02, 9.14087646e+02, 4.17117737e+02, 8.72253357e+02,
    3.76675995e+02, 8.72797485e+02, 3.36623993e+02, 8.73542786e+02,
    2.96041351e+02, 8.74430115e+02, 2.55183563e+02, 8.75374512e+02,
    4.15260193e+02, 8.33489441e+02, 3.74825470e+02, 8.34162170e+02,
    3.34302032e+02, 8.34784180e+02, 2.93590759e+02, 8.35535645e+02,
    2.52789047e+02, 8.36476135e+02 ]
