%YAML:1.0
---
points: [ 3.76424896e+02, 1.06513879e+03, 3.37527374e+02, 1.06518274e+03,
    2.98360229e+02, 1.06534753e+03, 2.59315369e+02, 1.06550256e+03,
    2.20128250e+02, 1.06575659e+03, 3.75578552e+02, 1.02648486e+03,
    3.36471344e+02, 1.02651233e+03, 2.97389404e+02, 1.02670129e+03,
    2.58144867e+02, 1.02702136e+03, 2.18784393e+02, 1.02742456e+03,
    3.74625092e+02, 9.87587524e+02, 3.35352783e+02, 9.87656006e+02,
    2.96274048e+02, 9.87864380e+02, 2.56706970e+02, 9.88338684e+02,
    2.17258026e+02, 9.88723267e+02, 3.73541473e+02, 9.49009583e+02,
    3.34144531e+02, 9.49183167e+02, 2.94936707e+02, 9.49420410e+02,
    2.55170731e+02, 9.49776917e+02, 2.15561462e+02, 9.50281738e+02,
    3.72175568e+02, 9.09930115e+02, 3.32761810e+02, 9.10295288e+02,
    2.93321442e+02, 9.10548035e+02, 2.53640701e+02, 9.11005249e+02,
    2.13658585e+02, 9.11567688e+02, 3.70772522e+02, 8.71229736e+02,
    3.31192291e+02, 8.71437317e+02, 2.91592407e+02, 8.71661194e+02,
    2.51864731e+02, 8.72153320e+02, 2.11686356e+02, 8.72651917e+02,
    3.69306580e+02, 8.32499329e+02, 3.29294159e+02, 8.32755554e+02,
    2.89747742e+02, 8.33229858e+02, 2.49559677e+02, 8.33564453e+02,
    2.09456757e+02, 8.34087708e+02 ]
