%YAML:1.0
---
points: [ 3.58151978e+02, 1.06515735e+03, 3.19104126e+02, 1.06499048e+03,
    2.80414642e+02, 1.06497656e+03, 2.41488113e+02, 1.06495203e+03,
    2.02661911e+02, 1.06505566e+03, 3.57041016e+02, 1.02646509e+03,
    3.18204376e+02, 1.02636108e+03, 2.79351044e+02, 1.02634607e+03,
    2.40251846e+02, 1.02646375e+03, 2.01436569e+02, 1.02657800e+03,
    3.56032532e+02, 9.87621765e+02, 3.17252563e+02, 9.87535217e+02,
    2.78198822e+02, 9.87570007e+02, 2.38976257e+02, 9.87723633e+02,
    1.99800720e+02, 9.88034119e+02, 3.54941864e+02, 9.49001953e+02,
    3.16035919e+02, 9.48947693e+02, 2.76862183e+02, 9.49114502e+02,
    2.37504288e+02, 9.49322815e+02, 1.98005417e+02, 9.49598633e+02,
    3.53823761e+02, 9.09996887e+02, 3.14474884e+02, 9.10111755e+02,
    2.75416473e+02, 9.10223328e+02, 2.35736328e+02, 9.10514893e+02,
    1.96343124e+02, 9.10859497e+02, 3.52455566e+02, 8.71152161e+02,
    3.12916992e+02, 8.71293823e+02, 2.73713776e+02, 8.71488098e+02,
    2.34016159e+02, 8.71699524e+02, 1.94392548e+02, 8.72145508e+02,
    3.50670349e+02, 8.32500244e+02, 3.11254059e+02, 8.32672852e+02,
    2.71702881e+02, 8.32929077e+02, 2.31847763e+02, 8.33283752e+02,
    1.91969421e+02, 8.33584778e+02 ]
