%YAML:1.0
---
points: [ 1.56647964e+02, 8.32209900e+02, 1.96400635e+02, 8.32189148e+02,
    2.35805786e+02, 8.32195129e+02, 2.75280548e+02, 8.32258240e+02,
    3.14528015e+02, 8.32417908e+02, 1.58801727e+02, 8.70739197e+02,
    1.98229279e+02, 8.70707153e+02, 2.37830109e+02, 8.70711914e+02,
    2.76783661e+02, 8.70901855e+02, 3.16173096e+02, 8.71117859e+02,
    1.60585022e+02, 9.09415588e+02, 2.00027084e+02, 9.09380859e+02,
    2.39236908e+02, 9.09467529e+02, 2.78284088e+02, 9.09716003e+02,
    3.17414917e+02, 9.09935974e+02, 1.62399857e+02, 9.48267517e+02,
    2.01525391e+02, 9.48269226e+02, 2.40492386e+02, 9.48454712e+02,
    2.79548737e+02, 9.48627930e+02, 3.18387543e+02, 9.49001648e+02,
    1.63928329e+02, 9.86624512e+02, 2.02841904e+02, 9.86693665e+02,
    2.41803406e+02, 9.86940430e+02, 2.80589020e+02, 9.87213623e+02,
    3.19321228e+02, 9.87582520e+02, 1.65218109e+02, 1.02510693e+03,
    2.03928986e+02, 1.02535303e+03, 2.42881393e+02, 1.02562085e+03,
    2.81464569e+02, 1.02603101e+03, 3.20182373e+02, 1.02653723e+03,
    1.66302994e+02, 1.06352747e+03, 2.05036926e+02, 1.06385681e+03,
    2.43547546e+02, 1.06431519e+03, 2.82148407e+02, 1.06472473e+03,
    3.20999420e+02, 1.06518469e+03 ]
