%YAML:1.0
---
points: [ 1.11685814e+02, 8.33477112e+02, 1.51156952e+02, 8.33461914e+02,
    1.90737442e+02, 8.33480896e+02, 2.29925385e+02, 8.33562195e+02,
    2.69433807e+02, 8.33686218e+02, 1.13817955e+02, 8.72095947e+02,
    1.53425064e+02, 8.72157715e+02, 1.92686050e+02, 8.72211060e+02,
    2.31886017e+02, 8.72342041e+02, 2.71002960e+02, 8.72655701e+02,
    1.16016632e+02, 9.11007629e+02, 1.55179153e+02, 9.11124756e+02,
    1.94535843e+02, 9.11228821e+02, 2.33328735e+02, 9.11467896e+02,
    2.72379242e+02, 9.11769043e+02, 1.17684662e+02, 9.49745605e+02,
    1.56785324e+02, 9.49886841e+02, 1.96019302e+02, 9.50117798e+02,
    2.34678970e+02, 9.50375549e+02, 2.73697449e+02, 9.50741882e+02,
    1.19241951e+02, 9.88387878e+02, 1.58404648e+02, 9.88606567e+02,
    1.97260422e+02, 9.88745422e+02, 2.35950531e+02, 9.89141357e+02,
    2.74796387e+02, 9.89676025e+02, 1.20867096e+02, 1.02717078e+03,
    1.59589401e+02, 1.02743005e+03, 1.98298615e+02, 1.02769617e+03,
    2.37074875e+02, 1.02823230e+03, 2.75714813e+02, 1.02866321e+03,
    1.22186264e+02, 1.06559973e+03, 1.60697830e+02, 1.06586792e+03,
    1.99344009e+02, 1.06634070e+03, 2.37998077e+02, 1.06675256e+03,
    2.76593201e+02, 1.06735205e+03 ]
