%YAML:1.0
---
points: [ 1.11844337e+02, 8.33370178e+02, 1.51277908e+02, 8.33371216e+02,
    1.90927277e+02, 8.33406494e+02, 2.29953690e+02, 8.33546265e+02,
    2.69560394e+02, 8.33641846e+02, 1.13926315e+02, 8.72024475e+02,
    1.53629242e+02, 8.72075134e+02, 1.92808762e+02, 8.72145996e+02,
    2.31966583e+02, 8.72285461e+02, 2.71148346e+02, 8.72590271e+02,
    1.16066414e+02, 9.10887634e+02, 1.55340012e+02, 9.11050415e+02,
    1.94605362e+02, 9.11184937e+02, 2.33449081e+02, 9.11378479e+02,
    2.72467285e+02, 9.11649475e+02, 1.17764519e+02, 9.49723999e+02,
    1.56857956e+02, 9.49856201e+02, 1.96101456e+02, 9.50112366e+02,
    2.34825104e+02, 9.50271912e+02, 2.73786621e+02, 9.50674500e+02,
    1.19325272e+02, 9.88299438e+02, 1.58543777e+02, 9.88507385e+02,
    1.97378845e+02, 9.88719910e+02, 2.36041321e+02, 9.89094910e+02,
    2.74887909e+02, 9.89610107e+02, 1.21073875e+02, 1.02702502e+03,
    1.59669739e+02, 1.02733276e+03, 1.98382629e+02, 1.02763892e+03,
    2.37172623e+02, 1.02814966e+03, 2.75780029e+02, 1.02858325e+03,
    1.22313942e+02, 1.06551074e+03, 1.60728912e+02, 1.06583557e+03,
    1.99458267e+02, 1.06628723e+03, 2.38072876e+02, 1.06670239e+03,
    2.76699341e+02, 1.06734558e+03 ]
