%YAML:1.0
---
points: [ 2.25436462e+02, 1.06927417e+03, 1.86352768e+02, 1.06882812e+03,
    1.47509125e+02, 1.06858350e+03, 1.08378586e+02, 1.06838562e+03,
    6.92496567e+01, 1.06835498e+03, 2.24262451e+02, 1.03016577e+03,
    1.85383652e+02, 1.02973743e+03, 1.46335144e+02, 1.02959265e+03,
    1.07282867e+02, 1.02950989e+03, 6.80977707e+01, 1.02950146e+03,
    2.23332199e+02, 9.91274902e+02, 1.84320709e+02, 9.90898743e+02,
    1.45110977e+02, 9.90768372e+02, 1.05945641e+02, 9.90752319e+02,
    6.62622986e+01, 9.90835754e+02, 2.22131805e+02, 9.52160034e+02,
    1.82816345e+02, 9.51813416e+02, 1.43759689e+02, 9.51724670e+02,
    1.04163834e+02, 9.51765808e+02, 6.46388016e+01, 9.51860413e+02,
    2.20673218e+02, 9.12938782e+02, 1.81358276e+02, 9.12747314e+02,
    1.42241043e+02, 9.12680176e+02, 1.02473076e+02, 9.12714417e+02,
    6.27741318e+01, 9.12845032e+02, 2.19076523e+02, 8.73802368e+02,
    1.79781937e+02, 8.73676147e+02, 1.40317917e+02, 8.73615112e+02,
    1.00688362e+02, 8.73661987e+02, 6.06245956e+01, 8.73858826e+02,
    2.17403946e+02, 8.34612854e+02, 1.77574509e+02, 8.34518677e+02,
    1.38075500e+02, 8.34577942e+02, 9.82518768e+01, 8.34634888e+02,
    5.83623695e+01, 8.34811646e+02 ]
