%YAML:1.0
---
points: [ 8.40371609e+00, 8.34869019e+02, 4.84720192e+01, 8.34692383e+02,
    8.80445862e+01, 8.34612122e+02, 1.27610809e+02, 8.34638794e+02,
    1.67116699e+02, 8.34617371e+02, 1.07329950e+01, 8.74175598e+02,
    5.05800018e+01, 8.73887207e+02, 9.04497223e+01, 8.73859985e+02,
    1.29485550e+02, 8.73877441e+02, 1.69094147e+02, 8.74070068e+02,
    1.27883892e+01, 9.13247803e+02, 5.25247269e+01, 9.13020203e+02,
    9.20244904e+01, 9.13064331e+02, 1.31276505e+02, 9.13124451e+02,
    1.70461899e+02, 9.13351257e+02, 1.44899683e+01, 9.52407898e+02,
    5.42059402e+01, 9.52291809e+02, 9.35987167e+01, 9.52311401e+02,
    1.32800812e+02, 9.52374451e+02, 1.71753815e+02, 9.52728638e+02,
    1.60778904e+01, 9.91529907e+02, 5.56113091e+01, 9.91363220e+02,
    9.50646210e+01, 9.91383728e+02, 1.34174500e+02, 9.91596313e+02,
    1.72927719e+02, 9.91836426e+02, 1.74685764e+01, 1.03040906e+03,
    5.67716408e+01, 1.03038550e+03, 9.62042160e+01, 1.03038843e+03,
    1.35001556e+02, 1.03063110e+03, 1.74129059e+02, 1.03103674e+03,
    1.85247097e+01, 1.06960950e+03, 5.79651566e+01, 1.06956128e+03,
    9.70619431e+01, 1.06966223e+03, 1.35927292e+02, 1.06991260e+03,
    1.75091980e+02, 1.07028613e+03 ]
