%YAML:1.0
---
points: [ 1.82424271e+02, 1.06639087e+03, 1.42895477e+02, 1.06662000e+03,
    1.03097664e+02, 1.06687024e+03, 6.33554611e+01, 1.06742285e+03,
    2.31212139e+01, 1.06792676e+03, 1.81443802e+02, 1.02770947e+03,
    1.41819534e+02, 1.02789038e+03, 1.02252098e+02, 1.02820496e+03,
    6.21272774e+01, 1.02855933e+03, 2.19616642e+01, 1.02919214e+03,
    1.80450211e+02, 9.88647827e+02, 1.40772263e+02, 9.88796692e+02,
    1.01081123e+02, 9.89195068e+02, 6.08681259e+01, 9.89607849e+02,
    2.03809204e+01, 9.90301575e+02, 1.79295059e+02, 9.49812561e+02,
    1.39476120e+02, 9.49970581e+02, 9.96316986e+01, 9.50326538e+02,
    5.93910370e+01, 9.50667664e+02, 1.87403164e+01, 9.51277283e+02,
    1.77798630e+02, 9.10711487e+02, 1.38006210e+02, 9.11016174e+02,
    9.80016174e+01, 9.11314636e+02, 5.76542931e+01, 9.11744446e+02,
    1.70914040e+01, 9.12244141e+02, 1.76276184e+02, 8.71633423e+02,
    1.36170532e+02, 8.71851135e+02, 9.63148346e+01, 8.72222717e+02,
    5.57698822e+01, 8.72558228e+02, 1.49816160e+01, 8.73239075e+02,
    1.74619537e+02, 8.32747375e+02, 1.34249435e+02, 8.33129639e+02,
    9.40400009e+01, 8.33324463e+02, 5.35644112e+01, 8.33705688e+02,
    1.27512245e+01, 8.34184875e+02 ]
