%YAML:1.0
---
points: [ 1.30565357e+01, 8.23439331e+02, 5.19581223e+01, 8.24290771e+02,
    9.07714539e+01, 8.25174255e+02, 1.29376007e+02, 8.26145447e+02,
    1.68206421e+02, 8.27260437e+02, 1.35299006e+01, 8.62333740e+02,
    5.25540237e+01, 8.63267822e+02, 9.13605347e+01, 8.64286804e+02,
    1.29689072e+02, 8.65232544e+02, 1.68399353e+02, 8.66284485e+02,
    1.37089272e+01, 9.01559509e+02, 5.27461014e+01, 9.02270996e+02,
    9.14554977e+01, 9.03346619e+02, 1.29768066e+02, 9.04286377e+02,
    1.68322632e+02, 9.05587769e+02, 1.38153667e+01, 9.40488037e+02,
    5.27396965e+01, 9.41434387e+02, 9.13892899e+01, 9.42506836e+02,
    1.29667480e+02, 9.43669800e+02, 1.68154266e+02, 9.44880676e+02,
    1.36984701e+01, 9.79683228e+02, 5.25436630e+01, 9.80622864e+02,
    9.11887054e+01, 9.81571411e+02, 1.29444351e+02, 9.82678345e+02,
    1.67649704e+02, 9.84226135e+02, 1.34978313e+01, 1.01860516e+03,
    5.21629219e+01, 1.01954938e+03, 9.07333527e+01, 1.02081848e+03,
    1.28906647e+02, 1.02216968e+03, 1.67097137e+02, 1.02350134e+03,
    1.30015936e+01, 1.05780249e+03, 5.14781227e+01, 1.05893701e+03,
    9.00192032e+01, 1.05994971e+03, 1.28352432e+02, 1.06127795e+03,
    1.66494019e+02, 1.06280115e+03 ]
