%YAML:1.0
---
points: [ 1.89109705e+03, 6.38404358e+02, 1.85938037e+03, 6.38662170e+02,
    1.82780542e+03, 6.39062622e+02, 1.79620557e+03, 6.39501099e+02,
    1.76473059e+03, 6.39920715e+02, 1.89286926e+03, 6.06780762e+02,
    1.86085449e+03, 6.07231995e+02, 1.82930383e+03, 6.07555847e+02,
    1.79761060e+03, 6.08029297e+02, 1.76627783e+03, 6.08359009e+02,
    1.89469336e+03, 5.75217041e+02, 1.86271521e+03, 5.75526733e+02,
    1.83104834e+03, 5.75883301e+02, 1.79941809e+03, 5.76343323e+02,
    1.76794202e+03, 5.76683350e+02, 1.89659424e+03, 5.43450317e+02,
    1.86449365e+03, 5.43771545e+02, 1.83284021e+03, 5.44203735e+02,
    1.80119788e+03, 5.44522522e+02, 1.76966309e+03, 5.44932190e+02,
    1.89870642e+03, 5.11319153e+02, 1.86652136e+03, 5.11686218e+02,
    1.83462292e+03, 5.12077148e+02, 1.80296997e+03, 5.12444092e+02,
    1.77153479e+03, 5.12788391e+02, 1.90094373e+03, 4.79141846e+02,
    1.86868726e+03, 4.79486542e+02, 1.83690967e+03, 4.79864471e+02,
    1.80528711e+03, 4.80257904e+02, 1.77369604e+03, 4.80641052e+02,
    1.90334546e+03, 4.46774536e+02, 1.87115857e+03, 4.47162109e+02,
    1.83929285e+03, 4.47611633e+02, 1.80743030e+03, 4.48067169e+02,
    1.77572693e+03, 4.48426300e+02 ]
