%YAML:1.0
---
points: [ 1.82749084e+03, 6.38509583e+02, 1.79565747e+03, 6.38858887e+02,
    1.76394751e+03, 6.39406799e+02, 1.73228809e+03, 6.39828003e+02,
    1.70068604e+03, 6.40384033e+02, 1.82913245e+03, 6.06962524e+02,
    1.79713904e+03, 6.07434753e+02, 1.76522437e+03, 6.07805969e+02,
    1.73354041e+03, 6.08359253e+02, 1.70190747e+03, 6.08799133e+02,
    1.83087866e+03, 5.75344727e+02, 1.79872949e+03, 5.75655151e+02,
    1.76674561e+03, 5.76133301e+02, 1.73503223e+03, 5.76595093e+02,
    1.70345215e+03, 5.77156311e+02, 1.83274927e+03, 5.43520630e+02,
    1.80050830e+03, 5.43896606e+02, 1.76857910e+03, 5.44385559e+02,
    1.73679028e+03, 5.44813538e+02, 1.70512451e+03, 5.45410583e+02,
    1.83458459e+03, 5.11314362e+02, 1.80227344e+03, 5.11771088e+02,
    1.77037231e+03, 5.12274841e+02, 1.73850208e+03, 5.12682129e+02,
    1.70677332e+03, 5.13262085e+02, 1.83680701e+03, 4.79010437e+02,
    1.80446667e+03, 4.79539093e+02, 1.77232935e+03, 4.80074860e+02,
    1.74039758e+03, 4.80518707e+02, 1.70871814e+03, 4.80925934e+02,
    1.83892468e+03, 4.46663971e+02, 1.80678784e+03, 4.47160004e+02,
    1.77463281e+03, 4.47680267e+02, 1.74270105e+03, 4.48348907e+02,
    1.71087378e+03, 4.48699341e+02 ]
