%YAML:1.0
---
points: [ 1.75907544e+03, 6.38097839e+02, 1.72721143e+03, 6.38610718e+02,
    1.69541150e+03, 6.39179688e+02, 1.66367749e+03, 6.39684753e+02,
    1.63216638e+03, 6.40254517e+02, 1.76051111e+03, 6.06584595e+02,
    1.72838269e+03, 6.07135010e+02, 1.69646741e+03, 6.07618225e+02,
    1.66470850e+03, 6.08239441e+02, 1.63318250e+03, 6.08763428e+02,
    1.76195264e+03, 5.74890320e+02, 1.72962427e+03, 5.75503113e+02,
    1.69763831e+03, 5.76018250e+02, 1.66593091e+03, 5.76565308e+02,
    1.63429053e+03, 5.77169922e+02, 1.76358997e+03, 5.43189697e+02,
    1.73132593e+03, 5.43713135e+02, 1.69930371e+03, 5.44301636e+02,
    1.66739014e+03, 5.44837463e+02, 1.63570984e+03, 5.45478394e+02,
    1.76522742e+03, 5.10998352e+02, 1.73285217e+03, 5.11649078e+02,
    1.70068555e+03, 5.12231018e+02, 1.66879614e+03, 5.12741150e+02,
    1.63723743e+03, 5.13350830e+02, 1.76706250e+03, 4.78755737e+02,
    1.73453711e+03, 4.79396729e+02, 1.70241199e+03, 4.80089966e+02,
    1.67038452e+03, 4.80610687e+02, 1.63868945e+03, 4.81289764e+02,
    1.76917603e+03, 4.46453827e+02, 1.73678259e+03, 4.47080536e+02,
    1.70454785e+03, 4.47791962e+02, 1.67235278e+03, 4.48480133e+02,
    1.64046729e+03, 4.48982697e+02 ]
