%YAML:1.0
---
points: [ 1.66944531e+03, 6.38866821e+02, 1.63670740e+03, 6.39353821e+02,
    1.60419812e+03, 6.39663696e+02, 1.57156555e+03, 6.40205383e+02,
    1.53928516e+03, 6.40588806e+02, 1.67055322e+03, 6.07313477e+02,
    1.63767786e+03, 6.07654419e+02, 1.60510266e+03, 6.08191284e+02,
    1.57238403e+03, 6.08599976e+02, 1.54020007e+03, 6.09178772e+02,
    1.67160962e+03, 5.75467590e+02, 1.63867554e+03, 5.75790405e+02,
    1.60592163e+03, 5.76346497e+02, 1.57341174e+03, 5.76851257e+02,
    1.54115747e+03, 5.77431763e+02, 1.67315088e+03, 5.43538452e+02,
    1.63975745e+03, 5.43994019e+02, 1.60710498e+03, 5.44531555e+02,
    1.57440356e+03, 5.45081238e+02, 1.54216321e+03, 5.45675354e+02,
    1.67452502e+03, 5.11214813e+02, 1.64126135e+03, 5.11784637e+02,
    1.60832666e+03, 5.12416748e+02, 1.57552173e+03, 5.12972839e+02,
    1.54320740e+03, 5.13588501e+02, 1.67592822e+03, 4.78719421e+02,
    1.64268909e+03, 4.79445190e+02, 1.60977747e+03, 4.80205383e+02,
    1.57675244e+03, 4.80722900e+02, 1.54439709e+03, 4.81455902e+02,
    1.67766968e+03, 4.46219971e+02, 1.64432239e+03, 4.46851318e+02,
    1.61140894e+03, 4.47727509e+02, 1.57850110e+03, 4.48515747e+02,
    1.54568640e+03, 4.49191406e+02 ]
