%YAML:1.0
---
points: [ 1.61835999e+03, 6.38598938e+02, 1.58622461e+03, 6.38994019e+02,
    1.55419531e+03, 6.39382568e+02, 1.52225525e+03, 6.39831299e+02,
    1.49041907e+03, 6.40303894e+02, 1.61950293e+03, 6.07137634e+02,
    1.58709082e+03, 6.07470764e+02, 1.55490540e+03, 6.07799500e+02,
    1.52306189e+03, 6.08285400e+02, 1.49121362e+03, 6.08718262e+02,
    1.62065161e+03, 5.75369873e+02, 1.58816650e+03, 5.75724915e+02,
    1.55588062e+03, 5.76154724e+02, 1.52377271e+03, 5.76630676e+02,
    1.49196741e+03, 5.77109558e+02, 1.62188745e+03, 5.43510681e+02,
    1.58937964e+03, 5.43987122e+02, 1.55713428e+03, 5.44448303e+02,
    1.52496252e+03, 5.44861389e+02, 1.49302258e+03, 5.45422424e+02,
    1.62319971e+03, 5.11360321e+02, 1.59061890e+03, 5.11796692e+02,
    1.55830920e+03, 5.12346436e+02, 1.52612805e+03, 5.12726624e+02,
    1.49421350e+03, 5.13273010e+02, 1.62475720e+03, 4.78988617e+02,
    1.59193970e+03, 4.79529175e+02, 1.55959229e+03, 4.80126282e+02,
    1.52735291e+03, 4.80576080e+02, 1.49540149e+03, 4.81149750e+02,
    1.62647742e+03, 4.46587097e+02, 1.59382544e+03, 4.47130096e+02,
    1.56129382e+03, 4.47760376e+02, 1.52877441e+03, 4.48383698e+02,
    1.49667188e+03, 4.48835144e+02 ]
