%YAML:1.0
---
points: [ 1.55903394e+03, 6.38184204e+02, 1.52711511e+03, 6.38552856e+02,
    1.49544373e+03, 6.38946716e+02, 1.46366455e+03, 6.39450256e+02,
    1.43223853e+03, 6.39894165e+02, 1.55988513e+03, 6.06683044e+02,
    1.52791821e+03, 6.07171814e+02, 1.49616821e+03, 6.07586182e+02,
    1.46436414e+03, 6.08079834e+02, 1.43270569e+03, 6.08468079e+02,
    1.56085425e+03, 5.75187683e+02, 1.52866443e+03, 5.75555725e+02,
    1.49681995e+03, 5.76024780e+02, 1.46507361e+03, 5.76473633e+02,
    1.43344507e+03, 5.77008606e+02, 1.56215930e+03, 5.43551941e+02,
    1.52968286e+03, 5.43918335e+02, 1.49776587e+03, 5.44420288e+02,
    1.46591980e+03, 5.44840820e+02, 1.43429919e+03, 5.45393372e+02,
    1.56339221e+03, 5.11602448e+02, 1.53094043e+03, 5.12043396e+02,
    1.49894006e+03, 5.12450745e+02, 1.46684619e+03, 5.12861877e+02,
    1.43526965e+03, 5.13416992e+02, 1.56456323e+03, 4.79446838e+02,
    1.53221179e+03, 4.79903992e+02, 1.50014819e+03, 4.80489197e+02,
    1.46809521e+03, 4.80869141e+02, 1.43638147e+03, 4.81390778e+02,
    1.56597559e+03, 4.47136444e+02, 1.53357483e+03, 4.47712097e+02,
    1.50144360e+03, 4.48287842e+02, 1.46943811e+03, 4.48721710e+02,
    1.43752075e+03, 4.49282196e+02 ]
