%YAML:1.0
---
points: [ 1.50034729e+03, 6.38433594e+02, 1.46849182e+03, 6.38626526e+02,
    1.43676477e+03, 6.38994385e+02, 1.40486414e+03, 6.39390869e+02,
    1.37346509e+03, 6.39703247e+02, 1.50118323e+03, 6.07010254e+02,
    1.46917664e+03, 6.07330688e+02, 1.43734790e+03, 6.07612000e+02,
    1.40548987e+03, 6.08066284e+02, 1.37397131e+03, 6.08401917e+02,
    1.50186816e+03, 5.75465759e+02, 1.46977527e+03, 5.75710449e+02,
    1.43784290e+03, 5.76142151e+02, 1.40612952e+03, 5.76488831e+02,
    1.37453125e+03, 5.76899658e+02, 1.50283826e+03, 5.43779053e+02,
    1.47064099e+03, 5.44178955e+02, 1.43868323e+03, 5.44492065e+02,
    1.40682727e+03, 5.44932190e+02, 1.37530383e+03, 5.45419556e+02,
    1.50414771e+03, 5.11910370e+02, 1.47159253e+03, 5.12354126e+02,
    1.43954675e+03, 5.12599548e+02, 1.40760669e+03, 5.13083740e+02,
    1.37596167e+03, 5.13417847e+02, 1.50525513e+03, 4.79776642e+02,
    1.47283777e+03, 4.80220032e+02, 1.44065149e+03, 4.80616241e+02,
    1.40856494e+03, 4.81107544e+02, 1.37679565e+03, 4.81500061e+02,
    1.50650830e+03, 4.47721375e+02, 1.47420398e+03, 4.48230682e+02,
    1.44197729e+03, 4.48622284e+02, 1.40977588e+03, 4.49075623e+02,
    1.37789954e+03, 4.49480835e+02 ]
