%YAML:1.0
---
points: [ 1.42367017e+03, 6.39003784e+02, 1.39147681e+03, 6.39372986e+02,
    1.35948804e+03, 6.39636108e+02, 1.32763721e+03, 6.40105225e+02,
    1.29606055e+03, 6.40489075e+02, 1.42432153e+03, 6.07531799e+02,
    1.39200354e+03, 6.07863037e+02, 1.35979980e+03, 6.08283447e+02,
    1.32806677e+03, 6.08621094e+02, 1.29632666e+03, 6.09145508e+02,
    1.42497510e+03, 5.75842590e+02, 1.39249768e+03, 5.76279297e+02,
    1.36034216e+03, 5.76610596e+02, 1.32843616e+03, 5.77160217e+02,
    1.29660510e+03, 5.77583496e+02, 1.42577808e+03, 5.44224243e+02,
    1.39316614e+03, 5.44490967e+02, 1.36084729e+03, 5.44976013e+02,
    1.32889148e+03, 5.45424805e+02, 1.29702979e+03, 5.45820740e+02,
    1.42664221e+03, 5.12041138e+02, 1.39389099e+03, 5.12496948e+02,
    1.36167859e+03, 5.12946411e+02, 1.32948083e+03, 5.13448425e+02,
    1.29757043e+03, 5.13863586e+02, 1.42749133e+03, 4.79801147e+02,
    1.39477991e+03, 4.80367493e+02, 1.36245728e+03, 4.80795166e+02,
    1.33011377e+03, 4.81381531e+02, 1.29820166e+03, 4.81759216e+02,
    1.42847205e+03, 4.47582764e+02, 1.39578931e+03, 4.48220703e+02,
    1.36339026e+03, 4.48681152e+02, 1.33102014e+03, 4.49307007e+02,
    1.29882568e+03, 4.49664093e+02 ]
