%YAML:1.0
---
points: [ 1.36403552e+03, 6.39533386e+02, 1.33190356e+03, 6.39770569e+02,
    1.29998486e+03, 6.40138855e+02, 1.26814673e+03, 6.40560486e+02,
    1.23647742e+03, 6.40947937e+02, 1.36455969e+03, 6.08058289e+02,
    1.33230249e+03, 6.08309875e+02, 1.30035095e+03, 6.08674622e+02,
    1.26836707e+03, 6.09096924e+02, 1.23662720e+03, 6.09527710e+02,
    1.36512073e+03, 5.76293030e+02, 1.33259814e+03, 5.76550171e+02,
    1.30061572e+03, 5.77095032e+02, 1.26858569e+03, 5.77516541e+02,
    1.23686450e+03, 5.77939026e+02, 1.36557617e+03, 5.44523315e+02,
    1.33312817e+03, 5.44922546e+02, 1.30108191e+03, 5.45373413e+02,
    1.26906848e+03, 5.45789612e+02, 1.23719141e+03, 5.46286194e+02,
    1.36635510e+03, 5.12429443e+02, 1.33366418e+03, 5.12756165e+02,
    1.30152197e+03, 5.13305969e+02, 1.26943677e+03, 5.13713379e+02,
    1.23750317e+03, 5.14187927e+02, 1.36718408e+03, 4.80258301e+02,
    1.33436316e+03, 4.80635071e+02, 1.30212122e+03, 4.81226105e+02,
    1.26985583e+03, 4.81637390e+02, 1.23779395e+03, 4.82083130e+02,
    1.36812500e+03, 4.47870605e+02, 1.33529126e+03, 4.48490509e+02,
    1.30279089e+03, 4.48873779e+02, 1.27043506e+03, 4.49448273e+02,
    1.23828528e+03, 4.49886200e+02 ]
