%YAML:1.0
---
points: [ 1.29927722e+03, 6.39276306e+02, 1.26724536e+03, 6.39500793e+02,
    1.23547839e+03, 6.39820679e+02, 1.20365332e+03, 6.40285706e+02,
    1.17216833e+03, 6.40626221e+02, 1.29962561e+03, 6.07740112e+02,
    1.26743933e+03, 6.08142273e+02, 1.23557629e+03, 6.08441162e+02,
    1.20376392e+03, 6.08827637e+02, 1.17221729e+03, 6.09333008e+02,
    1.29996741e+03, 5.76204895e+02, 1.26766663e+03, 5.76503906e+02,
    1.23574084e+03, 5.76956848e+02, 1.20383240e+03, 5.77435730e+02,
    1.17221472e+03, 5.77842773e+02, 1.30039441e+03, 5.44528198e+02,
    1.26800781e+03, 5.44893005e+02, 1.23602002e+03, 5.45360657e+02,
    1.20404419e+03, 5.45766052e+02, 1.17231897e+03, 5.46266541e+02,
    1.30078003e+03, 5.12466309e+02, 1.26836621e+03, 5.12877747e+02,
    1.23632202e+03, 5.13410217e+02, 1.20424548e+03, 5.13778809e+02,
    1.17240771e+03, 5.14279724e+02, 1.30134387e+03, 4.80401764e+02,
    1.26874963e+03, 4.80843994e+02, 1.23659277e+03, 4.81416077e+02,
    1.20445520e+03, 4.81811981e+02, 1.17253162e+03, 4.82264954e+02,
    1.30188855e+03, 4.48243958e+02, 1.26941809e+03, 4.48654327e+02,
    1.23700916e+03, 4.49275909e+02, 1.20470178e+03, 4.49702362e+02,
    1.17270215e+03, 4.50184906e+02 ]
