%YAML:1.0
---
points: [ 1.23159729e+03, 6.39385986e+02, 1.19967639e+03, 6.39634949e+02,
    1.16800684e+03, 6.39962158e+02, 1.13631592e+03, 6.40392822e+02,
    1.10468799e+03, 6.40763184e+02, 1.23179370e+03, 6.07907837e+02,
    1.19973694e+03, 6.08243530e+02, 1.16791333e+03, 6.08550049e+02,
    1.13625854e+03, 6.08958130e+02, 1.10460522e+03, 6.09397949e+02,
    1.23200269e+03, 5.76307129e+02, 1.19978955e+03, 5.76597046e+02,
    1.16796509e+03, 5.77005188e+02, 1.13617029e+03, 5.77461121e+02,
    1.10446033e+03, 5.77828674e+02, 1.23224756e+03, 5.44560852e+02,
    1.19989099e+03, 5.44994019e+02, 1.16802747e+03, 5.45400452e+02,
    1.13617090e+03, 5.45761597e+02, 1.10435535e+03, 5.46301819e+02,
    1.23244580e+03, 5.12520996e+02, 1.20010583e+03, 5.13024292e+02,
    1.16804834e+03, 5.13407349e+02, 1.13602222e+03, 5.13789490e+02,
    1.10420264e+03, 5.14258484e+02, 1.23264697e+03, 4.80464325e+02,
    1.20027490e+03, 4.80865326e+02, 1.16820520e+03, 4.81465637e+02,
    1.13604944e+03, 4.81841492e+02, 1.10405310e+03, 4.82270081e+02,
    1.23305713e+03, 4.48252014e+02, 1.20053015e+03, 4.48678558e+02,
    1.16830505e+03, 4.49253723e+02, 1.13605322e+03, 4.49681702e+02,
    1.10391614e+03, 4.50118774e+02 ]
