%YAML:1.0
---
points: [ 1.16116003e+03, 6.39219971e+02, 1.12956348e+03, 6.39577637e+02,
    1.09810852e+03, 6.40095337e+02, 1.06650183e+03, 6.40617798e+02,
    1.03508118e+03, 6.41166382e+02, 1.16131799e+03, 6.07720520e+02,
    1.12956311e+03, 6.08200439e+02, 1.09802930e+03, 6.08643616e+02,
    1.06637573e+03, 6.09173950e+02, 1.03473523e+03, 6.09659302e+02,
    1.16137585e+03, 5.76217163e+02, 1.12949854e+03, 5.76593933e+02,
    1.09786279e+03, 5.77050171e+02, 1.06623083e+03, 5.77563843e+02,
    1.03451050e+03, 5.78056335e+02, 1.16150586e+03, 5.44564758e+02,
    1.12952539e+03, 5.44964050e+02, 1.09776599e+03, 5.45414185e+02,
    1.06608765e+03, 5.45802002e+02, 1.03427295e+03, 5.46331604e+02,
    1.16153467e+03, 5.12550293e+02, 1.12951514e+03, 5.12943115e+02,
    1.09769556e+03, 5.13391052e+02, 1.06582568e+03, 5.13750854e+02,
    1.03408533e+03, 5.14164062e+02, 1.16176660e+03, 4.80559845e+02,
    1.12954858e+03, 4.80882812e+02, 1.09765674e+03, 4.81369476e+02,
    1.06568188e+03, 4.81670502e+02, 1.03375513e+03, 4.82071960e+02,
    1.16189771e+03, 4.48376160e+02, 1.12967053e+03, 4.48716034e+02,
    1.09764404e+03, 4.49134369e+02, 1.06554944e+03, 4.49482300e+02,
    1.03350757e+03, 4.49831116e+02 ]
