%YAML:1.0
---
points: [ 1.10266370e+03, 6.39182983e+02, 1.07109680e+03, 6.39562988e+02,
    1.03959741e+03, 6.40196045e+02, 1.00791992e+03, 6.40715027e+02,
    9.76386597e+02, 6.41312317e+02, 1.10262537e+03, 6.07670471e+02,
    1.07085999e+03, 6.08189392e+02, 1.03935864e+03, 6.08657166e+02,
    1.00760352e+03, 6.09274170e+02, 9.75962646e+02, 6.09756104e+02,
    1.10252283e+03, 5.76188660e+02, 1.07063354e+03, 5.76588196e+02,
    1.03909180e+03, 5.77064392e+02, 1.00726459e+03, 5.77614807e+02,
    9.75472168e+02, 5.78187927e+02, 1.10238660e+03, 5.44479431e+02,
    1.07049170e+03, 5.44911011e+02, 1.03875269e+03, 5.45398132e+02,
    1.00685309e+03, 5.45862366e+02, 9.75014954e+02, 5.46425476e+02,
    1.10234277e+03, 5.12473145e+02, 1.07032422e+03, 5.12879395e+02,
    1.03851538e+03, 5.13390442e+02, 1.00653064e+03, 5.13725464e+02,
    9.74546875e+02, 5.14270996e+02, 1.10222327e+03, 4.80459351e+02,
    1.07015759e+03, 4.80784515e+02, 1.03821851e+03, 4.81293732e+02,
    1.00623499e+03, 4.81673309e+02, 9.74122253e+02, 4.82129547e+02,
    1.10218652e+03, 4.48267487e+02, 1.06996313e+03, 4.48641754e+02,
    1.03790698e+03, 4.49118896e+02, 1.00578619e+03, 4.49498322e+02,
    9.73647949e+02, 4.49918579e+02 ]
