%YAML:1.0
---
points: [ 1.04932092e+03, 6.39202515e+02, 1.01766388e+03, 6.39613342e+02,
    9.86166443e+02, 6.40210754e+02, 9.54367554e+02, 6.40745361e+02,
    9.22769958e+02, 6.41390747e+02, 1.04910425e+03, 6.07757080e+02,
    1.01740649e+03, 6.08246826e+02, 9.85678711e+02, 6.08730042e+02,
    9.53884338e+02, 6.09301025e+02, 9.22292664e+02, 6.09860413e+02,
    1.04877966e+03, 5.76226746e+02, 1.01708459e+03, 5.76624023e+02,
    9.85352661e+02, 5.77126648e+02, 9.53431763e+02, 5.77663208e+02,
    9.21650513e+02, 5.78264343e+02, 1.04855066e+03, 5.44519409e+02,
    1.01667328e+03, 5.44982910e+02, 9.84921448e+02, 5.45441650e+02,
    9.52907349e+02, 5.45903992e+02, 9.21092590e+02, 5.46469604e+02,
    1.04840405e+03, 5.12528442e+02, 1.01640729e+03, 5.12932861e+02,
    9.84497864e+02, 5.13430054e+02, 9.52439148e+02, 5.13778687e+02,
    9.20421814e+02, 5.14303528e+02, 1.04811938e+03, 4.80482422e+02,
    1.01606598e+03, 4.80884399e+02, 9.84068176e+02, 4.81334076e+02,
    9.51811035e+02, 4.81686829e+02, 9.19679688e+02, 4.82126740e+02,
    1.04781323e+03, 4.48357452e+02, 1.01569379e+03, 4.48672363e+02,
    9.83549805e+02, 4.49188080e+02, 9.51251831e+02, 4.49507538e+02,
    9.19006714e+02, 4.49837433e+02 ]
