%YAML:1.0
---
points: [ 9.82672363e+02, 6.39399048e+02, 9.50878357e+02, 6.39810303e+02,
    9.19358276e+02, 6.40438843e+02, 8.87457581e+02, 6.41124634e+02,
    8.55709717e+02, 6.41690857e+02, 9.82195801e+02, 6.07881348e+02,
    9.50365356e+02, 6.08403748e+02, 9.18641846e+02, 6.08930786e+02,
    8.86732910e+02, 6.09565002e+02, 8.54902405e+02, 6.10249756e+02,
    9.81615784e+02, 5.76311951e+02, 9.49754761e+02, 5.76745361e+02,
    9.17943115e+02, 5.77312073e+02, 8.85999146e+02, 5.77852722e+02,
    8.54148376e+02, 5.78555908e+02, 9.81208374e+02, 5.44595093e+02,
    9.49256165e+02, 5.45057434e+02, 9.17299255e+02, 5.45543335e+02,
    8.85296692e+02, 5.46098328e+02, 8.53270752e+02, 5.46649048e+02,
    9.80655090e+02, 5.12517151e+02, 9.48613098e+02, 5.12980774e+02,
    9.16602844e+02, 5.13498657e+02, 8.84474609e+02, 5.14008118e+02,
    8.52408142e+02, 5.14539917e+02, 9.80169189e+02, 4.80414459e+02,
    9.47962280e+02, 4.80792480e+02, 9.15872375e+02, 4.81376221e+02,
    8.83600830e+02, 4.81782196e+02, 8.51328918e+02, 4.82343109e+02,
    9.79589478e+02, 4.48229889e+02, 9.47352173e+02, 4.48628021e+02,
    9.15164001e+02, 4.49129425e+02, 8.82614075e+02, 4.49536835e+02,
    8.50268799e+02, 4.50024750e+02 ]
