%YAML:1.0
---
points: [ 9.14388733e+02, 6.39383728e+02, 8.82542908e+02, 6.39707336e+02,
    8.50800781e+02, 6.40277466e+02, 8.19044556e+02, 6.40789062e+02,
    7.87341492e+02, 6.41339294e+02, 9.13682495e+02, 6.07834717e+02,
    8.81755554e+02, 6.08283875e+02, 8.50110779e+02, 6.08692810e+02,
    8.18296753e+02, 6.09273438e+02, 7.86372986e+02, 6.09759644e+02,
    9.12985352e+02, 5.76205261e+02, 8.81125854e+02, 5.76592468e+02,
    8.49346680e+02, 5.77102173e+02, 8.17334778e+02, 5.77592834e+02,
    7.85402039e+02, 5.78173096e+02, 9.12318115e+02, 5.44486572e+02,
    8.80358459e+02, 5.44861389e+02, 8.48497375e+02, 5.45363037e+02,
    8.16439514e+02, 5.45815002e+02, 7.84414551e+02, 5.46375610e+02,
    9.11650940e+02, 5.12392090e+02, 8.79574585e+02, 5.12737061e+02,
    8.47618530e+02, 5.13271484e+02, 8.15401001e+02, 5.13654358e+02,
    7.83182251e+02, 5.14165161e+02, 9.10891052e+02, 4.80224762e+02,
    8.78627258e+02, 4.80658447e+02, 8.46577942e+02, 4.81171661e+02,
    8.14341736e+02, 4.81584290e+02, 7.81902588e+02, 4.82035095e+02,
    9.10247375e+02, 4.47875763e+02, 8.77754333e+02, 4.48520264e+02,
    8.45520081e+02, 4.48896667e+02, 8.13073425e+02, 4.49375275e+02,
    7.80760620e+02, 4.49708710e+02 ]
