%YAML:1.0
---
points: [ 8.64514587e+02, 6.39830750e+02, 8.32644592e+02, 6.40277710e+02,
    8.00883606e+02, 6.40789307e+02, 7.69029236e+02, 6.41341675e+02,
    7.37096558e+02, 6.41820068e+02, 8.63807190e+02, 6.08331970e+02,
    8.31831055e+02, 6.08733582e+02, 8.00099792e+02, 6.09275574e+02,
    7.68050720e+02, 6.09699524e+02, 7.35961426e+02, 6.10275940e+02,
    8.63017761e+02, 5.76592407e+02, 8.31061890e+02, 5.77025574e+02,
    7.99117615e+02, 5.77442383e+02, 7.66844543e+02, 5.77960632e+02,
    7.34620972e+02, 5.78531128e+02, 8.62166321e+02, 5.44765991e+02,
    8.30006348e+02, 5.45226746e+02, 7.97958435e+02, 5.45617737e+02,
    7.65751953e+02, 5.46098328e+02, 7.33555908e+02, 5.46579468e+02,
    8.61347046e+02, 5.12634094e+02, 8.29144348e+02, 5.13123230e+02,
    7.96986511e+02, 5.13521667e+02, 7.64704895e+02, 5.13860962e+02,
    7.32446228e+02, 5.14372070e+02, 8.60392761e+02, 4.80433929e+02,
    8.28211426e+02, 4.80813873e+02, 7.95978088e+02, 4.81329773e+02,
    7.63536194e+02, 4.81673523e+02, 7.30983154e+02, 4.82045227e+02,
    8.59525513e+02, 4.48206665e+02, 8.27172852e+02, 4.48532013e+02,
    7.94745605e+02, 4.48977814e+02, 7.62122559e+02, 4.49402985e+02,
    7.29441406e+02, 4.49674133e+02 ]
