%YAML:1.0
---
points: [ 8.04859802e+02, 6.39568787e+02, 7.73021545e+02, 6.39966858e+02,
    7.41084229e+02, 6.40412537e+02, 7.08917725e+02, 6.40861572e+02,
    6.76812073e+02, 6.41490845e+02, 8.04033447e+02, 6.08142944e+02,
    7.72197754e+02, 6.08493042e+02, 7.40194153e+02, 6.08855774e+02,
    7.08090088e+02, 6.09342224e+02, 6.75771240e+02, 6.09805664e+02,
    8.03241638e+02, 5.76507751e+02, 7.71168152e+02, 5.76776794e+02,
    7.39226746e+02, 5.77249268e+02, 7.07047729e+02, 5.77667419e+02,
    6.74684937e+02, 5.78142090e+02, 8.02406860e+02, 5.44777893e+02,
    7.70356445e+02, 5.45144104e+02, 7.38290894e+02, 5.45488464e+02,
    7.05956543e+02, 5.45868408e+02, 6.73489685e+02, 5.46334839e+02,
    8.01611206e+02, 5.12721802e+02, 7.69386230e+02, 5.13127380e+02,
    7.37208679e+02, 5.13405640e+02, 7.04684082e+02, 5.13673279e+02,
    6.72046082e+02, 5.14062683e+02, 8.00652771e+02, 4.80592163e+02,
    7.68323792e+02, 4.80911743e+02, 7.35952515e+02, 4.81305603e+02,
    7.03330261e+02, 4.81571808e+02, 6.70554443e+02, 4.81756470e+02,
    7.99566528e+02, 4.48499268e+02, 7.67033936e+02, 4.48700684e+02,
    7.34539429e+02, 4.48997406e+02, 7.01916443e+02, 4.49350433e+02,
    6.69124207e+02, 4.49517944e+02 ]
