%YAML:1.0
---
points: [ 7.50774902e+02, 6.39557312e+02, 7.18863892e+02, 6.40018677e+02,
    6.86844666e+02, 6.40538696e+02, 6.54743103e+02, 6.41110535e+02,
    6.22542175e+02, 6.41687927e+02, 7.49843994e+02, 6.08144409e+02,
    7.17850525e+02, 6.08530640e+02, 6.85875305e+02, 6.09006226e+02,
    6.53600037e+02, 6.09523193e+02, 6.21322815e+02, 6.10161072e+02,
    7.48921570e+02, 5.76455627e+02, 7.16868774e+02, 5.76850037e+02,
    6.84828674e+02, 5.77325989e+02, 6.52385498e+02, 5.77756287e+02,
    6.19804138e+02, 5.78351868e+02, 7.47892273e+02, 5.44726440e+02,
    7.15674622e+02, 5.45184753e+02, 6.83507812e+02, 5.45500916e+02,
    6.51003967e+02, 5.45974243e+02, 6.18283813e+02, 5.46410828e+02,
    7.46717957e+02, 5.12692261e+02, 7.14411987e+02, 5.13111572e+02,
    6.82090393e+02, 5.13442871e+02, 6.49447571e+02, 5.13715942e+02,
    6.16765137e+02, 5.14222656e+02, 7.45440918e+02, 4.80557434e+02,
    7.12989197e+02, 4.80881653e+02, 6.80681213e+02, 4.81334198e+02,
    6.48075134e+02, 4.81577057e+02, 6.15042114e+02, 4.81865509e+02,
    7.44148254e+02, 4.48371521e+02, 7.11598206e+02, 4.48595093e+02,
    6.79092896e+02, 4.48966278e+02, 6.46283020e+02, 4.49319061e+02,
    6.13213440e+02, 4.49537811e+02 ]
