%YAML:1.0
---
points: [ 6.75108887e+02, 6.40172729e+02, 6.42807983e+02, 6.40714844e+02,
    6.10498352e+02, 6.41329956e+02, 5.77913879e+02, 6.42026611e+02,
    5.45280884e+02, 6.42788879e+02, 6.73847412e+02, 6.08553528e+02,
    6.41502991e+02, 6.09098145e+02, 6.09210876e+02, 6.09591064e+02,
    5.76442139e+02, 6.10268616e+02, 5.43765503e+02, 6.10892883e+02,
    6.72482910e+02, 5.76766968e+02, 6.40083679e+02, 5.77272705e+02,
    6.07669312e+02, 5.77723572e+02, 5.74912964e+02, 5.78360291e+02,
    5.42128662e+02, 5.79010803e+02, 6.71071533e+02, 5.44791321e+02,
    6.38623901e+02, 5.45342651e+02, 6.06199463e+02, 5.45703491e+02,
    5.73203064e+02, 5.46278992e+02, 5.40229370e+02, 5.46755676e+02,
    6.69709534e+02, 5.12622009e+02, 6.37152710e+02, 5.13096863e+02,
    6.04409912e+02, 5.13501709e+02, 5.71335754e+02, 5.13923157e+02,
    5.38316650e+02, 5.14394104e+02, 6.68191650e+02, 4.80364868e+02,
    6.35259338e+02, 4.80684082e+02, 6.02569763e+02, 4.81177399e+02,
    5.69515991e+02, 4.81522552e+02, 5.36236511e+02, 4.81861389e+02,
    6.66280457e+02, 4.47874878e+02, 6.33493713e+02, 4.48309662e+02,
    6.00650879e+02, 4.48622742e+02, 5.67360840e+02, 4.48992706e+02,
    5.33991089e+02, 4.49356842e+02 ]
