%YAML:1.0
---
points: [ 6.23490723e+02, 6.37788818e+02, 5.91636597e+02, 6.38265930e+02,
    5.59786499e+02, 6.38660278e+02, 5.27733276e+02, 6.39318909e+02,
    4.95643585e+02, 6.39758667e+02, 6.22396484e+02, 6.06310669e+02,
    5.90537537e+02, 6.06665955e+02, 5.58642578e+02, 6.07250183e+02,
    5.26412781e+02, 6.07672546e+02, 4.94190125e+02, 6.08263184e+02,
    6.21207275e+02, 5.74634033e+02, 5.89296509e+02, 5.75094543e+02,
    5.57149658e+02, 5.75548096e+02, 5.24736023e+02, 5.76006714e+02,
    4.92434601e+02, 5.76472046e+02, 6.19678833e+02, 5.42830750e+02,
    5.87695068e+02, 5.43339111e+02, 5.55552002e+02, 5.43718140e+02,
    5.23126831e+02, 5.44293884e+02, 4.90700226e+02, 5.44671387e+02,
    6.18195007e+02, 5.10849182e+02, 5.86173889e+02, 5.11335083e+02,
    5.54053040e+02, 5.11791260e+02, 5.21501587e+02, 5.12249573e+02,
    4.88942688e+02, 5.12597473e+02, 6.16697021e+02, 4.78667389e+02,
    5.84547546e+02, 4.79146149e+02, 5.52278625e+02, 4.79638641e+02,
    5.19431335e+02, 4.80071869e+02, 4.86758240e+02, 4.80454437e+02,
    6.14999023e+02, 4.46492920e+02, 5.82503845e+02, 4.46880798e+02,
    5.50072693e+02, 4.47320221e+02, 5.17524475e+02, 4.47803589e+02,
    4.84714508e+02, 4.48223297e+02 ]
