%YAML:1.0
---
points: [ 6.24777100e+02, 6.38223633e+02, 5.92788391e+02, 6.38577881e+02,
    5.60739563e+02, 6.39108521e+02, 5.28494080e+02, 6.39599915e+02,
    4.96209137e+02, 6.40153931e+02, 6.23576782e+02, 6.06603516e+02,
    5.91538147e+02, 6.07098450e+02, 5.59580078e+02, 6.07568176e+02,
    5.27271362e+02, 6.08029663e+02, 4.94786713e+02, 6.08509094e+02,
    6.22479248e+02, 5.75037292e+02, 5.90396729e+02, 5.75484619e+02,
    5.58199158e+02, 5.75819824e+02, 5.25737610e+02, 5.76350281e+02,
    4.93110443e+02, 5.76772644e+02, 6.21198486e+02, 5.43305847e+02,
    5.88940002e+02, 5.43674316e+02, 5.56551697e+02, 5.44115723e+02,
    5.24056641e+02, 5.44487488e+02, 4.91491943e+02, 5.44944641e+02,
    6.19609070e+02, 5.11222107e+02, 5.87340149e+02, 5.11627045e+02,
    5.54968506e+02, 5.12045715e+02, 5.22446350e+02, 5.12397034e+02,
    4.89656067e+02, 5.12776123e+02, 6.18034851e+02, 4.79039459e+02,
    5.85715454e+02, 4.79445526e+02, 5.53314392e+02, 4.79824066e+02,
    5.20470337e+02, 4.80237183e+02, 4.87489960e+02, 4.80522827e+02,
    6.16401062e+02, 4.46744385e+02, 5.83731995e+02, 4.47155121e+02,
    5.51148926e+02, 4.47546692e+02, 5.18413025e+02, 4.47881073e+02,
    4.85466064e+02, 4.48282898e+02 ]
