%YAML:1.0
---
points: [ 5.69735291e+02, 6.39578186e+02, 5.37397583e+02, 6.40088684e+02,
    5.04756470e+02, 6.40673950e+02, 4.71919037e+02, 6.41377319e+02,
    4.39161072e+02, 6.42019592e+02, 5.68315796e+02, 6.07921875e+02,
    5.35817139e+02, 6.08389832e+02, 5.03245178e+02, 6.08974426e+02,
    4.70358856e+02, 6.09600159e+02, 4.37491455e+02, 6.10320007e+02,
    5.66608215e+02, 5.76127258e+02, 5.34183594e+02, 5.76560303e+02,
    5.01593262e+02, 5.77130005e+02, 4.68612488e+02, 5.77649536e+02,
    4.35288818e+02, 5.78348816e+02, 5.65123779e+02, 5.44339844e+02,
    5.32488770e+02, 5.44696594e+02, 4.99639404e+02, 5.45277466e+02,
    4.66581757e+02, 5.45700195e+02, 4.33374207e+02, 5.46259094e+02,
    5.63364563e+02, 5.12103149e+02, 5.30567139e+02, 5.12485901e+02,
    4.97657349e+02, 5.12920410e+02, 4.64546173e+02, 5.13383606e+02,
    4.31119019e+02, 5.13821411e+02, 5.61390503e+02, 4.79702118e+02,
    5.28508606e+02, 4.80205719e+02, 4.95566315e+02, 4.80549316e+02,
    4.62220856e+02, 4.80951477e+02, 4.28600861e+02, 4.81380280e+02,
    5.59450745e+02, 4.47288666e+02, 5.26394836e+02, 4.47656494e+02,
    4.93191284e+02, 4.48095459e+02, 4.59705109e+02, 4.48457214e+02,
    4.26242004e+02, 4.48772797e+02 ]
