%YAML:1.0
---
points: [ 5.36040283e+02, 6.39399841e+02, 5.03330688e+02, 6.40009216e+02,
    4.70488464e+02, 6.40695496e+02, 4.37490906e+02, 6.41508240e+02,
    4.04266083e+02, 6.42340881e+02, 5.34451965e+02, 6.07737793e+02,
    5.01797089e+02, 6.08366028e+02, 4.68966370e+02, 6.09059509e+02,
    4.35616791e+02, 6.09753296e+02, 4.02385712e+02, 6.10503113e+02,
    5.32912231e+02, 5.76091370e+02, 5.00171844e+02, 5.76567749e+02,
    4.67009735e+02, 5.77190491e+02, 4.33687317e+02, 5.77815063e+02,
    4.00261993e+02, 5.78564270e+02, 5.31286987e+02, 5.44348694e+02,
    4.98148621e+02, 5.44710754e+02, 4.65244141e+02, 5.45332031e+02,
    4.31766296e+02, 5.45784180e+02, 3.98004791e+02, 5.46354309e+02,
    5.29202759e+02, 5.12148193e+02, 4.96225342e+02, 5.12522766e+02,
    4.63136078e+02, 5.13017761e+02, 4.29433044e+02, 5.13457031e+02,
    3.95803802e+02, 5.13927795e+02, 5.27383911e+02, 4.79829865e+02,
    4.94066193e+02, 4.80298828e+02, 4.60674927e+02, 4.80603516e+02,
    4.27154572e+02, 4.81049683e+02, 3.93188477e+02, 4.81490509e+02,
    5.25102661e+02, 4.47424011e+02, 4.91702728e+02, 4.47739990e+02,
    4.58466125e+02, 4.48254089e+02, 4.24468018e+02, 4.48546356e+02,
    3.90573700e+02, 4.48812622e+02 ]
