%YAML:1.0
---
points: [ 5.13877136e+02, 6.39273132e+02, 4.81124481e+02, 6.39868835e+02,
    4.48222595e+02, 6.40596802e+02, 4.14974823e+02, 6.41447449e+02,
    3.81710815e+02, 6.42300903e+02, 5.12339111e+02, 6.07685425e+02,
    4.79458252e+02, 6.08278259e+02, 4.46503265e+02, 6.08969727e+02,
    4.13148041e+02, 6.09662903e+02, 3.79767090e+02, 6.10485779e+02,
    5.10702789e+02, 5.76014954e+02, 4.77545563e+02, 5.76488831e+02,
    4.44628845e+02, 5.77184570e+02, 4.11368042e+02, 5.77743164e+02,
    3.77602051e+02, 5.78517456e+02, 5.08681946e+02, 5.44293518e+02,
    4.75698486e+02, 5.44642883e+02, 4.42645477e+02, 5.45298035e+02,
    4.08995819e+02, 5.45726135e+02, 3.75389587e+02, 5.46379456e+02,
    5.06924988e+02, 5.12078735e+02, 4.73680756e+02, 5.12520691e+02,
    4.40367340e+02, 5.13009277e+02, 4.06693970e+02, 5.13487366e+02,
    3.73025818e+02, 5.13958130e+02, 5.04703369e+02, 4.79764587e+02,
    4.71392761e+02, 4.80235413e+02, 4.38315582e+02, 4.80597839e+02,
    4.04430908e+02, 4.81042389e+02, 3.70440430e+02, 4.81485779e+02,
    5.02489288e+02, 4.47431824e+02, 4.69289246e+02, 4.47767456e+02,
    4.35463684e+02, 4.48268066e+02, 4.01650970e+02, 4.48585968e+02,
    3.67705811e+02, 4.48915253e+02 ]
