%YAML:1.0
---
points: [ 5.01741333e+02, 6.39239990e+02, 4.69018127e+02, 6.39796814e+02,
    4.36037231e+02, 6.40540649e+02, 4.02849945e+02, 6.41366333e+02,
    3.69894012e+02, 6.42121887e+02, 5.00107758e+02, 6.07631775e+02,
    4.67205750e+02, 6.08233521e+02, 4.34385162e+02, 6.08889221e+02,
    4.01129181e+02, 6.09617004e+02, 3.67745270e+02, 6.10359314e+02,
    4.98236786e+02, 5.75983154e+02, 4.65477203e+02, 5.76476868e+02,
    4.32529724e+02, 5.77095154e+02, 3.99161743e+02, 5.77657104e+02,
    3.65594818e+02, 5.78393066e+02, 4.96485229e+02, 5.44224304e+02,
    4.63634369e+02, 5.44629822e+02, 4.30406189e+02, 5.45225891e+02,
    3.96995789e+02, 5.45694580e+02, 3.63426575e+02, 5.46346130e+02,
    4.94569061e+02, 5.12026428e+02, 4.61418610e+02, 5.12484192e+02,
    4.28215088e+02, 5.12937317e+02, 3.94641754e+02, 5.13443176e+02,
    3.60932404e+02, 5.13875488e+02, 4.92444275e+02, 4.79749603e+02,
    4.59181427e+02, 4.80200348e+02, 4.25920624e+02, 4.80594147e+02,
    3.92152588e+02, 4.81030334e+02, 3.58385956e+02, 4.81475800e+02,
    4.90260101e+02, 4.47363403e+02, 4.56678833e+02, 4.47697296e+02,
    4.23256073e+02, 4.48253540e+02, 3.89553406e+02, 4.48554016e+02,
    3.55489716e+02, 4.48872772e+02 ]
