%YAML:1.0
---
points: [ 4.48100555e+02, 6.39840210e+02, 4.15480865e+02, 6.40389954e+02,
    3.82672974e+02, 6.41152161e+02, 3.49799500e+02, 6.41742065e+02,
    3.17096313e+02, 6.42626892e+02, 4.46300446e+02, 6.08203552e+02,
    4.13545471e+02, 6.08713806e+02, 3.80850464e+02, 6.09327759e+02,
    3.48006042e+02, 6.09961609e+02, 3.14698090e+02, 6.10739685e+02,
    4.44265381e+02, 5.76331238e+02, 4.11614441e+02, 5.76780701e+02,
    3.78821228e+02, 5.77439697e+02, 3.45600403e+02, 5.78079285e+02,
    3.12379211e+02, 5.78760681e+02, 4.42401978e+02, 5.44424988e+02,
    4.09459686e+02, 5.44875488e+02, 3.76507843e+02, 5.45414490e+02,
    3.43323364e+02, 5.45913147e+02, 3.09873260e+02, 5.46546326e+02,
    4.40058777e+02, 5.12161133e+02, 4.07213257e+02, 5.12563965e+02,
    3.74188324e+02, 5.13080750e+02, 3.40622253e+02, 5.13550354e+02,
    3.07195953e+02, 5.14061890e+02, 4.37758362e+02, 4.79666687e+02,
    4.04700287e+02, 4.80248383e+02, 3.71524841e+02, 4.80636627e+02,
    3.38072205e+02, 4.81116364e+02, 3.04370911e+02, 4.81602386e+02,
    4.35114685e+02, 4.47139343e+02, 4.01940369e+02, 4.47600006e+02,
    3.68736450e+02, 4.48173187e+02, 3.35069183e+02, 4.48567871e+02,
    3.01447327e+02, 4.48992798e+02 ]
