%YAML:1.0
---
points: [ 3.87303375e+02, 6.40118408e+02, 3.54627045e+02, 6.40727112e+02,
    3.22229095e+02, 6.41425476e+02, 2.89396912e+02, 6.42181396e+02,
    2.56490875e+02, 6.42957214e+02, 3.85456482e+02, 6.08350586e+02,
    3.52813385e+02, 6.08922852e+02, 3.20077362e+02, 6.09544128e+02,
    2.87058350e+02, 6.10184204e+02, 2.54311508e+02, 6.11059143e+02,
    3.83132782e+02, 5.76385254e+02, 3.50488861e+02, 5.76940002e+02,
    3.17824646e+02, 5.77582397e+02, 2.84737823e+02, 5.78220093e+02,
    2.51613846e+02, 5.78918091e+02, 3.81053833e+02, 5.44391724e+02,
    3.48248535e+02, 5.44864990e+02, 3.15389069e+02, 5.45444641e+02,
    2.82114380e+02, 5.46021790e+02, 2.48896881e+02, 5.46642395e+02,
    3.78596283e+02, 5.11997314e+02, 3.45591888e+02, 5.12524109e+02,
    3.12731903e+02, 5.13007324e+02, 2.79510132e+02, 5.13558289e+02,
    2.45983536e+02, 5.14147278e+02, 3.76020905e+02, 4.79528107e+02,
    3.43031067e+02, 4.80023895e+02, 3.10087067e+02, 4.80534241e+02,
    2.76597961e+02, 4.81122772e+02, 2.43071167e+02, 4.81612091e+02,
    3.73344604e+02, 4.46795685e+02, 3.40091064e+02, 4.47377747e+02,
    3.06887695e+02, 4.48012634e+02, 2.73420593e+02, 4.48491638e+02,
    2.39712585e+02, 4.48895294e+02 ]
