%YAML:1.0
---
points: [ 3.59775452e+02, 6.40244751e+02, 3.27090454e+02, 6.40747620e+02,
    2.94233246e+02, 6.41456726e+02, 2.61442963e+02, 6.42199097e+02,
    2.28614761e+02, 6.42930664e+02, 3.57655121e+02, 6.08429138e+02,
    3.24972046e+02, 6.08943054e+02, 2.92317230e+02, 6.09558716e+02,
    2.59244171e+02, 6.10251770e+02, 2.26388504e+02, 6.10949463e+02,
    3.55604614e+02, 5.76438049e+02, 3.22856354e+02, 5.76975464e+02,
    2.90158203e+02, 5.77563965e+02, 2.56834808e+02, 5.78205811e+02,
    2.23623871e+02, 5.78889343e+02, 3.53472198e+02, 5.44426880e+02,
    3.20603149e+02, 5.44879578e+02, 2.87526245e+02, 5.45434387e+02,
    2.54356186e+02, 5.45931824e+02, 2.21049088e+02, 5.46519104e+02,
    3.50921234e+02, 5.12013611e+02, 3.18061310e+02, 5.12488586e+02,
    2.85096283e+02, 5.12962158e+02, 2.51546875e+02, 5.13516174e+02,
    2.18145294e+02, 5.14019531e+02, 3.48552307e+02, 4.79521362e+02,
    3.15403351e+02, 4.79983154e+02, 2.82179016e+02, 4.80507202e+02,
    2.48848541e+02, 4.80979858e+02, 2.15100616e+02, 4.81444885e+02,
    3.45652832e+02, 4.46863617e+02, 3.12386841e+02, 4.47324097e+02,
    2.79229645e+02, 4.47919373e+02, 2.45522888e+02, 4.48388306e+02,
    2.11927979e+02, 4.48771820e+02 ]
