%YAML:1.0
---
points: [ 3.32289368e+02, 6.40153748e+02, 2.99788635e+02, 6.40677246e+02,
    2.67264587e+02, 6.41281433e+02, 2.34691025e+02, 6.41814392e+02,
    2.02238449e+02, 6.42536743e+02, 3.30206421e+02, 6.08375610e+02,
    2.97691895e+02, 6.08890991e+02, 2.65378571e+02, 6.09399719e+02,
    2.32697845e+02, 6.09969971e+02, 2.00009506e+02, 6.10641052e+02,
    3.27991882e+02, 5.76423462e+02, 2.95604736e+02, 5.76847107e+02,
    2.63137817e+02, 5.77401367e+02, 2.30176178e+02, 5.77928711e+02,
    1.97324890e+02, 5.78678650e+02, 3.25740234e+02, 5.44415283e+02,
    2.93180664e+02, 5.44868896e+02, 2.60518463e+02, 5.45434692e+02,
    2.27723557e+02, 5.45869873e+02, 1.94621658e+02, 5.46417664e+02,
    3.23360992e+02, 5.12063110e+02, 2.90673950e+02, 5.12522949e+02,
    2.58014862e+02, 5.12941040e+02, 2.24845352e+02, 5.13477905e+02,
    1.91739868e+02, 5.13974670e+02, 3.20719086e+02, 4.79578033e+02,
    2.87837158e+02, 4.80111267e+02, 2.55136581e+02, 4.80556976e+02,
    2.22139694e+02, 4.80984131e+02, 1.88682480e+02, 4.81547882e+02,
    3.18008514e+02, 4.46880249e+02, 2.85145538e+02, 4.47429932e+02,
    2.52079239e+02, 4.48009979e+02, 2.18719086e+02, 4.48477081e+02,
    1.85496384e+02, 4.48912201e+02 ]
