%YAML:1.0
---
points: [ 2.85837067e+02, 6.40523315e+02, 2.53667023e+02, 6.40781250e+02,
    2.21386826e+02, 6.41323181e+02, 1.89030121e+02, 6.41717529e+02,
    1.56588837e+02, 6.42257935e+02, 2.83781006e+02, 6.08608643e+02,
    2.51601776e+02, 6.09012878e+02, 2.19361328e+02, 6.09456726e+02,
    1.86725769e+02, 6.09850769e+02, 1.54502640e+02, 6.10389526e+02,
    2.81773804e+02, 5.76625000e+02, 2.49503159e+02, 5.77046021e+02,
    2.17118881e+02, 5.77448914e+02, 1.84569885e+02, 5.77770264e+02,
    1.51815430e+02, 5.78344299e+02, 2.79582611e+02, 5.44588989e+02,
    2.47133331e+02, 5.44948914e+02, 2.14604782e+02, 5.45354126e+02,
    1.81948196e+02, 5.45730347e+02, 1.49264816e+02, 5.46235657e+02,
    2.77087006e+02, 5.12300110e+02, 2.44544540e+02, 5.12553955e+02,
    2.12054916e+02, 5.12986267e+02, 1.79395432e+02, 5.13401794e+02,
    1.46375580e+02, 5.13757019e+02, 2.74663025e+02, 4.79707825e+02,
    2.41972382e+02, 4.80134827e+02, 2.09313278e+02, 4.80526337e+02,
    1.76378448e+02, 4.80876526e+02, 1.43450134e+02, 4.81324341e+02,
    2.71785400e+02, 4.47064545e+02, 2.38990005e+02, 4.47492310e+02,
    2.06368454e+02, 4.47991180e+02, 1.73255035e+02, 4.48400360e+02,
    1.40076065e+02, 4.48774628e+02 ]
