%YAML:1.0
---
points: [ 2.38771652e+02, 6.40543335e+02, 2.06490524e+02, 6.40890198e+02,
    1.74227737e+02, 6.41307800e+02, 1.41689041e+02, 6.41674866e+02,
    1.09339020e+02, 6.42175659e+02, 2.36736313e+02, 6.08693909e+02,
    2.04508667e+02, 6.09139282e+02, 1.72213165e+02, 6.09459961e+02,
    1.39568039e+02, 6.09771912e+02, 1.07201180e+02, 6.10306763e+02,
    2.34729950e+02, 5.76799072e+02, 2.02435837e+02, 5.77177368e+02,
    1.69964371e+02, 5.77487244e+02, 1.37452774e+02, 5.77758362e+02,
    1.04545525e+02, 5.78274048e+02, 2.32549210e+02, 5.44728027e+02,
    2.00156525e+02, 5.45113647e+02, 1.67531967e+02, 5.45468689e+02,
    1.34652679e+02, 5.45778320e+02, 1.01960999e+02, 5.46262817e+02,
    2.30116196e+02, 5.12491211e+02, 1.97533493e+02, 5.12682800e+02,
    1.65003967e+02, 5.13115845e+02, 1.32287109e+02, 5.13438599e+02,
    9.91597443e+01, 5.13727783e+02, 2.27635788e+02, 4.80082428e+02,
    1.94972855e+02, 4.80386292e+02, 1.62277985e+02, 4.80643951e+02,
    1.29347031e+02, 4.81046082e+02, 9.62977753e+01, 4.81390503e+02,
    2.24807648e+02, 4.47485840e+02, 1.91930298e+02, 4.47822388e+02,
    1.59210419e+02, 4.48215240e+02, 1.26174637e+02, 4.48540771e+02,
    9.28578949e+01, 4.48822571e+02 ]
