%YAML:1.0
---
points: [ 1.68622650e+02, 6.40607422e+02, 1.36467682e+02, 6.40815735e+02,
    1.04249641e+02, 6.41239746e+02, 7.21412659e+01, 6.41522400e+02,
    3.99450455e+01, 6.41838379e+02, 1.66437286e+02, 6.08751831e+02,
    1.34316727e+02, 6.09138794e+02, 1.02378609e+02, 6.09367859e+02,
    7.00521164e+01, 6.09689209e+02, 3.76569786e+01, 6.10081360e+02,
    1.64449921e+02, 5.76802551e+02, 1.32412552e+02, 5.77177246e+02,
    1.00170509e+02, 5.77409363e+02, 6.75097733e+01, 5.77731750e+02,
    3.49840050e+01, 5.78058472e+02, 1.62161148e+02, 5.44815002e+02,
    1.29911240e+02, 5.45156799e+02, 9.75644302e+01, 5.45407776e+02,
    6.50878296e+01, 5.45658264e+02, 3.24264717e+01, 5.45997925e+02,
    1.59698074e+02, 5.12500061e+02, 1.27399231e+02, 5.12734497e+02,
    9.50932388e+01, 5.13094727e+02, 6.23065414e+01, 5.13396912e+02,
    2.94171104e+01, 5.13676392e+02, 1.57085999e+02, 4.80253876e+02,
    1.24468407e+02, 4.80479156e+02, 9.21224136e+01, 4.80688202e+02,
    5.95200157e+01, 4.80956390e+02, 2.64712296e+01, 4.81321594e+02,
    1.54334442e+02, 4.47658173e+02, 1.21665108e+02, 4.48060944e+02,
    8.90408936e+01, 4.48318817e+02, 5.61450539e+01, 4.48582458e+02,
    2.31620655e+01, 4.48803986e+02 ]
