%YAML:1.0
---
points: [ 1.08543167e+01, 4.45700439e+02, 4.35399666e+01, 4.46842346e+02,
    7.60603561e+01, 4.48200989e+02, 1.08470924e+02, 4.49313629e+02,
    1.40812271e+02, 4.50409454e+02, 1.27174540e+01, 4.78230713e+02,
    4.52808189e+01, 4.79450531e+02, 7.78360977e+01, 4.80624146e+02,
    1.10088829e+02, 4.81693390e+02, 1.42388931e+02, 4.82872925e+02,
    1.42992220e+01, 5.10615967e+02, 4.68940811e+01, 5.11905060e+02,
    7.93869858e+01, 5.12961060e+02, 1.11448112e+02, 5.14084656e+02,
    1.43468140e+02, 5.15377319e+02, 1.57742252e+01, 5.43155457e+02,
    4.83025589e+01, 5.44237549e+02, 8.05268402e+01, 5.45344971e+02,
    1.12543968e+02, 5.46446838e+02, 1.44439499e+02, 5.47685303e+02,
    1.70920544e+01, 5.75186951e+02, 4.93362236e+01, 5.76251038e+02,
    8.15520248e+01, 5.77395508e+02, 1.13431808e+02, 5.78502991e+02,
    1.45379410e+02, 5.79832703e+02, 1.83088150e+01, 6.07069763e+02,
    5.03772545e+01, 6.08178772e+02, 8.23400269e+01, 6.09288025e+02,
    1.14223000e+02, 6.10523010e+02, 1.46068832e+02, 6.11747375e+02,
    1.91401005e+01, 6.38848938e+02, 5.10999641e+01, 6.39971375e+02,
    8.29044952e+01, 6.41078003e+02, 1.14769814e+02, 6.42399841e+02,
    1.46690506e+02, 6.43636169e+02 ]
