%YAML:1.0
---
points: [ 2.19674263e+01, 1.78016113e+02, 5.85924301e+01, 1.80363129e+02,
    9.44586182e+01, 1.82147263e+02, 1.29986191e+02, 1.83906540e+02,
    1.65372314e+02, 1.85913651e+02, 2.37573509e+01, 2.12433716e+02,
    6.03475266e+01, 2.14247208e+02, 9.63267441e+01, 2.16105453e+02,
    1.31666580e+02, 2.17778809e+02, 1.66678757e+02, 2.19400574e+02,
    2.56642246e+01, 2.46234360e+02, 6.18100967e+01, 2.48188080e+02,
    9.76168976e+01, 2.49785507e+02, 1.33106705e+02, 2.51373260e+02,
    1.68181061e+02, 2.52946350e+02, 2.73291664e+01, 2.80320404e+02,
    6.33997993e+01, 2.81788147e+02, 9.89093933e+01, 2.83297546e+02,
    1.34243347e+02, 2.84902679e+02, 1.69328613e+02, 2.86385620e+02,
    2.86249523e+01, 3.13666260e+02, 6.45819092e+01, 3.15273895e+02,
    1.00395355e+02, 3.16714294e+02, 1.35268372e+02, 3.18127838e+02,
    1.70351654e+02, 3.19387543e+02, 3.00103531e+01, 3.47142334e+02,
    6.56393356e+01, 3.48546173e+02, 1.01305496e+02, 3.49772308e+02,
    1.36282715e+02, 3.51009033e+02, 1.71177185e+02, 3.52425537e+02,
    3.12078495e+01, 3.80404694e+02, 6.66133118e+01, 3.81540283e+02,
    1.02119362e+02, 3.82623505e+02, 1.37163788e+02, 3.83874908e+02,
    1.72040619e+02, 3.85185760e+02 ]
