%YAML:1.0
---
points: [ 2.37553463e+01, 2.31235352e+02, 6.08535118e+01, 2.32033218e+02,
    9.76238251e+01, 2.32822189e+02, 1.33783386e+02, 2.33504761e+02,
    1.69905243e+02, 2.34206039e+02, 2.73339024e+01, 2.65294250e+02,
    6.42545624e+01, 2.65860504e+02, 1.00906303e+02, 2.66503998e+02,
    1.36831436e+02, 2.66843719e+02, 1.72530197e+02, 2.67396545e+02,
    3.02617702e+01, 2.99041321e+02, 6.71334152e+01, 2.99551453e+02,
    1.03641403e+02, 3.00038116e+02, 1.39542953e+02, 3.00510193e+02,
    1.75289444e+02, 3.00776398e+02, 3.34153748e+01, 3.32925293e+02,
    7.00545197e+01, 3.33299500e+02, 1.06525299e+02, 3.33531128e+02,
    1.42313004e+02, 3.33758942e+02, 1.77700378e+02, 3.34059235e+02,
    3.61476860e+01, 3.66324066e+02, 7.26237259e+01, 3.66432098e+02,
    1.08992172e+02, 3.66540558e+02, 1.44589554e+02, 3.66652466e+02,
    1.80279114e+02, 3.66734863e+02, 3.88771095e+01, 3.99493744e+02,
    7.53052750e+01, 3.99466858e+02, 1.11508751e+02, 3.99495453e+02,
    1.47121780e+02, 3.99474152e+02, 1.82445206e+02, 3.99479553e+02,
    4.13794060e+01, 4.32610779e+02, 7.75375824e+01, 4.32446320e+02,
    1.13593506e+02, 4.32273132e+02, 1.49345367e+02, 4.32118622e+02,
    1.84849380e+02, 4.31906982e+02 ]
