%YAML:1.0
---
points: [ 3.03974934e+01, 1.66374191e+02, 6.54844589e+01, 1.66688095e+02,
    1.00494171e+02, 1.67002502e+02, 1.34644394e+02, 1.67142929e+02,
    1.69097305e+02, 1.67299805e+02, 3.39162865e+01, 2.00007751e+02,
    6.90994186e+01, 2.00311874e+02, 1.03595734e+02, 2.00517319e+02,
    1.37920197e+02, 2.00581375e+02, 1.71824768e+02, 2.00628632e+02,
    3.72235870e+01, 2.33550354e+02, 7.19055786e+01, 2.33701355e+02,
    1.06611343e+02, 2.33763153e+02, 1.40602417e+02, 2.33821136e+02,
    1.74776031e+02, 2.33722534e+02, 4.00505981e+01, 2.66835419e+02,
    7.50758133e+01, 2.66839478e+02, 1.09341209e+02, 2.66791534e+02,
    1.43378372e+02, 2.66807190e+02, 1.77279297e+02, 2.66721558e+02,
    4.31463623e+01, 2.99893066e+02, 7.75810699e+01, 2.99943756e+02,
    1.12116623e+02, 2.99765839e+02, 1.45935608e+02, 2.99661163e+02,
    1.79926880e+02, 2.99533722e+02, 4.57431793e+01, 3.32876526e+02,
    8.03067551e+01, 3.32736298e+02, 1.14464111e+02, 3.32557434e+02,
    1.48436554e+02, 3.32402588e+02, 1.82209457e+02, 3.32224274e+02,
    4.85416145e+01, 3.65550751e+02, 8.25684891e+01, 3.65349518e+02,
    1.16858124e+02, 3.65001068e+02, 1.50592468e+02, 3.64709412e+02,
    1.84600494e+02, 3.64543518e+02 ]
