%YAML:1.0
---
points: [ 1.31833715e+01, 1.64023117e+02, 4.76730919e+01, 1.65737305e+02,
    8.17785339e+01, 1.67254120e+02, 1.15516312e+02, 1.68857819e+02,
    1.49208969e+02, 1.70324295e+02, 1.49319029e+01, 1.97475098e+02,
    4.94642601e+01, 1.99054779e+02, 8.35176849e+01, 2.00740646e+02,
    1.17124374e+02, 2.02190216e+02, 1.50463165e+02, 2.03485977e+02,
    1.67528362e+01, 2.30897095e+02, 5.08322678e+01, 2.32536758e+02,
    8.49221420e+01, 2.34000732e+02, 1.18285591e+02, 2.35316162e+02,
    1.51593292e+02, 2.36647293e+02, 1.82040558e+01, 2.64236237e+02,
    5.22629814e+01, 2.65574219e+02, 8.60967865e+01, 2.66909821e+02,
    1.19389290e+02, 2.68446838e+02, 1.52756577e+02, 2.69818359e+02,
    1.93669014e+01, 2.97179871e+02, 5.34816017e+01, 2.98543518e+02,
    8.70797272e+01, 2.99929077e+02, 1.20404144e+02, 3.01292572e+02,
    1.53683212e+02, 3.02533020e+02, 2.06257896e+01, 3.29851959e+02,
    5.44079323e+01, 3.31222595e+02, 8.78279572e+01, 3.32576508e+02,
    1.21272873e+02, 3.33881348e+02, 1.54419052e+02, 3.35012543e+02,
    2.16660099e+01, 3.62431793e+02, 5.52122955e+01, 3.63782654e+02,
    8.85838242e+01, 3.65019623e+02, 1.21911797e+02, 3.66210236e+02,
    1.55153381e+02, 3.67438110e+02 ]
