%YAML:1.0
---
points: [ 1.02529251e+02, 1.61647537e+02, 1.36484177e+02, 1.63089874e+02,
    1.70218277e+02, 1.64538116e+02, 2.03476074e+02, 1.65742416e+02,
    2.37111115e+02, 1.66911896e+02, 1.04375359e+02, 1.95491180e+02,
    1.38283096e+02, 1.96873138e+02, 1.71756348e+02, 1.98170242e+02,
    2.05188858e+02, 1.99389893e+02, 2.38489502e+02, 2.00625778e+02,
    1.06054504e+02, 2.29130356e+02, 1.39616821e+02, 2.30350800e+02,
    1.73260468e+02, 2.31698990e+02, 2.06541809e+02, 2.33052612e+02,
    2.39603745e+02, 2.34153046e+02, 1.07446205e+02, 2.62541260e+02,
    1.40992874e+02, 2.63883820e+02, 1.74592667e+02, 2.65207428e+02,
    2.07595169e+02, 2.66281952e+02, 2.40629913e+02, 2.67345123e+02,
    1.08691353e+02, 2.95840149e+02, 1.42324921e+02, 2.97137848e+02,
    1.75675797e+02, 2.98213104e+02, 2.08609100e+02, 2.99319977e+02,
    2.41746338e+02, 3.00600159e+02, 1.09907600e+02, 3.28872101e+02,
    1.43300049e+02, 3.29952515e+02, 1.76513031e+02, 3.31002869e+02,
    2.09522507e+02, 3.32366180e+02, 2.42665024e+02, 3.33476501e+02,
    1.11005547e+02, 3.61506348e+02, 1.44179184e+02, 3.62654144e+02,
    1.77281036e+02, 3.63841003e+02, 2.10281982e+02, 3.64901855e+02,
    2.43416885e+02, 3.66048798e+02 ]
