%YAML:1.0
---
points: [ 1.56758102e+02, 1.61542267e+02, 1.89550705e+02, 1.62421295e+02,
    2.22104218e+02, 1.63262741e+02, 2.54466400e+02, 1.64048080e+02,
    2.86907257e+02, 1.64712158e+02, 1.58716354e+02, 1.95393738e+02,
    1.91297958e+02, 1.96348984e+02, 2.23733200e+02, 1.97144653e+02,
    2.55924805e+02, 1.97787811e+02, 2.88406921e+02, 1.98470932e+02,
    1.60268829e+02, 2.29028366e+02, 1.92692261e+02, 2.29842422e+02,
    2.25231857e+02, 2.30674255e+02, 2.57383514e+02, 2.31570969e+02,
    2.89661072e+02, 2.32391602e+02, 1.61593536e+02, 2.62382477e+02,
    1.94140533e+02, 2.63354248e+02, 2.26590775e+02, 2.64329285e+02,
    2.58661774e+02, 2.65190369e+02, 2.90778717e+02, 2.65845428e+02,
    1.63086884e+02, 2.95752472e+02, 1.95434006e+02, 2.96742279e+02,
    2.27670639e+02, 2.97486816e+02, 2.59814789e+02, 2.98305237e+02,
    2.91736298e+02, 2.99133392e+02, 1.64375336e+02, 3.28730774e+02,
    1.96463058e+02, 3.29531311e+02, 2.28646027e+02, 3.30440552e+02,
    2.60514496e+02, 3.31397308e+02, 2.92576233e+02, 3.32337830e+02,
    1.65350632e+02, 3.61414124e+02, 1.97264511e+02, 3.62331909e+02,
    2.29345810e+02, 3.63263275e+02, 2.61332062e+02, 3.64257385e+02,
    2.93455475e+02, 3.65176727e+02 ]
