%YAML:1.0
---
points: [ 2.21416046e+02, 1.59869751e+02, 2.54905975e+02, 1.61271500e+02,
    2.88593597e+02, 1.62732178e+02, 3.21989105e+02, 1.64278244e+02,
    3.55229370e+02, 1.65569824e+02, 2.22810913e+02, 1.93651398e+02,
    2.56437408e+02, 1.95360886e+02, 2.90002747e+02, 1.96793915e+02,
    3.23181335e+02, 1.98048309e+02, 3.56272278e+02, 1.99440887e+02,
    2.24118546e+02, 2.27756165e+02, 2.57603638e+02, 2.29164841e+02,
    2.91124817e+02, 2.30456406e+02, 3.24160583e+02, 2.31972443e+02,
    3.57375366e+02, 2.33414673e+02, 2.25275513e+02, 2.61384247e+02,
    2.58704834e+02, 2.62735779e+02, 2.92071594e+02, 2.64230560e+02,
    3.25126953e+02, 2.65549042e+02, 3.58141266e+02, 2.66822205e+02,
    2.26442108e+02, 2.94751617e+02, 2.59746735e+02, 2.96273621e+02,
    2.92803772e+02, 2.97495605e+02, 3.25917297e+02, 2.98816467e+02,
    3.58762177e+02, 3.00222534e+02, 2.27367935e+02, 3.27956177e+02,
    2.60433014e+02, 3.29280365e+02, 2.93619293e+02, 3.30547241e+02,
    3.26508850e+02, 3.32047638e+02, 3.59396027e+02, 3.33359955e+02,
    2.28109879e+02, 3.60825653e+02, 2.60975342e+02, 3.62106964e+02,
    2.94063782e+02, 3.63411896e+02, 3.27026031e+02, 3.64817474e+02,
    3.59812286e+02, 3.66092804e+02 ]
