%YAML:1.0
---
points: [ 2.22402847e+02, 1.59908188e+02, 2.55872375e+02, 1.61380005e+02,
    2.89530640e+02, 1.62821152e+02, 3.22885315e+02, 1.64389740e+02,
    3.56241760e+02, 1.65748962e+02, 2.23642609e+02, 1.93714081e+02,
    2.57454865e+02, 1.95458557e+02, 2.90929901e+02, 1.96888672e+02,
    3.24148560e+02, 1.98219360e+02, 3.57444885e+02, 1.99617416e+02,
    2.25052841e+02, 2.27834656e+02, 2.58665955e+02, 2.29273727e+02,
    2.92045074e+02, 2.30598755e+02, 3.25219635e+02, 2.32078613e+02,
    3.58321411e+02, 2.33501022e+02, 2.26306641e+02, 2.61450439e+02,
    2.59672363e+02, 2.62783234e+02, 2.92947510e+02, 2.64315552e+02,
    3.26105865e+02, 2.65649567e+02, 3.59187134e+02, 2.67044342e+02,
    2.27305511e+02, 2.94821136e+02, 2.60519958e+02, 2.96365997e+02,
    2.93755066e+02, 2.97620636e+02, 3.26881378e+02, 2.98921722e+02,
    3.59671082e+02, 3.00379364e+02, 2.28230240e+02, 3.27976257e+02,
    2.61316742e+02, 3.29308533e+02, 2.94490295e+02, 3.30672974e+02,
    3.27444427e+02, 3.32131287e+02, 3.60272888e+02, 3.33437836e+02,
    2.28837769e+02, 3.60829742e+02, 2.61811707e+02, 3.62131226e+02,
    2.95144135e+02, 3.63519226e+02, 3.27815552e+02, 3.64833740e+02,
    3.60681213e+02, 3.66224548e+02 ]
