%YAML:1.0
---
points: [ 2.80950500e+02, 1.58173248e+02, 3.14964355e+02, 1.59720840e+02,
    3.49025085e+02, 1.61099136e+02, 3.82504730e+02, 1.62311707e+02,
    4.16387146e+02, 1.63684357e+02, 2.82435669e+02, 1.92487762e+02,
    3.16642029e+02, 1.93886337e+02, 3.50414703e+02, 1.95348694e+02,
    3.83952820e+02, 1.96641861e+02, 4.17470520e+02, 1.97808151e+02,
    2.84068085e+02, 2.26691513e+02, 3.17902679e+02, 2.28089584e+02,
    3.51575378e+02, 2.29370972e+02, 3.85127197e+02, 2.30554688e+02,
    4.18463562e+02, 2.31825150e+02, 2.85372406e+02, 2.60580261e+02,
    3.19088806e+02, 2.61875580e+02, 3.52839417e+02, 2.63175140e+02,
    3.86181152e+02, 2.64512848e+02, 4.19312012e+02, 2.65638580e+02,
    2.86514099e+02, 2.94093872e+02, 3.20259003e+02, 2.95550262e+02,
    3.53808502e+02, 2.96810638e+02, 3.86959198e+02, 2.97897400e+02,
    4.20177460e+02, 2.99045502e+02, 2.87597656e+02, 3.27626556e+02,
    3.21234497e+02, 3.28787292e+02, 3.54568939e+02, 3.29926727e+02,
    3.87716400e+02, 3.31116760e+02, 4.20876495e+02, 3.32472137e+02,
    2.88606537e+02, 3.60638885e+02, 3.22065613e+02, 3.61788116e+02,
    3.55174164e+02, 3.62942139e+02, 3.88266968e+02, 3.64220123e+02,
    4.21565857e+02, 3.65433105e+02 ]
