%YAML:1.0
---
points: [ 3.80420013e+02, 1.59395325e+02, 4.14501678e+02, 1.61274124e+02,
    4.48500946e+02, 1.63005081e+02, 4.82043243e+02, 1.64917343e+02,
    5.15725342e+02, 1.66592285e+02, 3.81357819e+02, 1.93359573e+02,
    4.15477509e+02, 1.95367920e+02, 4.49345642e+02, 1.97233139e+02,
    4.82733978e+02, 1.98806152e+02, 5.16320679e+02, 2.00568817e+02,
    3.82326080e+02, 2.27493301e+02, 4.16365906e+02, 2.29284531e+02,
    4.49984314e+02, 2.30943878e+02, 4.83465027e+02, 2.32781967e+02,
    5.16800720e+02, 2.34339508e+02, 3.83018768e+02, 2.61275177e+02,
    4.16955627e+02, 2.62926422e+02, 4.50464783e+02, 2.64672943e+02,
    4.83928406e+02, 2.66255463e+02, 5.17255615e+02, 2.67771729e+02,
    3.83769348e+02, 2.94678772e+02, 4.17548981e+02, 2.96421570e+02,
    4.50952026e+02, 2.97926941e+02, 4.84370667e+02, 2.99455811e+02,
    5.17471069e+02, 3.01131897e+02, 3.84450714e+02, 3.27924316e+02,
    4.17873840e+02, 3.29435852e+02, 4.51350220e+02, 3.30928528e+02,
    4.84543457e+02, 3.32661377e+02, 5.17621216e+02, 3.34126007e+02,
    3.84799133e+02, 3.60816132e+02, 4.18283020e+02, 3.62310364e+02,
    4.51539459e+02, 3.63864441e+02, 4.84676270e+02, 3.65362244e+02,
    5.17706726e+02, 3.66739075e+02 ]
