%YAML:1.0
---
points: [ 3.80721161e+02, 1.59353653e+02, 4.14799530e+02, 1.61234772e+02,
    4.48733368e+02, 1.63078201e+02, 4.82340759e+02, 1.64902008e+02,
    5.16174316e+02, 1.66606949e+02, 3.81660278e+02, 1.93392578e+02,
    4.15878632e+02, 1.95368790e+02, 4.49684479e+02, 1.97237762e+02,
    4.83252472e+02, 1.98813828e+02, 5.16731934e+02, 2.00614960e+02,
    3.82586365e+02, 2.27489410e+02, 4.16673218e+02, 2.29250351e+02,
    4.50269409e+02, 2.30982056e+02, 4.83828491e+02, 2.32769943e+02,
    5.17283630e+02, 2.34377380e+02, 3.83401398e+02, 2.61277344e+02,
    4.17328369e+02, 2.62891937e+02, 4.50802155e+02, 2.64686066e+02,
    4.84309509e+02, 2.66257996e+02, 5.17514954e+02, 2.67788910e+02,
    3.84224701e+02, 2.94640106e+02, 4.17818817e+02, 2.96386688e+02,
    4.51402557e+02, 2.97978210e+02, 4.84637024e+02, 2.99491791e+02,
    5.17733276e+02, 3.01163391e+02, 3.84717468e+02, 3.27868927e+02,
    4.18279266e+02, 3.29435760e+02, 4.51677032e+02, 3.30947937e+02,
    4.84862427e+02, 3.32675903e+02, 5.17878174e+02, 3.34163788e+02,
    3.85140381e+02, 3.60768951e+02, 4.18440155e+02, 3.62294739e+02,
    4.51792725e+02, 3.63901001e+02, 4.85005920e+02, 3.65351959e+02,
    5.17994995e+02, 3.66752502e+02 ]
