%YAML:1.0
---
points: [ 4.31881439e+02, 1.58639496e+02, 4.66264343e+02, 1.60660507e+02,
    5.00520142e+02, 1.62513474e+02, 5.34220215e+02, 1.64503540e+02,
    5.68124390e+02, 1.66200638e+02, 4.32837555e+02, 1.92790283e+02,
    4.67200928e+02, 1.94862259e+02, 5.01311768e+02, 1.96789185e+02,
    5.34840332e+02, 1.98416000e+02, 5.68635376e+02, 2.00287582e+02,
    4.33698090e+02, 2.27055176e+02, 4.68025574e+02, 2.28872345e+02,
    5.01913391e+02, 2.30636902e+02, 5.35502380e+02, 2.32479675e+02,
    5.69153503e+02, 2.34054916e+02, 4.34485382e+02, 2.60911469e+02,
    4.68637177e+02, 2.62664978e+02, 5.02428284e+02, 2.64487244e+02,
    5.35922485e+02, 2.66071411e+02, 5.69380798e+02, 2.67621552e+02,
    4.35148438e+02, 2.94478455e+02, 4.69188324e+02, 2.96329102e+02,
    5.02748260e+02, 2.97819183e+02, 5.36276367e+02, 2.99387482e+02,
    5.69558716e+02, 3.01060516e+02, 4.35688721e+02, 3.27902161e+02,
    4.69591125e+02, 3.29406342e+02, 5.03158783e+02, 3.30905273e+02,
    5.36527832e+02, 3.32609253e+02, 5.69686951e+02, 3.34089020e+02,
    4.36198181e+02, 3.60871552e+02, 4.69853119e+02, 3.62317413e+02,
    5.03376923e+02, 3.63909882e+02, 5.36687988e+02, 3.65396881e+02,
    5.69762756e+02, 3.66729523e+02 ]
