%YAML:1.0
---
points: [ 4.81954041e+02, 1.60040146e+02, 5.15704529e+02, 1.61545502e+02,
    5.49199768e+02, 1.62913193e+02, 5.82304199e+02, 1.64425049e+02,
    6.15612549e+02, 1.65689850e+02, 4.82970032e+02, 1.94279480e+02,
    5.16684265e+02, 1.95901215e+02, 5.49893372e+02, 1.97229828e+02,
    5.83052917e+02, 1.98420914e+02, 6.16258240e+02, 1.99811142e+02,
    4.84056793e+02, 2.28410080e+02, 5.17484497e+02, 2.29762817e+02,
    5.50606567e+02, 2.31176758e+02, 5.83687378e+02, 2.32577698e+02,
    6.16673218e+02, 2.33754181e+02, 4.84942474e+02, 2.62135529e+02,
    5.18133179e+02, 2.63618805e+02, 5.51172607e+02, 2.64980103e+02,
    5.84340088e+02, 2.66249054e+02, 6.16962219e+02, 2.67378387e+02,
    4.85542084e+02, 2.95763367e+02, 5.18670349e+02, 2.97165527e+02,
    5.51713684e+02, 2.98380219e+02, 5.84635742e+02, 2.99569702e+02,
    6.17295227e+02, 3.00927948e+02, 4.86150635e+02, 3.28937622e+02,
    5.19139404e+02, 3.30191681e+02, 5.52226562e+02, 3.31459351e+02,
    5.84825806e+02, 3.32818298e+02, 6.17448059e+02, 3.34075775e+02,
    4.86590942e+02, 3.61799805e+02, 5.19373413e+02, 3.63072418e+02,
    5.52425720e+02, 3.64432709e+02, 5.85029907e+02, 3.65624451e+02,
    6.17565430e+02, 3.66712189e+02 ]
