%YAML:1.0
---
points: [ 4.83765808e+02, 1.60234070e+02, 5.17372314e+02, 1.61673676e+02,
    5.50682434e+02, 1.63167740e+02, 5.84097595e+02, 1.64688889e+02,
    6.17239563e+02, 1.66018173e+02, 4.84817719e+02, 1.94434235e+02,
    5.18277832e+02, 1.96098572e+02, 5.51620911e+02, 1.97474731e+02,
    5.84738281e+02, 1.98676590e+02, 6.17716675e+02, 2.00015564e+02,
    4.85636292e+02, 2.28508698e+02, 5.18987793e+02, 2.29888672e+02,
    5.52363403e+02, 2.31388245e+02, 5.85297485e+02, 2.32859695e+02,
    6.18159790e+02, 2.33974228e+02, 4.86406555e+02, 2.62211365e+02,
    5.19578796e+02, 2.63731384e+02, 5.52879333e+02, 2.65174255e+02,
    5.85679321e+02, 2.66428955e+02, 6.18416687e+02, 2.67596283e+02,
    4.87083984e+02, 2.95811920e+02, 5.20270386e+02, 2.97239044e+02,
    5.53374817e+02, 2.98476624e+02, 5.86060425e+02, 2.99717377e+02,
    6.18599915e+02, 3.01079865e+02, 4.87642181e+02, 3.28959503e+02,
    5.20684631e+02, 3.30248474e+02, 5.53619568e+02, 3.31602509e+02,
    5.86277588e+02, 3.32883972e+02, 6.18732056e+02, 3.34126495e+02,
    4.88145355e+02, 3.61790222e+02, 5.20978455e+02, 3.63079773e+02,
    5.53788635e+02, 3.64476227e+02, 5.86403564e+02, 3.65663727e+02,
    6.18841797e+02, 3.66843964e+02 ]
