%YAML:1.0
---
points: [ 5.53908936e+02, 1.60274811e+02, 5.87358337e+02, 1.61751938e+02,
    6.20810608e+02, 1.63292770e+02, 6.53941589e+02, 1.64777756e+02,
    6.87156311e+02, 1.66120316e+02, 5.54640259e+02, 1.94527969e+02,
    5.88081665e+02, 1.96205505e+02, 6.21471130e+02, 1.97653351e+02,
    6.54424133e+02, 1.98917053e+02, 6.87297302e+02, 2.00240616e+02,
    5.55383057e+02, 2.28677322e+02, 5.88623413e+02, 2.30082993e+02,
    6.21817505e+02, 2.31650833e+02, 6.54720093e+02, 2.33043976e+02,
    6.87506470e+02, 2.34264679e+02, 5.55874390e+02, 2.62395569e+02,
    5.89218323e+02, 2.63947937e+02, 6.22179993e+02, 2.65365570e+02,
    6.54933899e+02, 2.66629028e+02, 6.87592834e+02, 2.67871735e+02,
    5.56356140e+02, 2.96003784e+02, 5.89566711e+02, 2.97444672e+02,
    6.22450500e+02, 2.98695862e+02, 6.55098022e+02, 3.00014679e+02,
    6.87583984e+02, 3.01381317e+02, 5.56725281e+02, 3.29248077e+02,
    5.89738159e+02, 3.30517242e+02, 6.22525452e+02, 3.31942291e+02,
    6.55109375e+02, 3.33167419e+02, 6.87529785e+02, 3.34340393e+02,
    5.57095276e+02, 3.62072998e+02, 5.89812439e+02, 3.63419189e+02,
    6.22549072e+02, 3.64716858e+02, 6.55046265e+02, 3.65900269e+02,
    6.87430664e+02, 3.67112366e+02 ]
