%YAML:1.0
---
points: [ 6.44549377e+02, 1.62650055e+02, 6.77817322e+02, 1.64900131e+02,
    7.11140564e+02, 1.66892166e+02, 7.43944092e+02, 1.68749634e+02,
    7.76766541e+02, 1.70734406e+02, 6.44610779e+02, 1.96647827e+02,
    6.77840576e+02, 1.98730148e+02, 7.10871094e+02, 2.00803497e+02,
    7.43654419e+02, 2.02707520e+02, 7.76398376e+02, 2.04400574e+02,
    6.44585327e+02, 2.30332550e+02, 6.77579285e+02, 2.32487595e+02,
    7.10599121e+02, 2.34393921e+02, 7.43278442e+02, 2.36218811e+02,
    7.75824036e+02, 2.37941742e+02, 6.44500488e+02, 2.64005676e+02,
    6.77352905e+02, 2.65845398e+02, 7.10335876e+02, 2.67585114e+02,
    7.42745361e+02, 2.69543732e+02, 7.75313232e+02, 2.71203674e+02,
    6.44291565e+02, 2.97156891e+02, 6.77140259e+02, 2.98938873e+02,
    7.09823059e+02, 3.00799957e+02, 7.42375244e+02, 3.02497040e+02,
    7.74658508e+02, 3.04044159e+02, 6.44070435e+02, 3.29959595e+02,
    6.76719116e+02, 3.31764984e+02, 7.09303711e+02, 3.33519165e+02,
    7.41638123e+02, 3.34988983e+02, 7.73953979e+02, 3.36608582e+02,
    6.43637634e+02, 3.62590027e+02, 6.76239258e+02, 3.64377350e+02,
    7.08651184e+02, 3.65906921e+02, 7.40840942e+02, 3.67431580e+02,
    7.73218201e+02, 3.69155853e+02 ]
