%YAML:1.0
---
points: [ 6.73783813e+02, 1.62055801e+02, 7.07149231e+02, 1.64194366e+02,
    7.40272400e+02, 1.65850967e+02, 7.73290527e+02, 1.67446075e+02,
    8.06231018e+02, 1.69098206e+02, 6.74001587e+02, 1.96344193e+02,
    7.07167175e+02, 1.98085236e+02, 7.40181946e+02, 1.99804916e+02,
    7.73032593e+02, 2.01539474e+02, 8.05805786e+02, 2.02985214e+02,
    6.74079041e+02, 2.30071442e+02, 7.07147949e+02, 2.31963364e+02,
    7.39997131e+02, 2.33689850e+02, 7.72677979e+02, 2.35152130e+02,
    8.05467712e+02, 2.36617050e+02, 6.74074768e+02, 2.63809448e+02,
    7.06996216e+02, 2.65519653e+02, 7.39692810e+02, 2.66983734e+02,
    7.72376892e+02, 2.68625061e+02, 8.05001831e+02, 2.70149902e+02,
    6.74006592e+02, 2.97151489e+02, 7.06781128e+02, 2.98689270e+02,
    7.39455444e+02, 3.00281403e+02, 7.71879517e+02, 3.01751678e+02,
    8.04410706e+02, 3.03105621e+02, 6.73894165e+02, 3.30122314e+02,
    7.06585388e+02, 3.31661835e+02, 7.39123901e+02, 3.33253967e+02,
    7.71417480e+02, 3.34467072e+02, 8.03734558e+02, 3.35717438e+02,
    6.73706970e+02, 3.62887146e+02, 7.06302063e+02, 3.64379730e+02,
    7.38674744e+02, 3.65700531e+02, 7.70897461e+02, 3.66933838e+02,
    8.03180054e+02, 3.68378479e+02 ]
