%YAML:1.0
---
points: [ 7.41249939e+02, 1.63699570e+02, 7.74272278e+02, 1.65463684e+02,
    8.06859802e+02, 1.66948105e+02, 8.39432556e+02, 1.68500046e+02,
    8.72081909e+02, 1.69949661e+02, 7.41112366e+02, 1.97596634e+02,
    7.73895203e+02, 1.99261383e+02, 8.06458923e+02, 2.01042389e+02,
    8.38893066e+02, 2.02423981e+02, 8.71413208e+02, 2.03678726e+02,
    7.40817261e+02, 2.31247025e+02, 7.73494751e+02, 2.33101059e+02,
    8.06014709e+02, 2.34533554e+02, 8.38324524e+02, 2.35910080e+02,
    8.70609253e+02, 2.37301956e+02, 7.40539673e+02, 2.64764313e+02,
    7.73057373e+02, 2.66318878e+02, 8.05484863e+02, 2.67736694e+02,
    8.37677185e+02, 2.69339172e+02, 8.69925293e+02, 2.70609192e+02,
    7.40204529e+02, 2.97820526e+02, 7.72548340e+02, 2.99364868e+02,
    8.04934998e+02, 3.00902557e+02, 8.36951965e+02, 3.02271606e+02,
    8.69177307e+02, 3.03568268e+02, 7.39651184e+02, 3.30561096e+02,
    7.71996704e+02, 3.32193085e+02, 8.04242432e+02, 3.33610748e+02,
    8.36259521e+02, 3.34779724e+02, 8.68307739e+02, 3.36122040e+02,
    7.39255432e+02, 3.63086853e+02, 7.71341370e+02, 3.64584076e+02,
    8.03389160e+02, 3.65938171e+02, 8.35330261e+02, 3.67214172e+02,
    8.67327576e+02, 3.68581299e+02 ]
