%YAML:1.0
---
points: [ 8.78966003e+02, 1.62320038e+02, 9.11746521e+02, 1.64158813e+02,
    9.44545288e+02, 1.65559875e+02, 9.77208679e+02, 1.66772018e+02,
    1.01004340e+03, 1.68030685e+02, 8.78427063e+02, 1.96605728e+02,
    9.11104553e+02, 1.98112473e+02, 9.43707825e+02, 1.99586990e+02,
    9.76166077e+02, 2.00907990e+02, 1.00883295e+03, 2.02128876e+02,
    8.77787659e+02, 2.30460770e+02, 9.10416016e+02, 2.32064468e+02,
    9.42952637e+02, 2.33460464e+02, 9.75279663e+02, 2.34688141e+02,
    1.00777087e+03, 2.35771454e+02, 8.77132568e+02, 2.64255310e+02,
    9.09596619e+02, 2.65563690e+02, 9.42113647e+02, 2.66876587e+02,
    9.74284180e+02, 2.68138306e+02, 1.00663477e+03, 2.69385437e+02,
    8.76490784e+02, 2.97458527e+02, 9.08676819e+02, 2.98737366e+02,
    9.41100342e+02, 3.00108887e+02, 9.73379150e+02, 3.01361511e+02,
    1.00561157e+03, 3.02485046e+02, 8.75776306e+02, 3.30386200e+02,
    9.07953979e+02, 3.31696716e+02, 9.40226868e+02, 3.32940765e+02,
    9.72271179e+02, 3.34143127e+02, 1.00451044e+03, 3.35138000e+02,
    8.75170105e+02, 3.63012756e+02, 9.07217163e+02, 3.64378784e+02,
    9.39232178e+02, 3.65467255e+02, 9.71258606e+02, 3.66494659e+02,
    1.00328632e+03, 3.67614288e+02 ]
