%YAML:1.0
---
points: [ 8.73469849e+02, 1.61828522e+02, 9.06384705e+02, 1.63409317e+02,
    9.39221985e+02, 1.64809174e+02, 9.72016541e+02, 1.65952789e+02,
    1.00492346e+03, 1.67073563e+02, 8.73068481e+02, 1.96349548e+02,
    9.05839844e+02, 1.97681168e+02, 9.38596008e+02, 1.98928726e+02,
    9.71113953e+02, 2.00103500e+02, 1.00390887e+03, 2.01270050e+02,
    8.72633606e+02, 2.30255554e+02, 9.05373535e+02, 2.31688965e+02,
    9.37989807e+02, 2.33063644e+02, 9.70409302e+02, 2.34112274e+02,
    1.00299359e+03, 2.35132858e+02, 8.72159058e+02, 2.64170410e+02,
    9.04703369e+02, 2.65387817e+02, 9.37358337e+02, 2.66499115e+02,
    9.69616211e+02, 2.67514832e+02, 1.00207794e+03, 2.68675537e+02,
    8.71633240e+02, 2.97471222e+02, 9.04141602e+02, 2.98663269e+02,
    9.36615479e+02, 2.99745056e+02, 9.68842834e+02, 3.00841675e+02,
    1.00114001e+03, 3.01918060e+02, 8.71253723e+02, 3.30523834e+02,
    9.03412354e+02, 3.31617432e+02, 9.35729309e+02, 3.32753937e+02,
    9.68032288e+02, 3.33763580e+02, 1.00029059e+03, 3.34671967e+02,
    8.70623901e+02, 3.63324585e+02, 9.02675171e+02, 3.64427338e+02,
    9.34971313e+02, 3.65383606e+02, 9.67117615e+02, 3.66328003e+02,
    9.99264099e+02, 3.67307526e+02 ]
