%YAML:1.0
---
points: [ 9.49217896e+02, 1.60311859e+02, 9.81681885e+02, 1.61867477e+02,
    1.01436890e+03, 1.63391861e+02, 1.04685486e+03, 1.64837097e+02,
    1.07954688e+03, 1.66136475e+02, 9.48345459e+02, 1.94429672e+02,
    9.80623779e+02, 1.96078552e+02, 1.01309454e+03, 1.97420944e+02,
    1.04542664e+03, 1.98595413e+02, 1.07800671e+03, 1.99898468e+02,
    9.47353638e+02, 2.28282028e+02, 9.79519836e+02, 2.29640625e+02,
    1.01186481e+03, 2.31037537e+02, 1.04415295e+03, 2.32459213e+02,
    1.07644983e+03, 2.33597061e+02, 9.46303833e+02, 2.61681946e+02,
    9.78451294e+02, 2.63118774e+02, 1.01069159e+03, 2.64559143e+02,
    1.04289954e+03, 2.65721008e+02, 1.07502551e+03, 2.66903290e+02,
    9.45232483e+02, 2.94821930e+02, 9.77278259e+02, 2.96310394e+02,
    1.00942657e+03, 2.97523865e+02, 1.04147827e+03, 2.98706787e+02,
    1.07359485e+03, 2.99945068e+02, 9.44300476e+02, 3.27690369e+02,
    9.76170593e+02, 3.28970581e+02, 1.00819861e+03, 3.30219482e+02,
    1.04008740e+03, 3.31427887e+02, 1.07207874e+03, 3.32692383e+02,
    9.43271667e+02, 3.60156342e+02, 9.75038086e+02, 3.61390503e+02,
    1.00698193e+03, 3.62532898e+02, 1.03878906e+03, 3.63852325e+02,
    1.07066809e+03, 3.65114624e+02 ]
