%YAML:1.0
---
points: [ 9.95011719e+02, 1.61594620e+02, 1.02739148e+03, 1.63077957e+02,
    1.05979980e+03, 1.64555054e+02, 1.09218396e+03, 1.65710526e+02,
    1.12477441e+03, 1.66736679e+02, 9.93807068e+02, 1.95609772e+02,
    1.02611389e+03, 1.97035339e+02, 1.05842200e+03, 1.98304642e+02,
    1.09069580e+03, 1.99484650e+02, 1.12311011e+03, 2.00703262e+02,
    9.92567505e+02, 2.29252579e+02, 1.02464819e+03, 2.30539734e+02,
    1.05700208e+03, 2.31938751e+02, 1.08920801e+03, 2.33204193e+02,
    1.12153906e+03, 2.34245407e+02, 9.91415894e+02, 2.62560608e+02,
    1.02341534e+03, 2.63932892e+02, 1.05551453e+03, 2.65264771e+02,
    1.08751831e+03, 2.66401520e+02, 1.11986646e+03, 2.67355896e+02,
    9.90335510e+02, 2.95638092e+02, 1.02221747e+03, 2.97017944e+02,
    1.05417737e+03, 2.98168182e+02, 1.08613623e+03, 2.99228760e+02,
    1.11812427e+03, 3.00446747e+02, 9.89236938e+02, 3.28374023e+02,
    1.02107532e+03, 3.29532074e+02, 1.05291785e+03, 3.30691711e+02,
    1.08474487e+03, 3.31981537e+02, 1.11674329e+03, 3.33102600e+02,
    9.87932434e+02, 3.60650787e+02, 1.01962659e+03, 3.61785614e+02,
    1.05149451e+03, 3.62997925e+02, 1.08329651e+03, 3.64309204e+02,
    1.11525122e+03, 3.65402710e+02 ]
