%YAML:1.0
---
points: [ 1.05741284e+03, 1.61496628e+02, 1.08979419e+03, 1.62922913e+02,
    1.12222754e+03, 1.64351349e+02, 1.15461963e+03, 1.65419922e+02,
    1.18731250e+03, 1.66439774e+02, 1.05585791e+03, 1.95560196e+02,
    1.08812952e+03, 1.96875381e+02, 1.12052966e+03, 1.98150146e+02,
    1.15282092e+03, 1.99202072e+02, 1.18542651e+03, 2.00246307e+02,
    1.05443701e+03, 2.29236099e+02, 1.08655798e+03, 2.30448761e+02,
    1.11868835e+03, 2.31742508e+02, 1.15095422e+03, 2.32942810e+02,
    1.18352063e+03, 2.33836975e+02, 1.05318982e+03, 2.62577759e+02,
    1.08517871e+03, 2.63873230e+02, 1.11722449e+03, 2.65183990e+02,
    1.14930420e+03, 2.66207062e+02, 1.18158545e+03, 2.67150665e+02,
    1.05172388e+03, 2.95676056e+02, 1.08367493e+03, 2.96924408e+02,
    1.11566345e+03, 2.98096069e+02, 1.14763818e+03, 2.99076233e+02,
    1.17975024e+03, 3.00273956e+02, 1.05033630e+03, 3.28395294e+02,
    1.08214978e+03, 3.29486389e+02, 1.11407666e+03, 3.30631714e+02,
    1.14590784e+03, 3.31796387e+02, 1.17809045e+03, 3.32888123e+02,
    1.04907861e+03, 3.60709625e+02, 1.08075671e+03, 3.61780182e+02,
    1.11257983e+03, 3.62932404e+02, 1.14430310e+03, 3.64271698e+02,
    1.17628979e+03, 3.65347260e+02 ]
