%YAML:1.0
---
points: [ 1.09830994e+03, 1.63807602e+02, 1.13056946e+03, 1.65057236e+02,
    1.16297534e+03, 1.66197495e+02, 1.19529858e+03, 1.67136490e+02,
    1.22786096e+03, 1.68036209e+02, 1.09668555e+03, 1.97523376e+02,
    1.12871045e+03, 1.98642838e+02, 1.16099585e+03, 1.99846573e+02,
    1.19330200e+03, 2.00871597e+02, 1.22590649e+03, 2.01779968e+02,
    1.09526233e+03, 2.30961166e+02, 1.12718799e+03, 2.32253250e+02,
    1.15930737e+03, 2.33397232e+02, 1.19129456e+03, 2.34297409e+02,
    1.22367590e+03, 2.35212570e+02, 1.09366235e+03, 2.64253540e+02,
    1.12551196e+03, 2.65402374e+02, 1.15758850e+03, 2.66433044e+02,
    1.18952539e+03, 2.67349060e+02, 1.22184778e+03, 2.68344543e+02,
    1.09217163e+03, 2.97059265e+02, 1.12393311e+03, 2.98168030e+02,
    1.15566528e+03, 2.99187408e+02, 1.18768201e+03, 3.00250946e+02,
    1.21973401e+03, 3.01259857e+02, 1.09081055e+03, 3.29518066e+02,
    1.12237622e+03, 3.30580078e+02, 1.15415515e+03, 3.31756042e+02,
    1.18597729e+03, 3.32738098e+02, 1.21795325e+03, 3.33746613e+02,
    1.08945203e+03, 3.61628082e+02, 1.12094348e+03, 3.62765320e+02,
    1.15264966e+03, 3.63934174e+02, 1.18435120e+03, 3.64974457e+02,
    1.21623669e+03, 3.66001343e+02 ]
