%YAML:1.0
---
points: [ 1.14547241e+03, 1.63097366e+02, 1.17774536e+03, 1.64476730e+02,
    1.21040515e+03, 1.65491028e+02, 1.24275452e+03, 1.66344421e+02,
    1.27542419e+03, 1.67269318e+02, 1.14371594e+03, 1.96932999e+02,
    1.17576746e+03, 1.98163544e+02, 1.20813464e+03, 1.99191071e+02,
    1.24048962e+03, 2.00119629e+02, 1.27318311e+03, 2.01071487e+02,
    1.14210986e+03, 2.30445190e+02, 1.17405090e+03, 2.31691483e+02,
    1.20634058e+03, 2.32726425e+02, 1.23836633e+03, 2.33699005e+02,
    1.27088843e+03, 2.34494797e+02, 1.14027466e+03, 2.63834076e+02,
    1.17228064e+03, 2.64980713e+02, 1.20436768e+03, 2.65830597e+02,
    1.23649280e+03, 2.66808136e+02, 1.26889478e+03, 2.67644562e+02,
    1.13868042e+03, 2.96780670e+02, 1.17044690e+03, 2.97771606e+02,
    1.20246667e+03, 2.98720459e+02, 1.23446436e+03, 2.99694641e+02,
    1.26663464e+03, 3.00660675e+02, 1.13720300e+03, 3.29281708e+02,
    1.16888696e+03, 3.30339600e+02, 1.20080542e+03, 3.31304108e+02,
    1.23264429e+03, 3.32431122e+02, 1.26482227e+03, 3.33274506e+02,
    1.13557593e+03, 3.61494202e+02, 1.16710168e+03, 3.62576965e+02,
    1.19909949e+03, 3.63655579e+02, 1.23088757e+03, 3.64677887e+02,
    1.26281897e+03, 3.65589050e+02 ]
