%YAML:1.0
---
points: [ 1.20024780e+03, 1.62281006e+02, 1.23254602e+03, 1.63455688e+02,
    1.26503503e+03, 1.64553421e+02, 1.29761609e+03, 1.65387329e+02,
    1.33056860e+03, 1.66268631e+02, 1.19803711e+03, 1.96264877e+02,
    1.23038818e+03, 1.97364227e+02, 1.26283252e+03, 1.98278839e+02,
    1.29536182e+03, 1.99193283e+02, 1.32814417e+03, 2.00007858e+02,
    1.19620398e+03, 2.29743912e+02, 1.22821033e+03, 2.30774170e+02,
    1.26054761e+03, 2.31851593e+02, 1.29298682e+03, 2.32844147e+02,
    1.32572302e+03, 2.33570862e+02, 1.19429346e+03, 2.63160980e+02,
    1.22641980e+03, 2.64267853e+02, 1.25860974e+03, 2.65232330e+02,
    1.29072705e+03, 2.66094604e+02, 1.32335461e+03, 2.66883942e+02,
    1.19237280e+03, 2.96179047e+02, 1.22428125e+03, 2.97234558e+02,
    1.25648096e+03, 2.98146698e+02, 1.28872778e+03, 2.98983582e+02,
    1.32130249e+03, 2.99850739e+02, 1.19064172e+03, 3.28807465e+02,
    1.22248486e+03, 3.29722839e+02, 1.25447168e+03, 3.30740326e+02,
    1.28651233e+03, 3.31685913e+02, 1.31891846e+03, 3.32696014e+02,
    1.18893250e+03, 3.61167969e+02, 1.22072546e+03, 3.62180206e+02,
    1.25269678e+03, 3.63131714e+02, 1.28467773e+03, 3.64176697e+02,
    1.31676086e+03, 3.65051208e+02 ]
