%YAML:1.0
---
points: [ 1.26346338e+03, 1.63163895e+02, 1.29580444e+03, 1.64330521e+02,
    1.32842932e+03, 1.65192230e+02, 1.36097644e+03, 1.65918869e+02,
    1.39418274e+03, 1.66548538e+02, 1.26104773e+03, 1.96969452e+02,
    1.29342163e+03, 1.97946213e+02, 1.32596143e+03, 1.98802353e+02,
    1.35851379e+03, 1.99562164e+02, 1.39137952e+03, 2.00334549e+02,
    1.25909521e+03, 2.30389236e+02, 1.29114417e+03, 2.31418854e+02,
    1.32347168e+03, 2.32398743e+02, 1.35601086e+03, 2.33224701e+02,
    1.38884082e+03, 2.33823349e+02, 1.25697571e+03, 2.63752167e+02,
    1.28896301e+03, 2.64721741e+02, 1.32130640e+03, 2.65550964e+02,
    1.35362463e+03, 2.66361969e+02, 1.38627148e+03, 2.67100342e+02,
    1.25473254e+03, 2.96632660e+02, 1.28674011e+03, 2.97546173e+02,
    1.31891040e+03, 2.98421356e+02, 1.35130859e+03, 2.99173004e+02,
    1.38394128e+03, 3.00072479e+02, 1.25304688e+03, 3.29199280e+02,
    1.28478760e+03, 3.30138031e+02, 1.31684961e+03, 3.30939667e+02,
    1.34915259e+03, 3.31866333e+02, 1.38147217e+03, 3.32745514e+02,
    1.25095459e+03, 3.61407471e+02, 1.28282703e+03, 3.62395355e+02,
    1.31480957e+03, 3.63327881e+02, 1.34706470e+03, 3.64270844e+02,
    1.37940698e+03, 3.65177917e+02 ]
