%YAML:1.0
---
points: [ 1.31789575e+03, 1.63951721e+02, 1.35027881e+03, 1.64900146e+02,
    1.38292407e+03, 1.65791199e+02, 1.41568164e+03, 1.66467468e+02,
    1.44850684e+03, 1.67362900e+02, 1.31562183e+03, 1.97548813e+02,
    1.34778271e+03, 1.98408569e+02, 1.38026782e+03, 1.99368713e+02,
    1.41267834e+03, 2.00154861e+02, 1.44565125e+03, 2.00946381e+02,
    1.31327686e+03, 2.30903015e+02, 1.34525879e+03, 2.31945938e+02,
    1.37766162e+03, 2.32787613e+02, 1.41020825e+03, 2.33602280e+02,
    1.44298901e+03, 2.34345276e+02, 1.31103931e+03, 2.64195740e+02,
    1.34299731e+03, 2.65131073e+02, 1.37525964e+03, 2.65843445e+02,
    1.40752429e+03, 2.66593231e+02, 1.44040869e+03, 2.67323456e+02,
    1.30864771e+03, 2.96967987e+02, 1.34064929e+03, 2.97812256e+02,
    1.37286572e+03, 2.98640686e+02, 1.40520667e+03, 2.99459503e+02,
    1.43769238e+03, 3.00337372e+02, 1.30672888e+03, 3.29418518e+02,
    1.33847083e+03, 3.30299072e+02, 1.37059961e+03, 3.31131439e+02,
    1.40274255e+03, 3.32116699e+02, 1.43534778e+03, 3.32825256e+02,
    1.30459912e+03, 3.61566467e+02, 1.33644739e+03, 3.62497162e+02,
    1.36852539e+03, 3.63425842e+02, 1.40068579e+03, 3.64334106e+02,
    1.43285364e+03, 3.65251312e+02 ]
