%YAML:1.0
---
points: [ 1.37788245e+03, 1.64618301e+02, 1.41022974e+03, 1.65616791e+02,
    1.44270593e+03, 1.66412369e+02, 1.47531641e+03, 1.67223877e+02,
    1.50808777e+03, 1.67909012e+02, 1.37524634e+03, 1.98057907e+02,
    1.40734851e+03, 1.98969604e+02, 1.43973181e+03, 1.99937027e+02,
    1.47239319e+03, 2.00669250e+02, 1.50523157e+03, 2.01520691e+02,
    1.37268262e+03, 2.31349625e+02, 1.40482349e+03, 2.32307358e+02,
    1.43723999e+03, 2.33265076e+02, 1.46964636e+03, 2.33960342e+02,
    1.50234705e+03, 2.34636261e+02, 1.37025439e+03, 2.64388580e+02,
    1.40231567e+03, 2.65343506e+02, 1.43442700e+03, 2.66149628e+02,
    1.46686792e+03, 2.66821136e+02, 1.49977161e+03, 2.67655090e+02,
    1.36783789e+03, 2.97142059e+02, 1.39993433e+03, 2.97989685e+02,
    1.43201562e+03, 2.98800049e+02, 1.46434497e+03, 2.99630219e+02,
    1.49683667e+03, 3.00508240e+02, 1.36554529e+03, 3.29433533e+02,
    1.39743787e+03, 3.30386017e+02, 1.42950122e+03, 3.31227936e+02,
    1.46179700e+03, 3.32219086e+02, 1.49452466e+03, 3.32928680e+02,
    1.36346912e+03, 3.61530518e+02, 1.39528088e+03, 3.62485321e+02,
    1.42744312e+03, 3.63405182e+02, 1.45939514e+03, 3.64377228e+02,
    1.49169409e+03, 3.65244415e+02 ]
