%YAML:1.0
---
points: [ 1.45339185e+03, 1.63060349e+02, 1.48549133e+03, 1.64391846e+02,
    1.51778430e+03, 1.65353760e+02, 1.55027490e+03, 1.66247284e+02,
    1.58309119e+03, 1.67131775e+02, 1.45043640e+03, 1.96683884e+02,
    1.48247107e+03, 1.97762802e+02, 1.51482959e+03, 1.98746918e+02,
    1.54733289e+03, 1.99628311e+02, 1.57993164e+03, 2.00649582e+02,
    1.44769250e+03, 2.30009857e+02, 1.47966199e+03, 2.31018555e+02,
    1.51188647e+03, 2.32058411e+02, 1.54415710e+03, 2.33090973e+02,
    1.57676294e+03, 2.33769760e+02, 1.44495239e+03, 2.63174927e+02,
    1.47681995e+03, 2.64171509e+02, 1.50908826e+03, 2.65198730e+02,
    1.54143262e+03, 2.66002136e+02, 1.57400952e+03, 2.66898529e+02,
    1.44249695e+03, 2.95932953e+02, 1.47435645e+03, 2.97019989e+02,
    1.50643176e+03, 2.97834991e+02, 1.53853394e+03, 2.98757812e+02,
    1.57112964e+03, 2.99575714e+02, 1.43981250e+03, 3.28513397e+02,
    1.47161084e+03, 3.29423462e+02, 1.50378772e+03, 3.30287384e+02,
    1.53606055e+03, 3.31247986e+02, 1.56853735e+03, 3.32270538e+02,
    1.43754675e+03, 3.60676392e+02, 1.46933960e+03, 3.61625854e+02,
    1.50137354e+03, 3.62512543e+02, 1.53339136e+03, 3.63524536e+02,
    1.56557703e+03, 3.64550568e+02 ]
