%YAML:1.0
---
points: [ 1.51265369e+03, 1.61965485e+02, 1.54465820e+03, 1.63220978e+02,
    1.57675586e+03, 1.64473099e+02, 1.60922717e+03, 1.65530396e+02,
    1.64172937e+03, 1.66490417e+02, 1.50965442e+03, 1.95665405e+02,
    1.54155042e+03, 1.96783325e+02, 1.57369873e+03, 1.97946594e+02,
    1.60588147e+03, 1.98828308e+02, 1.63837061e+03, 1.99864334e+02,
    1.50662097e+03, 2.28998337e+02, 1.53847473e+03, 2.30124542e+02,
    1.57052136e+03, 2.31265335e+02, 1.60261035e+03, 2.32306625e+02,
    1.63517297e+03, 2.33337982e+02, 1.50383484e+03, 2.62185364e+02,
    1.53562073e+03, 2.63332855e+02, 1.56770691e+03, 2.64374634e+02,
    1.59971448e+03, 2.65382263e+02, 1.63231323e+03, 2.66284882e+02,
    1.50111084e+03, 2.95154480e+02, 1.53285620e+03, 2.96237976e+02,
    1.56471692e+03, 2.97223877e+02, 1.59681677e+03, 2.98164856e+02,
    1.62916516e+03, 2.99076935e+02, 1.49842029e+03, 3.27815399e+02,
    1.53015308e+03, 3.28727356e+02, 1.56211011e+03, 3.29674469e+02,
    1.59426355e+03, 3.30588348e+02, 1.62639343e+03, 3.31636353e+02,
    1.49583533e+03, 3.60126709e+02, 1.52758862e+03, 3.61058868e+02,
    1.55954797e+03, 3.61941437e+02, 1.59147632e+03, 3.62952301e+02,
    1.62348181e+03, 3.64056335e+02 ]
