%YAML:1.0
---
points: [ 1.56212170e+03, 1.60785568e+02, 1.59445776e+03, 1.61764206e+02,
    1.62694983e+03, 1.62690430e+02, 1.65951990e+03, 1.63613861e+02,
    1.69226648e+03, 1.64553253e+02, 1.55882239e+03, 1.94514709e+02,
    1.59101575e+03, 1.95583511e+02, 1.62345203e+03, 1.96457932e+02,
    1.65610962e+03, 1.97358948e+02, 1.68914966e+03, 1.98145615e+02,
    1.55572974e+03, 2.28213776e+02, 1.58803259e+03, 2.29027985e+02,
    1.62051990e+03, 2.29819809e+02, 1.65300537e+03, 2.30694168e+02,
    1.68574536e+03, 2.31517227e+02, 1.55307190e+03, 2.61440125e+02,
    1.58514307e+03, 2.62239044e+02, 1.61744604e+03, 2.63153656e+02,
    1.64973340e+03, 2.63993561e+02, 1.68269055e+03, 2.64860748e+02,
    1.55001062e+03, 2.94349365e+02, 1.58213110e+03, 2.95400116e+02,
    1.61448511e+03, 2.96241302e+02, 1.64706506e+03, 2.97011780e+02,
    1.67966711e+03, 2.97691559e+02, 1.54746338e+03, 3.27264526e+02,
    1.57952905e+03, 3.28048553e+02, 1.61184460e+03, 3.28873566e+02,
    1.64417859e+03, 3.29586151e+02, 1.67670776e+03, 3.30419708e+02,
    1.54472461e+03, 3.59606659e+02, 1.57682935e+03, 3.60519501e+02,
    1.60921838e+03, 3.61302185e+02, 1.64153174e+03, 3.62092896e+02,
    1.67394385e+03, 3.62890564e+02 ]
