%YAML:1.0
---
points: [ 1.56253882e+03, 1.60711029e+02, 1.59495056e+03, 1.61712616e+02,
    1.62740674e+03, 1.62561783e+02, 1.65994238e+03, 1.63482574e+02,
    1.69274890e+03, 1.64488571e+02, 1.55936450e+03, 1.94427841e+02,
    1.59150610e+03, 1.95490433e+02, 1.62395300e+03, 1.96412369e+02,
    1.65661499e+03, 1.97234009e+02, 1.68962341e+03, 1.97920471e+02,
    1.55632825e+03, 2.28117523e+02, 1.58851245e+03, 2.28967651e+02,
    1.62097388e+03, 2.29754379e+02, 1.65347583e+03, 2.30637955e+02,
    1.68630762e+03, 2.31472549e+02, 1.55347009e+03, 2.61401398e+02,
    1.58553198e+03, 2.62230286e+02, 1.61787256e+03, 2.63083893e+02,
    1.65032593e+03, 2.63880890e+02, 1.68328870e+03, 2.64783447e+02,
    1.55047522e+03, 2.94339935e+02, 1.58260461e+03, 2.95339691e+02,
    1.61503296e+03, 2.96178314e+02, 1.64749377e+03, 2.96933502e+02,
    1.68024353e+03, 2.97616089e+02, 1.54805872e+03, 3.27200012e+02,
    1.57992651e+03, 3.28021698e+02, 1.61228210e+03, 3.28836243e+02,
    1.64456006e+03, 3.29555725e+02, 1.67735962e+03, 3.30365997e+02,
    1.54533240e+03, 3.59601685e+02, 1.57730847e+03, 3.60470184e+02,
    1.60966296e+03, 3.61245270e+02, 1.64209851e+03, 3.62082153e+02,
    1.67450024e+03, 3.62830658e+02 ]
