%YAML:1.0
---
points: [ 1.63793079e+03, 1.60334778e+02, 1.67023352e+03, 1.61309189e+02,
    1.70272961e+03, 1.62295334e+02, 1.73545325e+03, 1.63201996e+02,
    1.76839648e+03, 1.64361267e+02, 1.63445508e+03, 1.93978485e+02,
    1.66667322e+03, 1.95040527e+02, 1.69931348e+03, 1.96135590e+02,
    1.73188867e+03, 1.96862595e+02, 1.76471033e+03, 1.97789413e+02,
    1.63135437e+03, 2.27630173e+02, 1.66347107e+03, 2.28558670e+02,
    1.69584009e+03, 2.29474945e+02, 1.72839819e+03, 2.30279175e+02,
    1.76140161e+03, 2.31237350e+02, 1.62801501e+03, 2.60931274e+02,
    1.66023840e+03, 2.61789856e+02, 1.69262781e+03, 2.62683899e+02,
    1.72525769e+03, 2.63641968e+02, 1.75820813e+03, 2.64601837e+02,
    1.62509387e+03, 2.93834900e+02, 1.65729541e+03, 2.94911591e+02,
    1.68961450e+03, 2.95744171e+02, 1.72203198e+03, 2.96692444e+02,
    1.75473975e+03, 2.97492981e+02, 1.62211768e+03, 3.26747375e+02,
    1.65428381e+03, 3.27641785e+02, 1.68654724e+03, 3.28520050e+02,
    1.71895422e+03, 3.29389587e+02, 1.75191382e+03, 3.30261261e+02,
    1.61933582e+03, 3.59349487e+02, 1.65140601e+03, 3.60145752e+02,
    1.68384082e+03, 3.60957550e+02, 1.71626086e+03, 3.61796539e+02,
    1.74873596e+03, 3.62710693e+02 ]
