%YAML:1.0
---
points: [ 1.63788770e+03, 1.60335052e+02, 1.67019482e+03, 1.61278992e+02,
    1.70269031e+03, 1.62316895e+02, 1.73545178e+03, 1.63267166e+02,
    1.76835645e+03, 1.64390350e+02, 1.63443481e+03, 1.93951447e+02,
    1.66668213e+03, 1.95021637e+02, 1.69929810e+03, 1.96134521e+02,
    1.73192810e+03, 1.96858612e+02, 1.76472852e+03, 1.97786224e+02,
    1.63128174e+03, 2.27627945e+02, 1.66347583e+03, 2.28555161e+02,
    1.69583813e+03, 2.29503403e+02, 1.72838684e+03, 2.30286514e+02,
    1.76136060e+03, 2.31276840e+02, 1.62805981e+03, 2.60924591e+02,
    1.66017773e+03, 2.61807373e+02, 1.69259607e+03, 2.62699860e+02,
    1.72526123e+03, 2.63656525e+02, 1.75820007e+03, 2.64591400e+02,
    1.62507544e+03, 2.93820068e+02, 1.65727332e+03, 2.94889801e+02,
    1.68962622e+03, 2.95727814e+02, 1.72198376e+03, 2.96725586e+02,
    1.75474390e+03, 2.97497498e+02, 1.62210034e+03, 3.26804810e+02,
    1.65427539e+03, 3.27647461e+02, 1.68653052e+03, 3.28544586e+02,
    1.71889673e+03, 3.29379272e+02, 1.75188660e+03, 3.30237061e+02,
    1.61928577e+03, 3.59285767e+02, 1.65136340e+03, 3.60171417e+02,
    1.68384692e+03, 3.60944061e+02, 1.71625220e+03, 3.61755493e+02,
    1.74869128e+03, 3.62722076e+02 ]
