%YAML:1.0
---
points: [ 1.70202637e+03, 1.60921112e+02, 1.73411572e+03, 1.62085281e+02,
    1.76626355e+03, 1.63405960e+02, 1.79859985e+03, 1.64594162e+02,
    1.83131848e+03, 1.65731369e+02, 1.69853333e+03, 1.94501419e+02,
    1.73041138e+03, 1.95815659e+02, 1.76260400e+03, 1.96978195e+02,
    1.79492273e+03, 1.97930222e+02, 1.82743567e+03, 1.99077225e+02,
    1.69511780e+03, 2.28047729e+02, 1.72691101e+03, 2.29149948e+02,
    1.75909045e+03, 2.30234634e+02, 1.79121716e+03, 2.31403931e+02,
    1.82369800e+03, 2.32475967e+02, 1.69156775e+03, 2.61284973e+02,
    1.72346362e+03, 2.62262543e+02, 1.75553650e+03, 2.63465790e+02,
    1.78773669e+03, 2.64593628e+02, 1.82043286e+03, 2.65542877e+02,
    1.68847571e+03, 2.94097931e+02, 1.72034619e+03, 2.95360687e+02,
    1.75237048e+03, 2.96411713e+02, 1.78454504e+03, 2.97350311e+02,
    1.81684949e+03, 2.98426422e+02, 1.68528625e+03, 3.26928802e+02,
    1.71715051e+03, 3.28021149e+02, 1.74917517e+03, 3.29077728e+02,
    1.78126270e+03, 3.29941132e+02, 1.81362927e+03, 3.30961273e+02,
    1.68225427e+03, 3.59405487e+02, 1.71413635e+03, 3.60374237e+02,
    1.74629077e+03, 3.61336395e+02, 1.77842444e+03, 3.62380859e+02,
    1.81051807e+03, 3.63508301e+02 ]
