%YAML:1.0
---
points: [ 1.74685315e+03, 1.60397079e+02, 1.77854797e+03, 1.61724457e+02,
    1.81040356e+03, 1.63246262e+02, 1.84229529e+03, 1.64695541e+02,
    1.87436499e+03, 1.66046204e+02, 1.74302222e+03, 1.93860672e+02,
    1.77451880e+03, 1.95488190e+02, 1.80634802e+03, 1.96801025e+02,
    1.83817688e+03, 1.98093796e+02, 1.87039404e+03, 1.99412231e+02,
    1.73926355e+03, 2.27565903e+02, 1.77072351e+03, 2.28790436e+02,
    1.80256738e+03, 2.30108902e+02, 1.83443738e+03, 2.31447830e+02,
    1.86668237e+03, 2.32748077e+02, 1.73582898e+03, 2.60737488e+02,
    1.76738367e+03, 2.62044464e+02, 1.79913928e+03, 2.63346283e+02,
    1.83090662e+03, 2.64623047e+02, 1.86313293e+03, 2.65738953e+02,
    1.73243494e+03, 2.93660980e+02, 1.76389832e+03, 2.95039948e+02,
    1.79563538e+03, 2.96284760e+02, 1.82746631e+03, 2.97416077e+02,
    1.85950049e+03, 2.98583221e+02, 1.72901355e+03, 3.26483124e+02,
    1.76060840e+03, 3.27710663e+02, 1.79234326e+03, 3.28918304e+02,
    1.82410693e+03, 3.30015503e+02, 1.85623865e+03, 3.31263763e+02,
    1.72592749e+03, 3.59035858e+02, 1.75759229e+03, 3.60186554e+02,
    1.78935046e+03, 3.61287872e+02, 1.82108447e+03, 3.62481567e+02,
    1.85287756e+03, 3.63735199e+02 ]
