%YAML:1.0
---
points: [ 1.88570447e+03, 3.59810516e+02, 1.85396875e+03, 3.60642853e+02,
    1.82222583e+03, 3.61437347e+02, 1.79041089e+03, 3.62447815e+02,
    1.75875464e+03, 3.63378021e+02, 1.88716614e+03, 3.27456360e+02,
    1.85509326e+03, 3.28315918e+02, 1.82335132e+03, 3.29185822e+02,
    1.79148987e+03, 3.29947296e+02, 1.76000781e+03, 3.30746429e+02,
    1.88862683e+03, 2.94686737e+02, 1.85647681e+03, 2.95608307e+02,
    1.82457092e+03, 2.96474060e+02, 1.79282104e+03, 2.97376953e+02,
    1.76133740e+03, 2.98058807e+02, 1.89028162e+03, 2.61770752e+02,
    1.85815723e+03, 2.62590179e+02, 1.82619397e+03, 2.63506226e+02,
    1.79442908e+03, 2.64331146e+02, 1.76287964e+03, 2.65155548e+02,
    1.89181213e+03, 2.28672409e+02, 1.85956824e+03, 2.29528183e+02,
    1.82767212e+03, 2.30214096e+02, 1.79584729e+03, 2.31012268e+02,
    1.76430005e+03, 2.31856354e+02, 1.89372363e+03, 1.95415329e+02,
    1.86136511e+03, 1.96218842e+02, 1.82943518e+03, 1.96983963e+02,
    1.79742114e+03, 1.97611130e+02, 1.76589075e+03, 1.98281631e+02,
    1.89562634e+03, 1.61767258e+02, 1.86348230e+03, 1.62529175e+02,
    1.83154663e+03, 1.63295654e+02, 1.79962402e+03, 1.64174835e+02,
    1.76782764e+03, 1.64725616e+02 ]
