%YAML:1.0
---
points: [ 1.89805347e+03, 3.60010803e+02, 1.86614746e+03, 3.60783234e+02,
    1.83446533e+03, 3.61575012e+02, 1.80255701e+03, 3.62527863e+02,
    1.77096692e+03, 3.63400848e+02, 1.89960815e+03, 3.27585266e+02,
    1.86755359e+03, 3.28418091e+02, 1.83567639e+03, 3.29263916e+02,
    1.80391406e+03, 3.30062164e+02, 1.77236365e+03, 3.30812469e+02,
    1.90092249e+03, 2.94991302e+02, 1.86892981e+03, 2.95715637e+02,
    1.83708472e+03, 2.96612122e+02, 1.80534106e+03, 2.97427734e+02,
    1.77369714e+03, 2.98139404e+02, 1.90256018e+03, 2.61901703e+02,
    1.87032922e+03, 2.62808685e+02, 1.83848474e+03, 2.63646545e+02,
    1.80665784e+03, 2.64460754e+02, 1.77521753e+03, 2.65256744e+02,
    1.90447412e+03, 2.28839828e+02, 1.87204626e+03, 2.29687393e+02,
    1.84013245e+03, 2.30385315e+02, 1.80829773e+03, 2.31212585e+02,
    1.77671558e+03, 2.31852295e+02, 1.90631531e+03, 1.95644852e+02,
    1.87390686e+03, 1.96351593e+02, 1.84197180e+03, 1.97125687e+02,
    1.81019666e+03, 1.97796860e+02, 1.77865051e+03, 1.98365540e+02,
    1.90829028e+03, 1.62031952e+02, 1.87596912e+03, 1.62715042e+02,
    1.84390967e+03, 1.63540771e+02, 1.81203064e+03, 1.64317780e+02,
    1.78042944e+03, 1.64748016e+02 ]
