%YAML:1.0
---
points: [ 1.90069849e+03, 3.58314728e+02, 1.86889758e+03, 3.59957184e+02,
    1.83717737e+03, 3.61548157e+02, 1.80545154e+03, 3.63417877e+02,
    1.77379028e+03, 3.65288025e+02, 1.90142224e+03, 3.25735718e+02,
    1.86931104e+03, 3.27552948e+02, 1.83750269e+03, 3.29230774e+02,
    1.80576733e+03, 3.30859955e+02, 1.77420850e+03, 3.32791840e+02,
    1.90182043e+03, 2.93162231e+02, 1.86972522e+03, 2.94938049e+02,
    1.83782446e+03, 2.96639954e+02, 1.80624316e+03, 2.98280212e+02,
    1.77465393e+03, 3.00037292e+02, 1.90271973e+03, 2.60394348e+02,
    1.87043164e+03, 2.61971252e+02, 1.83858643e+03, 2.63733246e+02,
    1.80677783e+03, 2.65422363e+02, 1.77532690e+03, 2.67013214e+02,
    1.90353491e+03, 2.27336227e+02, 1.87128174e+03, 2.28956345e+02,
    1.83925818e+03, 2.30494705e+02, 1.80750781e+03, 2.32286804e+02,
    1.77590576e+03, 2.33861191e+02, 1.90469812e+03, 1.93759521e+02,
    1.87231763e+03, 1.95633911e+02, 1.84031409e+03, 1.97304291e+02,
    1.80834424e+03, 1.98722031e+02, 1.77679187e+03, 2.00432617e+02,
    1.90579224e+03, 1.60464966e+02, 1.87357739e+03, 1.62010910e+02,
    1.84154004e+03, 1.63759750e+02, 1.80958679e+03, 1.65398529e+02,
    1.77785352e+03, 1.66684082e+02 ]
