%YAML:1.0
---
points: [ 1.90656018e+03, 2.96386047e+02, 1.87395422e+03, 2.98213043e+02,
    1.84152991e+03, 3.00331329e+02, 1.80909875e+03, 3.02330139e+02,
    1.77679749e+03, 3.04262421e+02, 1.90685815e+03, 2.63665070e+02,
    1.87418274e+03, 2.65574585e+02, 1.84165015e+03, 2.67637054e+02,
    1.80918481e+03, 2.69784088e+02, 1.77698047e+03, 2.71671875e+02,
    1.90715308e+03, 2.30737640e+02, 1.87445422e+03, 2.33079025e+02,
    1.84186487e+03, 2.34904724e+02, 1.80955261e+03, 2.36995087e+02,
    1.77726038e+03, 2.39080200e+02, 1.90774561e+03, 1.97798950e+02,
    1.87477026e+03, 1.99867310e+02, 1.84237708e+03, 2.01982407e+02,
    1.80982605e+03, 2.03785416e+02, 1.77767200e+03, 2.06110291e+02,
    1.90832349e+03, 1.64535751e+02, 1.87531860e+03, 1.66589005e+02,
    1.84274280e+03, 1.68667801e+02, 1.81041150e+03, 1.70706650e+02,
    1.77823157e+03, 1.72590363e+02, 1.90917590e+03, 1.30853180e+02,
    1.87594897e+03, 1.33246384e+02, 1.84331702e+03, 1.35180099e+02,
    1.81092529e+03, 1.37277664e+02, 1.77878662e+03, 1.39202896e+02,
    1.91016284e+03, 9.73172531e+01, 1.87690161e+03, 9.92864456e+01,
    1.84421362e+03, 1.01550964e+02, 1.81164575e+03, 1.03495918e+02,
    1.77946765e+03, 1.05426605e+02 ]
