%YAML:1.0
---
points: [ 1.89975562e+03, 2.45628662e+02, 1.86604395e+03, 2.48302856e+02,
    1.83280981e+03, 2.50532837e+02, 1.79964929e+03, 2.53237488e+02,
    1.76659827e+03, 2.55514465e+02, 1.89984290e+03, 2.13084045e+02,
    1.86583777e+03, 2.15590195e+02, 1.83264441e+03, 2.18174942e+02,
    1.79944397e+03, 2.20516342e+02, 1.76648804e+03, 2.23136993e+02,
    1.89975732e+03, 1.80329330e+02, 1.86580994e+03, 1.82789795e+02,
    1.83254578e+03, 1.85460999e+02, 1.79933972e+03, 1.87916702e+02,
    1.76632178e+03, 1.90489349e+02, 1.89999634e+03, 1.47031326e+02,
    1.86584937e+03, 1.49734711e+02, 1.83254980e+03, 1.52345032e+02,
    1.79936548e+03, 1.54897476e+02, 1.76643762e+03, 1.57378235e+02,
    1.90019250e+03, 1.13620422e+02, 1.86609546e+03, 1.16454208e+02,
    1.83266675e+03, 1.19107727e+02, 1.79940149e+03, 1.21681236e+02,
    1.76642004e+03, 1.24169487e+02, 1.90055334e+03, 8.02220535e+01,
    1.86631726e+03, 8.28421402e+01, 1.83287610e+03, 8.57585068e+01,
    1.79959558e+03, 8.82345963e+01, 1.76663342e+03, 9.08298950e+01,
    1.90102100e+03, 4.63045044e+01, 1.86701660e+03, 4.92037315e+01,
    1.83334778e+03, 5.18044586e+01, 1.80005969e+03, 5.46792259e+01,
    1.76691040e+03, 5.70423584e+01 ]
