%YAML:1.0
---
points: [ 1.77746130e+03, 2.92804375e+01, 1.81063928e+03, 2.88113403e+01,
    1.84375732e+03, 2.83722744e+01, 1.87769763e+03, 2.77966347e+01,
    1.91165771e+03, 2.70814991e+01, 1.77501465e+03, 6.31447182e+01,
    1.80771985e+03, 6.26820564e+01, 1.84126746e+03, 6.22493286e+01,
    1.87473340e+03, 6.16928711e+01, 1.90890088e+03, 6.09067574e+01,
    1.77252625e+03, 9.68085327e+01, 1.80558167e+03, 9.64567871e+01,
    1.83860217e+03, 9.59305954e+01, 1.87227417e+03, 9.54910507e+01,
    1.90639990e+03, 9.47443466e+01, 1.77028967e+03, 1.30110474e+02,
    1.80319861e+03, 1.29726654e+02, 1.83644226e+03, 1.29350754e+02,
    1.86969775e+03, 1.28977707e+02, 1.90391711e+03, 1.28437088e+02,
    1.76822791e+03, 1.63321152e+02, 1.80098218e+03, 1.62904602e+02,
    1.83419531e+03, 1.62547150e+02, 1.86768555e+03, 1.62120621e+02,
    1.90138965e+03, 1.61552368e+02, 1.76589380e+03, 1.96323227e+02,
    1.79890039e+03, 1.95971893e+02, 1.83220874e+03, 1.95521225e+02,
    1.86540063e+03, 1.95098267e+02, 1.89936414e+03, 1.94546677e+02,
    1.76395715e+03, 2.28919296e+02, 1.79686450e+03, 2.28545944e+02,
    1.83017224e+03, 2.28257050e+02, 1.86344165e+03, 2.27827820e+02,
    1.89689026e+03, 2.27520645e+02 ]
