%YAML:1.0
---
points: [ 1.78028687e+03, 1.71297436e+01, 1.81222412e+03, 1.61869755e+01,
    1.84451343e+03, 1.50283289e+01, 1.87725110e+03, 1.39348764e+01,
    1.91021997e+03, 1.28410139e+01, 1.77887292e+03, 5.07042770e+01,
    1.81072900e+03, 5.00191727e+01, 1.84298816e+03, 4.90608711e+01,
    1.87545361e+03, 4.77625313e+01, 1.90833838e+03, 4.64930534e+01,
    1.77747815e+03, 8.44406433e+01, 1.80938123e+03, 8.35006561e+01,
    1.84157898e+03, 8.24868851e+01, 1.87409473e+03, 8.14316025e+01,
    1.90677698e+03, 8.02739944e+01, 1.77617139e+03, 1.17979652e+02,
    1.80811438e+03, 1.17080673e+02, 1.84030188e+03, 1.15822098e+02,
    1.87255139e+03, 1.14738190e+02, 1.90546362e+03, 1.13585037e+02,
    1.77510547e+03, 1.50991135e+02, 1.80696948e+03, 1.50068085e+02,
    1.83897217e+03, 1.49179367e+02, 1.87133032e+03, 1.47942154e+02,
    1.90420667e+03, 1.46605133e+02, 1.77418958e+03, 1.83874924e+02,
    1.80593457e+03, 1.82887115e+02, 1.83812244e+03, 1.81876770e+02,
    1.87030444e+03, 1.80794312e+02, 1.90295801e+03, 1.79627762e+02,
    1.77319495e+03, 2.16699997e+02, 1.80515515e+03, 2.15522751e+02,
    1.83729260e+03, 2.14455536e+02, 1.86947437e+03, 2.13407745e+02,
    1.90168713e+03, 2.12440567e+02 ]
