%YAML:1.0
---
points: [ 1.72617175e+03, 1.32135229e+01, 1.75988269e+03, 1.22158594e+01,
    1.79402942e+03, 1.08611288e+01, 1.82831860e+03, 9.51160145e+00,
    1.86336206e+03, 8.25777245e+00, 1.72385815e+03, 4.72486649e+01,
    1.75759558e+03, 4.62854538e+01, 1.79156982e+03, 4.51917419e+01,
    1.82604614e+03, 4.38306465e+01, 1.86072827e+03, 4.25494347e+01,
    1.72188843e+03, 8.12336197e+01, 1.75539929e+03, 8.03065567e+01,
    1.78955688e+03, 7.89339447e+01, 1.82376038e+03, 7.78281937e+01,
    1.85856360e+03, 7.66075439e+01, 1.72005322e+03, 1.14828880e+02,
    1.75355164e+03, 1.13879211e+02, 1.78756592e+03, 1.12801315e+02,
    1.82170044e+03, 1.11760239e+02, 1.85649756e+03, 1.10543869e+02,
    1.71816052e+03, 1.48335556e+02, 1.75183838e+03, 1.47308273e+02,
    1.78565808e+03, 1.46191208e+02, 1.81984558e+03, 1.45253540e+02,
    1.85445544e+03, 1.44264954e+02, 1.71645068e+03, 1.81437012e+02,
    1.74987341e+03, 1.80610565e+02, 1.78404785e+03, 1.79543030e+02,
    1.81791675e+03, 1.78466125e+02, 1.85271753e+03, 1.77424347e+02,
    1.71468323e+03, 2.14343628e+02, 1.74840381e+03, 2.13429642e+02,
    1.78228064e+03, 2.12544434e+02, 1.81639014e+03, 2.11567657e+02,
    1.85058533e+03, 2.10590759e+02 ]
