%YAML:1.0
---
points: [ 1.69463892e+03, 1.32348690e+01, 1.72839136e+03, 1.21274805e+01,
    1.76253467e+03, 1.08059387e+01, 1.79684082e+03, 9.45578289e+00,
    1.83166821e+03, 8.16486549e+00, 1.69262000e+03, 4.73099823e+01,
    1.72638379e+03, 4.62773705e+01, 1.76020349e+03, 4.51945076e+01,
    1.79449365e+03, 4.38157539e+01, 1.82923621e+03, 4.24134216e+01,
    1.69073669e+03, 8.13174362e+01, 1.72423083e+03, 8.03435974e+01,
    1.75838806e+03, 7.90580063e+01, 1.79240015e+03, 7.77670593e+01,
    1.82733667e+03, 7.65362701e+01, 1.68901929e+03, 1.14938065e+02,
    1.72244897e+03, 1.13946777e+02, 1.75642639e+03, 1.12816208e+02,
    1.79049182e+03, 1.11802551e+02, 1.82527393e+03, 1.10475334e+02,
    1.68710986e+03, 1.48461121e+02, 1.72072498e+03, 1.47456497e+02,
    1.75453101e+03, 1.46274612e+02, 1.78878662e+03, 1.45266068e+02,
    1.82318835e+03, 1.44194885e+02, 1.68544873e+03, 1.81553085e+02,
    1.71878735e+03, 1.80637527e+02, 1.75298877e+03, 1.79615967e+02,
    1.78694836e+03, 1.78512024e+02, 1.82147021e+03, 1.77397858e+02,
    1.68378943e+03, 2.14404785e+02, 1.71730920e+03, 2.13547455e+02,
    1.75133093e+03, 2.12559235e+02, 1.78533203e+03, 2.11608139e+02,
    1.81956262e+03, 2.10605408e+02 ]
