%YAML:1.0
---
points: [ 1.65643750e+03, 1.82251225e+01, 1.68992615e+03, 1.71200180e+01,
    1.72353503e+03, 1.58538132e+01, 1.75773499e+03, 1.46507368e+01,
    1.79189905e+03, 1.33392553e+01, 1.65450830e+03, 5.21013756e+01,
    1.68776953e+03, 5.11010818e+01, 1.72164124e+03, 5.00421677e+01,
    1.75544702e+03, 4.88507881e+01, 1.78996521e+03, 4.74940796e+01,
    1.65280542e+03, 8.60903549e+01, 1.68597729e+03, 8.51384201e+01,
    1.71968530e+03, 8.38128204e+01, 1.75368274e+03, 8.27074661e+01,
    1.78795276e+03, 8.15179443e+01, 1.65099622e+03, 1.19698555e+02,
    1.68445129e+03, 1.18697624e+02, 1.71787988e+03, 1.17634186e+02,
    1.75173608e+03, 1.16558456e+02, 1.78609802e+03, 1.15287682e+02,
    1.64930042e+03, 1.53085342e+02, 1.68258704e+03, 1.52069824e+02,
    1.71628247e+03, 1.50901093e+02, 1.74996289e+03, 1.49863022e+02,
    1.78440149e+03, 1.48910675e+02, 1.64775952e+03, 1.86305328e+02,
    1.68092688e+03, 1.85204361e+02, 1.71469006e+03, 1.84152969e+02,
    1.74843201e+03, 1.82960876e+02, 1.78255151e+03, 1.82071869e+02,
    1.64624890e+03, 2.18883820e+02, 1.67951965e+03, 2.18003082e+02,
    1.71309766e+03, 2.17023132e+02, 1.74693457e+03, 2.16179428e+02,
    1.78067456e+03, 2.15077225e+02 ]
