%YAML:1.0
---
points: [ 1.57304468e+03, 1.75784378e+01, 1.60650537e+03, 1.63849983e+01,
    1.64043530e+03, 1.48028164e+01, 1.67443054e+03, 1.34326591e+01,
    1.70862549e+03, 1.20849981e+01, 1.57139758e+03, 5.16797905e+01,
    1.60475610e+03, 5.04901390e+01, 1.63858203e+03, 4.92678833e+01,
    1.67254395e+03, 4.77117386e+01, 1.70692859e+03, 4.62054558e+01,
    1.56989746e+03, 8.58206024e+01, 1.60317883e+03, 8.45376282e+01,
    1.63702856e+03, 8.31876526e+01, 1.67075183e+03, 8.18603363e+01,
    1.70536731e+03, 8.04897385e+01, 1.56852368e+03, 1.19516899e+02,
    1.60157629e+03, 1.18431076e+02, 1.63544092e+03, 1.17187698e+02,
    1.66931006e+03, 1.15642036e+02, 1.70358105e+03, 1.14306694e+02,
    1.56687268e+03, 1.52950562e+02, 1.60027051e+03, 1.51735275e+02,
    1.63374780e+03, 1.50525330e+02, 1.66778162e+03, 1.49328613e+02,
    1.70190771e+03, 1.48041824e+02, 1.56551257e+03, 1.86265152e+02,
    1.59888135e+03, 1.85030945e+02, 1.63254810e+03, 1.83706238e+02,
    1.66627710e+03, 1.82553619e+02, 1.70050574e+03, 1.81384674e+02,
    1.56431042e+03, 2.18938126e+02, 1.59734924e+03, 2.17957947e+02,
    1.63125403e+03, 2.16745117e+02, 1.66482959e+03, 2.15574356e+02,
    1.69887195e+03, 2.14475845e+02 ]
