%YAML:1.0
---
points: [ 1.52853296e+03, 1.82977962e+01, 1.56217383e+03, 1.69563351e+01,
    1.59586560e+03, 1.54625692e+01, 1.62977014e+03, 1.40257473e+01,
    1.66410388e+03, 1.26371756e+01, 1.52710693e+03, 5.22889595e+01,
    1.56034949e+03, 5.11173859e+01, 1.59421753e+03, 4.97896996e+01,
    1.62793835e+03, 4.84331207e+01, 1.66245667e+03, 4.68013039e+01,
    1.52558545e+03, 8.63814468e+01, 1.55886877e+03, 8.52559357e+01,
    1.59246875e+03, 8.36731873e+01, 1.62649695e+03, 8.24365234e+01,
    1.66055359e+03, 8.09717712e+01, 1.52420544e+03, 1.20022148e+02,
    1.55748059e+03, 1.18924500e+02, 1.59110620e+03, 1.17742798e+02,
    1.62467188e+03, 1.16402634e+02, 1.65914026e+03, 1.14860420e+02,
    1.52285461e+03, 1.53521286e+02, 1.55606262e+03, 1.52373291e+02,
    1.58960669e+03, 1.51087692e+02, 1.62326440e+03, 1.49814728e+02,
    1.65753967e+03, 1.48565109e+02, 1.52162634e+03, 1.86571762e+02,
    1.55469348e+03, 1.85576523e+02, 1.58833203e+03, 1.84333206e+02,
    1.62188538e+03, 1.83016800e+02, 1.65604333e+03, 1.81836899e+02,
    1.52043250e+03, 2.19367737e+02, 1.55353381e+03, 2.18384460e+02,
    1.58691943e+03, 2.17258636e+02, 1.62067700e+03, 2.16176025e+02,
    1.65447791e+03, 2.14874847e+02 ]
