%YAML:1.0
---
points: [ 1.46822791e+03, 1.79158783e+01, 1.50153723e+03, 1.65821381e+01,
    1.53537366e+03, 1.49963465e+01, 1.56937744e+03, 1.35419121e+01,
    1.60351587e+03, 1.21369667e+01, 1.46670642e+03, 5.20163612e+01,
    1.50016187e+03, 5.07473335e+01, 1.53359082e+03, 4.95062141e+01,
    1.56758545e+03, 4.79859352e+01, 1.60193701e+03, 4.63453407e+01,
    1.46537549e+03, 8.62078629e+01, 1.49870276e+03, 8.49845276e+01,
    1.53232129e+03, 8.34976349e+01, 1.56610217e+03, 8.21420364e+01,
    1.60047913e+03, 8.05531311e+01, 1.46426074e+03, 1.19846855e+02,
    1.49733179e+03, 1.18749542e+02, 1.53094385e+03, 1.17530296e+02,
    1.56463538e+03, 1.16042953e+02, 1.59894409e+03, 1.14485687e+02,
    1.46301672e+03, 1.53396973e+02, 1.49611316e+03, 1.52256119e+02,
    1.52944934e+03, 1.50882690e+02, 1.56338892e+03, 1.49617340e+02,
    1.59734839e+03, 1.48371521e+02, 1.46176733e+03, 1.86576126e+02,
    1.49492700e+03, 1.85494583e+02, 1.52832300e+03, 1.84271790e+02,
    1.56200964e+03, 1.82876984e+02, 1.59604102e+03, 1.81675659e+02,
    1.46063281e+03, 2.19363129e+02, 1.49372437e+03, 2.18377213e+02,
    1.52719385e+03, 2.17176407e+02, 1.56059534e+03, 2.16043823e+02,
    1.59471045e+03, 2.14831467e+02 ]
