%YAML:1.0
---
points: [ 1.41203784e+03, 1.81649570e+01, 1.44537744e+03, 1.67680683e+01,
    1.47921240e+03, 1.51494617e+01, 1.51305310e+03, 1.36222525e+01,
    1.54743201e+03, 1.20118933e+01, 1.41080176e+03, 5.23080482e+01,
    1.44409375e+03, 5.10445213e+01, 1.47766333e+03, 4.96823692e+01,
    1.51154187e+03, 4.82249031e+01, 1.54576270e+03, 4.64207497e+01,
    1.40960278e+03, 8.64762878e+01, 1.44277478e+03, 8.52605972e+01,
    1.47631494e+03, 8.37547379e+01, 1.51019263e+03, 8.23254776e+01,
    1.54433875e+03, 8.07068558e+01, 1.40849146e+03, 1.20316483e+02,
    1.44162744e+03, 1.19155190e+02, 1.47512402e+03, 1.17781509e+02,
    1.50861914e+03, 1.16360497e+02, 1.54296875e+03, 1.14728691e+02,
    1.40731262e+03, 1.53823990e+02, 1.44050183e+03, 1.52618225e+02,
    1.47389587e+03, 1.51186722e+02, 1.50745398e+03, 1.49932983e+02,
    1.54160327e+03, 1.48579300e+02, 1.40636450e+03, 1.86918594e+02,
    1.43930603e+03, 1.85825241e+02, 1.47272754e+03, 1.84608109e+02,
    1.50629871e+03, 1.83203430e+02, 1.54025647e+03, 1.81934525e+02,
    1.40542737e+03, 2.19773010e+02, 1.43832483e+03, 2.18623795e+02,
    1.47157507e+03, 2.17592560e+02, 1.50518152e+03, 2.16470963e+02,
    1.53888342e+03, 2.15107330e+02 ]
