%YAML:1.0
---
points: [ 1.34527576e+03, 2.08215427e+01, 1.37842700e+03, 1.96756439e+01,
    1.41161633e+03, 1.84918404e+01, 1.44507397e+03, 1.71119022e+01,
    1.47896790e+03, 1.54732847e+01, 1.34424231e+03, 5.51432495e+01,
    1.37711707e+03, 5.39745255e+01, 1.41043103e+03, 5.26885300e+01,
    1.44366187e+03, 5.13159027e+01, 1.47756091e+03, 4.98660927e+01,
    1.34326501e+03, 8.88853683e+01, 1.37590613e+03, 8.78308411e+01,
    1.40909937e+03, 8.67112427e+01, 1.44249609e+03, 8.54835358e+01,
    1.47614368e+03, 8.38282013e+01, 1.34231470e+03, 1.22694710e+02,
    1.37494702e+03, 1.21621964e+02, 1.40785059e+03, 1.20425217e+02,
    1.44120801e+03, 1.19223335e+02, 1.47483447e+03, 1.17892220e+02,
    1.34135693e+03, 1.55988297e+02, 1.37388367e+03, 1.55032516e+02,
    1.40680957e+03, 1.53994217e+02, 1.43988379e+03, 1.52734909e+02,
    1.47363306e+03, 1.51314682e+02, 1.34032373e+03, 1.88982468e+02,
    1.37294373e+03, 1.88020599e+02, 1.40576526e+03, 1.86996063e+02,
    1.43882202e+03, 1.85963684e+02, 1.47237402e+03, 1.84655350e+02,
    1.33937402e+03, 2.21729401e+02, 1.37185608e+03, 2.20733887e+02,
    1.40478772e+03, 2.19737457e+02, 1.43773804e+03, 2.18627991e+02,
    1.47108667e+03, 2.17736542e+02 ]
