%YAML:1.0
---
points: [ 1.28745105e+03, 2.08654499e+01, 1.32040442e+03, 1.98431187e+01,
    1.35354675e+03, 1.86397266e+01, 1.38670496e+03, 1.74187698e+01,
    1.42049048e+03, 1.59105854e+01, 1.28653003e+03, 5.53029518e+01,
    1.31920667e+03, 5.42442169e+01, 1.35240601e+03, 5.31121597e+01,
    1.38548474e+03, 5.16305695e+01, 1.41911230e+03, 5.03086929e+01,
    1.28568555e+03, 8.91687927e+01, 1.31830212e+03, 8.82093582e+01,
    1.35130078e+03, 8.71553802e+01, 1.38438647e+03, 8.58787918e+01,
    1.41782898e+03, 8.44151993e+01, 1.28493530e+03, 1.22946739e+02,
    1.31731702e+03, 1.22024796e+02, 1.35023975e+03, 1.20837685e+02,
    1.38326733e+03, 1.19647507e+02, 1.41665930e+03, 1.18513969e+02,
    1.28418701e+03, 1.56256180e+02, 1.31649683e+03, 1.55462051e+02,
    1.34921277e+03, 1.54458130e+02, 1.38214197e+03, 1.53284637e+02,
    1.41554956e+03, 1.52020355e+02, 1.28336182e+03, 1.89405777e+02,
    1.31566956e+03, 1.88433746e+02, 1.34843213e+03, 1.87497025e+02,
    1.38107568e+03, 1.86496231e+02, 1.41437769e+03, 1.85370773e+02,
    1.28261902e+03, 2.22198212e+02, 1.31479004e+03, 2.21291763e+02,
    1.34748792e+03, 2.20216370e+02, 1.38028442e+03, 2.19334717e+02,
    1.41315002e+03, 2.18306503e+02 ]
