%YAML:1.0
---
points: [ 1.21925024e+03, 2.20727558e+01, 1.25196411e+03, 2.10871487e+01,
    1.28483044e+03, 1.98809433e+01, 1.31777307e+03, 1.85740452e+01,
    1.35121045e+03, 1.73301411e+01, 1.21860034e+03, 5.63888245e+01,
    1.25112244e+03, 5.53784714e+01, 1.28401624e+03, 5.43140640e+01,
    1.31682983e+03, 5.30484810e+01, 1.35018115e+03, 5.15671539e+01,
    1.21805566e+03, 9.03790131e+01, 1.25038318e+03, 8.93745728e+01,
    1.28309375e+03, 8.83046265e+01, 1.31596619e+03, 8.71451340e+01,
    1.34914282e+03, 8.57461090e+01, 1.21742920e+03, 1.24055908e+02,
    1.24969592e+03, 1.23151360e+02, 1.28233618e+03, 1.22195015e+02,
    1.31505750e+03, 1.20891563e+02, 1.34825537e+03, 1.19598831e+02,
    1.21693286e+03, 1.57321732e+02, 1.24918616e+03, 1.56474182e+02,
    1.28145862e+03, 1.55531448e+02, 1.31417249e+03, 1.54507782e+02,
    1.34720410e+03, 1.53279465e+02, 1.21642834e+03, 1.90482391e+02,
    1.24844702e+03, 1.89541489e+02, 1.28076489e+03, 1.88502106e+02,
    1.31324585e+03, 1.87565964e+02, 1.34628967e+03, 1.86530853e+02,
    1.21590356e+03, 2.23170181e+02, 1.24779785e+03, 2.22326263e+02,
    1.28012292e+03, 2.21342728e+02, 1.31248376e+03, 2.20345200e+02,
    1.34521362e+03, 2.19383347e+02 ]
