%YAML:1.0
---
points: [ 1.17950464e+03, 2.20788765e+01, 1.21210803e+03, 2.09982471e+01,
    1.24479150e+03, 1.98038578e+01, 1.27778101e+03, 1.84979401e+01,
    1.31121655e+03, 1.71457844e+01, 1.17907947e+03, 5.62823944e+01,
    1.21147205e+03, 5.53788414e+01, 1.24416760e+03, 5.42385712e+01,
    1.27693848e+03, 5.29117050e+01, 1.31028406e+03, 5.14249191e+01,
    1.17864233e+03, 9.04035873e+01, 1.21084729e+03, 8.92847977e+01,
    1.24341077e+03, 8.82447662e+01, 1.27621350e+03, 8.70800095e+01,
    1.30933972e+03, 8.57047958e+01, 1.17823096e+03, 1.24089165e+02,
    1.21040295e+03, 1.23156128e+02, 1.24274646e+03, 1.22130508e+02,
    1.27539478e+03, 1.20877617e+02, 1.30839319e+03, 1.19540504e+02,
    1.17766284e+03, 1.57356644e+02, 1.20975891e+03, 1.56493256e+02,
    1.24221948e+03, 1.55544266e+02, 1.27464246e+03, 1.54451080e+02,
    1.30753564e+03, 1.53252380e+02, 1.17735828e+03, 1.90490692e+02,
    1.20927075e+03, 1.89612564e+02, 1.24158252e+03, 1.88498032e+02,
    1.27409241e+03, 1.87556686e+02, 1.30676062e+03, 1.86487045e+02,
    1.17680920e+03, 2.23181915e+02, 1.20870422e+03, 2.22390823e+02,
    1.24095935e+03, 2.21370712e+02, 1.27341980e+03, 2.20356903e+02,
    1.30607361e+03, 2.19368317e+02 ]
