%YAML:1.0
---
points: [ 1.13224548e+03, 2.02020874e+01, 1.16461340e+03, 1.94270363e+01,
    1.19741956e+03, 1.83455448e+01, 1.23045215e+03, 1.71218891e+01,
    1.26370813e+03, 1.56913223e+01, 1.13191968e+03, 5.46931381e+01,
    1.16431946e+03, 5.38712082e+01, 1.19690869e+03, 5.28424301e+01,
    1.22967041e+03, 5.16099510e+01, 1.26293359e+03, 5.03160858e+01,
    1.13172644e+03, 8.87987823e+01, 1.16393396e+03, 8.79474411e+01,
    1.19642395e+03, 8.71231384e+01, 1.22911951e+03, 8.59701004e+01,
    1.26219739e+03, 8.46053619e+01, 1.13146570e+03, 1.22744492e+02,
    1.16363953e+03, 1.21987648e+02, 1.19593945e+03, 1.20916084e+02,
    1.22850037e+03, 1.19804634e+02, 1.26138245e+03, 1.18771095e+02,
    1.13116138e+03, 1.56193054e+02, 1.16335425e+03, 1.55515579e+02,
    1.19551575e+03, 1.54603226e+02, 1.22788257e+03, 1.53557510e+02,
    1.26065063e+03, 1.52423508e+02, 1.13089209e+03, 1.89425751e+02,
    1.16284656e+03, 1.88535278e+02, 1.19513977e+03, 1.87731995e+02,
    1.22745679e+03, 1.86764435e+02, 1.26002576e+03, 1.85850616e+02,
    1.13063818e+03, 2.22230331e+02, 1.16246899e+03, 2.21489517e+02,
    1.19462598e+03, 2.20571442e+02, 1.22677393e+03, 2.19691635e+02,
    1.25940710e+03, 2.18780899e+02 ]
