%YAML:1.0
---
points: [ 1.08180298e+03, 1.79853401e+01, 1.11451599e+03, 1.68425426e+01,
    1.14747095e+03, 1.54394016e+01, 1.18049377e+03, 1.40305586e+01,
    1.21383215e+03, 1.26105146e+01, 1.08174402e+03, 5.24505653e+01,
    1.11437500e+03, 5.14868813e+01, 1.14723804e+03, 5.03041039e+01,
    1.18012903e+03, 4.89254074e+01, 1.21330396e+03, 4.73455505e+01,
    1.08179700e+03, 8.69232864e+01, 1.11423254e+03, 8.58930283e+01,
    1.14690540e+03, 8.47432327e+01, 1.17963428e+03, 8.33747787e+01,
    1.21272913e+03, 8.19847870e+01, 1.08179419e+03, 1.20906143e+02,
    1.11412097e+03, 1.19899033e+02, 1.14662341e+03, 1.18906555e+02,
    1.17934253e+03, 1.17706390e+02, 1.21239746e+03, 1.16309662e+02,
    1.08170129e+03, 1.54671387e+02, 1.11384509e+03, 1.53758072e+02,
    1.14636853e+03, 1.52647003e+02, 1.17890112e+03, 1.51431076e+02,
    1.21178613e+03, 1.50186539e+02, 1.08170703e+03, 1.87876144e+02,
    1.11370886e+03, 1.87055344e+02, 1.14607031e+03, 1.86186752e+02,
    1.17858374e+03, 1.85020660e+02, 1.21137109e+03, 1.83701584e+02,
    1.08164929e+03, 2.20903976e+02, 1.11357166e+03, 2.20042938e+02,
    1.14574158e+03, 2.19116592e+02, 1.17825037e+03, 2.18179398e+02,
    1.21085889e+03, 2.17191254e+02 ]
