%YAML:1.0
---
points: [ 1.03350903e+03, 1.78623619e+01, 1.06618408e+03, 1.68526592e+01,
    1.09896948e+03, 1.54650774e+01, 1.13189392e+03, 1.40219574e+01,
    1.16509021e+03, 1.26144457e+01, 1.03369800e+03, 5.23981819e+01,
    1.06623303e+03, 5.14363670e+01, 1.09883325e+03, 5.03186836e+01,
    1.13175781e+03, 4.89443703e+01, 1.16467395e+03, 4.74010048e+01,
    1.03394092e+03, 8.68703003e+01, 1.06627148e+03, 8.58746719e+01,
    1.09877661e+03, 8.47696152e+01, 1.13154187e+03, 8.34109344e+01,
    1.16445032e+03, 8.20821228e+01, 1.03419238e+03, 1.20848770e+02,
    1.06636621e+03, 1.19834023e+02, 1.09873999e+03, 1.18923676e+02,
    1.13135376e+03, 1.17764153e+02, 1.16425708e+03, 1.16405731e+02,
    1.03437830e+03, 1.54628937e+02, 1.06637207e+03, 1.53781235e+02,
    1.09866418e+03, 1.52718643e+02, 1.13116309e+03, 1.51435516e+02,
    1.16384106e+03, 1.50307968e+02, 1.03447974e+03, 1.87870010e+02,
    1.06643726e+03, 1.87071274e+02, 1.09861084e+03, 1.86274017e+02,
    1.13098669e+03, 1.85134857e+02, 1.16357190e+03, 1.83827393e+02,
    1.03461243e+03, 2.20863586e+02, 1.06641455e+03, 2.20081009e+02,
    1.09851648e+03, 2.19168976e+02, 1.13070544e+03, 2.18307526e+02,
    1.16323218e+03, 2.17245926e+02 ]
