%YAML:1.0
---
points: [ 9.59505249e+02, 1.81384583e+01, 9.91953247e+02, 1.70656796e+01,
    1.02457703e+03, 1.56918659e+01, 1.05738684e+03, 1.43239269e+01,
    1.09042993e+03, 1.28473482e+01, 9.60096863e+02, 5.26371346e+01,
    9.92413879e+02, 5.16722908e+01, 1.02483472e+03, 5.05018425e+01,
    1.05754480e+03, 4.92147484e+01, 1.09043628e+03, 4.76751976e+01,
    9.60603149e+02, 8.70927582e+01, 9.92762451e+02, 8.61548080e+01,
    1.02525269e+03, 8.51086731e+01, 1.05766821e+03, 8.36329575e+01,
    1.09046277e+03, 8.23026428e+01, 9.61129028e+02, 1.21120560e+02,
    9.93246094e+02, 1.20155731e+02, 1.02549292e+03, 1.19222031e+02,
    1.05779712e+03, 1.18054039e+02, 1.09042407e+03, 1.16672813e+02,
    9.61631409e+02, 1.54770126e+02, 9.93611084e+02, 1.54061996e+02,
    1.02570154e+03, 1.52982666e+02, 1.05789075e+03, 1.51711411e+02,
    1.09039612e+03, 1.50534546e+02, 9.62145203e+02, 1.88103592e+02,
    9.93932617e+02, 1.87293564e+02, 1.02597217e+03, 1.86428940e+02,
    1.05806006e+03, 1.85370895e+02, 1.09040723e+03, 1.84170120e+02,
    9.62641846e+02, 2.21108994e+02, 9.94281067e+02, 2.20287323e+02,
    1.02615149e+03, 2.19348434e+02, 1.05811304e+03, 2.18492920e+02,
    1.09031812e+03, 2.17512741e+02 ]
