%YAML:1.0
---
points: [ 8.82223572e+02, 1.80505104e+01, 9.14558716e+02, 1.68568058e+01,
    9.47179504e+02, 1.53662186e+01, 9.79590637e+02, 1.38676758e+01,
    1.01241205e+03, 1.24067717e+01, 8.83249512e+02, 5.25336952e+01,
    9.15494873e+02, 5.14718666e+01, 9.47831116e+02, 5.02950287e+01,
    9.80157227e+02, 4.88410568e+01, 1.01272662e+03, 4.71949005e+01,
    8.84265137e+02, 8.69491043e+01, 9.16268005e+02, 8.59434433e+01,
    9.48499878e+02, 8.47436447e+01, 9.80600830e+02, 8.33591461e+01,
    1.01316803e+03, 8.19133606e+01, 8.85131104e+02, 1.21042793e+02,
    9.17017151e+02, 1.19944977e+02, 9.49069214e+02, 1.18991394e+02,
    9.81126526e+02, 1.17761681e+02, 1.01341528e+03, 1.16294861e+02,
    8.85843079e+02, 1.54764587e+02, 9.17610779e+02, 1.53876450e+02,
    9.49510010e+02, 1.52804886e+02, 9.81443481e+02, 1.51487305e+02,
    1.01366272e+03, 1.50300552e+02, 8.86662964e+02, 1.88061127e+02,
    9.18297119e+02, 1.87150345e+02, 9.50022949e+02, 1.86323227e+02,
    9.81826904e+02, 1.85196793e+02, 1.01405701e+03, 1.83897202e+02,
    8.87352539e+02, 2.21063065e+02, 9.18800659e+02, 2.20167862e+02,
    9.50477722e+02, 2.19267792e+02, 9.82279846e+02, 2.18362350e+02,
    1.01434344e+03, 2.17281754e+02 ]
