%YAML:1.0
---
points: [ 8.13228699e+02, 1.78850040e+01, 8.45394043e+02, 1.67410183e+01,
    8.77769531e+02, 1.52384806e+01, 9.10187378e+02, 1.37225714e+01,
    9.42728516e+02, 1.21936255e+01, 8.14611633e+02, 5.23841858e+01,
    8.46680603e+02, 5.13788300e+01, 8.78908691e+02, 5.01189232e+01,
    9.11051514e+02, 4.87355003e+01, 9.43551758e+02, 4.70378571e+01,
    8.15872192e+02, 8.68586655e+01, 8.47824463e+02, 8.58394623e+01,
    8.79742188e+02, 8.45791321e+01, 9.11835388e+02, 8.31961975e+01,
    9.44183655e+02, 8.17565384e+01, 8.17021912e+02, 1.20856995e+02,
    8.48737366e+02, 1.19865997e+02, 8.80628418e+02, 1.18841309e+02,
    9.12541626e+02, 1.17667458e+02, 9.44721802e+02, 1.16145966e+02,
    8.18133850e+02, 1.54670227e+02, 8.49742432e+02, 1.53763428e+02,
    8.81487183e+02, 1.52680237e+02, 9.13323242e+02, 1.51363571e+02,
    9.45378723e+02, 1.50154907e+02, 8.19173950e+02, 1.87930420e+02,
    8.50586914e+02, 1.87072357e+02, 8.82219910e+02, 1.86206482e+02,
    9.13888367e+02, 1.85102859e+02, 9.45868469e+02, 1.83772522e+02,
    8.20154419e+02, 2.20888168e+02, 8.51535583e+02, 2.20094742e+02,
    8.82953613e+02, 2.19149475e+02, 9.14613892e+02, 2.18272751e+02,
    9.46454651e+02, 2.17275070e+02 ]
