%YAML:1.0
---
points: [ 8.13200500e+02, 1.79279366e+01, 8.45318909e+02, 1.67479000e+01,
    8.77671753e+02, 1.52240601e+01, 9.10060791e+02, 1.37633419e+01,
    9.42681702e+02, 1.21928797e+01, 8.14509827e+02, 5.24078674e+01,
    8.46625488e+02, 5.13450050e+01, 8.78801208e+02, 5.01762657e+01,
    9.10959534e+02, 4.86630898e+01, 9.43459167e+02, 4.70078659e+01,
    8.15863037e+02, 8.68312607e+01, 8.47741760e+02, 8.58604660e+01,
    8.79706848e+02, 8.46016159e+01, 9.11771912e+02, 8.32221375e+01,
    9.44129639e+02, 8.17444077e+01, 8.16899902e+02, 1.20840141e+02,
    8.48710632e+02, 1.19855202e+02, 8.80582336e+02, 1.18838402e+02,
    9.12453918e+02, 1.17649185e+02, 9.44644287e+02, 1.16174500e+02,
    8.18049927e+02, 1.54649490e+02, 8.49701294e+02, 1.53720169e+02,
    8.81418884e+02, 1.52657227e+02, 9.13236511e+02, 1.51393600e+02,
    9.45328613e+02, 1.50153763e+02, 8.19127502e+02, 1.87909546e+02,
    8.50532654e+02, 1.87048950e+02, 8.82195618e+02, 1.86196106e+02,
    9.13829590e+02, 1.85090683e+02, 9.45833923e+02, 1.83746017e+02,
    8.20089172e+02, 2.20897491e+02, 8.51443848e+02, 2.20097443e+02,
    8.82870544e+02, 2.19175476e+02, 9.14546814e+02, 2.18242645e+02,
    9.46400391e+02, 2.17262268e+02 ]
