%YAML:1.0
---
points: [ 7.53011047e+02, 1.81112099e+01, 7.85086121e+02, 1.69728107e+01,
    8.17287720e+02, 1.54699736e+01, 8.49399597e+02, 1.40329714e+01,
    8.81819580e+02, 1.25435658e+01, 7.54569702e+02, 5.25506744e+01,
    7.86462585e+02, 5.15678635e+01, 8.18486511e+02, 5.03666840e+01,
    8.50484863e+02, 4.89660912e+01, 8.82768433e+02, 4.73608856e+01,
    7.56058228e+02, 8.69662094e+01, 7.87730530e+02, 8.59873428e+01,
    8.19704407e+02, 8.48276520e+01, 8.51595947e+02, 8.34957428e+01,
    8.83731384e+02, 8.21455231e+01, 7.57462341e+02, 1.20940926e+02,
    7.89147949e+02, 1.19948860e+02, 8.20929565e+02, 1.18978653e+02,
    8.52734192e+02, 1.17865471e+02, 8.84644531e+02, 1.16474098e+02,
    7.58750549e+02, 1.54673569e+02, 7.90285095e+02, 1.53826477e+02,
    8.21977600e+02, 1.52839233e+02, 8.53554504e+02, 1.51531601e+02,
    8.85431152e+02, 1.50394241e+02, 7.59961975e+02, 1.87890182e+02,
    7.91351074e+02, 1.87130478e+02, 8.22896790e+02, 1.86316040e+02,
    8.54388916e+02, 1.85249588e+02, 8.86170959e+02, 1.84073807e+02,
    7.61150452e+02, 2.20873001e+02, 7.92333618e+02, 2.20121109e+02,
    8.23670532e+02, 2.19312592e+02, 8.55149414e+02, 2.18399933e+02,
    8.86765808e+02, 2.17469223e+02 ]
