%YAML:1.0
---
points: [ 6.98320618e+02, 1.80273323e+01, 7.30395569e+02, 1.69411278e+01,
    7.62461304e+02, 1.55601025e+01, 7.94527588e+02, 1.41950979e+01,
    8.26792786e+02, 1.27622862e+01, 7.00253601e+02, 5.24207878e+01,
    7.32136780e+02, 5.14730911e+01, 7.63971008e+02, 5.03952179e+01,
    7.95892700e+02, 4.90647202e+01, 8.28000732e+02, 4.76357956e+01,
    7.01792847e+02, 8.68064346e+01, 7.33460205e+02, 8.58230057e+01,
    7.65287231e+02, 8.48376846e+01, 7.97033752e+02, 8.35683594e+01,
    8.29037170e+02, 8.22086792e+01, 7.03282654e+02, 1.20712807e+02,
    7.34846130e+02, 1.19817108e+02, 7.66513428e+02, 1.18960579e+02,
    7.98179932e+02, 1.17878136e+02, 8.29986694e+02, 1.16648148e+02,
    7.04812866e+02, 1.54463791e+02, 7.36267761e+02, 1.53659561e+02,
    7.67876587e+02, 1.52761398e+02, 7.99392395e+02, 1.51548965e+02,
    8.31162537e+02, 1.50496201e+02, 7.06290405e+02, 1.87648529e+02,
    7.37527954e+02, 1.86917664e+02, 7.69052246e+02, 1.86197647e+02,
    8.00445496e+02, 1.85234955e+02, 8.31976196e+02, 1.84142181e+02,
    7.07460815e+02, 2.20579422e+02, 7.38653137e+02, 2.19873901e+02,
    7.69919556e+02, 2.19138016e+02, 8.01413513e+02, 2.18412201e+02,
    8.32819092e+02, 2.17528458e+02 ]
