%YAML:1.0
---
points: [ 6.44248047e+02, 1.83919964e+01, 6.76111694e+02, 1.74348068e+01,
    7.07984070e+02, 1.62328739e+01, 7.39751404e+02, 1.47878656e+01,
    7.71966614e+02, 1.34026241e+01, 6.46166138e+02, 5.27329254e+01,
    6.77823303e+02, 5.18291435e+01, 7.09624390e+02, 5.07100182e+01,
    7.41336121e+02, 4.95600014e+01, 7.73402100e+02, 4.81919212e+01,
    6.47977234e+02, 8.69769516e+01, 6.79593140e+02, 8.61885681e+01,
    7.11177856e+02, 8.52259750e+01, 7.42829956e+02, 8.39308090e+01,
    7.74618103e+02, 8.25678406e+01, 6.49526611e+02, 1.20808517e+02,
    6.80997864e+02, 1.20048409e+02, 7.12497131e+02, 1.19245743e+02,
    7.44136047e+02, 1.18215141e+02, 7.75807617e+02, 1.16980698e+02,
    6.51058228e+02, 1.54498596e+02, 6.82406738e+02, 1.53811844e+02,
    7.13842712e+02, 1.52963760e+02, 7.45280884e+02, 1.51878143e+02,
    7.76794556e+02, 1.50901001e+02, 6.52694031e+02, 1.87632996e+02,
    6.83921082e+02, 1.86991516e+02, 7.15239868e+02, 1.86354782e+02,
    7.46442383e+02, 1.85459976e+02, 7.77867981e+02, 1.84429672e+02,
    6.53992981e+02, 2.20555557e+02, 6.85126099e+02, 2.19952866e+02,
    7.16302307e+02, 2.19254059e+02, 7.47574829e+02, 2.18493683e+02,
    7.78957336e+02, 2.17758896e+02 ]
