%YAML:1.0
---
points: [ 5.96728577e+02, 1.74660339e+01, 6.28505432e+02, 1.64857635e+01,
    6.60455261e+02, 1.51621952e+01, 6.92235962e+02, 1.38252401e+01,
    7.24316711e+02, 1.25932875e+01, 5.98671814e+02, 5.17205582e+01,
    6.30559753e+02, 5.08643150e+01, 6.62329956e+02, 4.99322548e+01,
    6.94034790e+02, 4.87401619e+01, 7.25968018e+02, 4.72901039e+01,
    6.00887146e+02, 8.61304474e+01, 6.32452759e+02, 8.53618622e+01,
    6.64037048e+02, 8.41256943e+01, 6.95639526e+02, 8.31560974e+01,
    7.27450134e+02, 8.19758606e+01, 6.02517151e+02, 1.19940811e+02,
    6.33972656e+02, 1.19270370e+02, 6.65520813e+02, 1.18436195e+02,
    6.97130554e+02, 1.17492989e+02, 7.28716980e+02, 1.16254654e+02,
    6.04293396e+02, 1.53644897e+02, 6.35590576e+02, 1.52930710e+02,
    6.67039917e+02, 1.52100540e+02, 6.98462708e+02, 1.51162323e+02,
    7.30014465e+02, 1.50171326e+02, 6.06067017e+02, 1.86870178e+02,
    6.37245483e+02, 1.86319046e+02, 6.68603516e+02, 1.85556381e+02,
    6.99840576e+02, 1.84762558e+02, 7.31220947e+02, 1.83696671e+02,
    6.07463318e+02, 2.19853348e+02, 6.38533325e+02, 2.19305740e+02,
    6.69778076e+02, 2.18586014e+02, 7.01043884e+02, 2.17869125e+02,
    7.32441040e+02, 2.17113647e+02 ]
