%YAML:1.0
---
points: [ 5.26643494e+02, 1.62652817e+01, 5.58416565e+02, 1.50092840e+01,
    5.90067505e+02, 1.37893286e+01, 6.21698975e+02, 1.23732834e+01,
    6.53632507e+02, 1.07533016e+01, 5.28783020e+02, 5.06095085e+01,
    5.60576721e+02, 4.96969757e+01, 5.92229065e+02, 4.86245918e+01,
    6.23630798e+02, 4.71060257e+01, 6.55418396e+02, 4.56711617e+01,
    5.31168457e+02, 8.50888367e+01, 5.62622925e+02, 8.39178238e+01,
    5.94241455e+02, 8.27944107e+01, 6.25534302e+02, 8.16745987e+01,
    6.57183411e+02, 8.03924179e+01, 5.33285400e+02, 1.18990463e+02,
    5.64646667e+02, 1.18087273e+02, 5.96117554e+02, 1.17093750e+02,
    6.27390686e+02, 1.15942863e+02, 6.58823242e+02, 1.14626617e+02,
    5.35155273e+02, 1.52552811e+02, 5.66400269e+02, 1.51634552e+02,
    5.97771484e+02, 1.50793427e+02, 6.28979919e+02, 1.49750931e+02,
    6.60412048e+02, 1.48746292e+02, 5.37265076e+02, 1.85912476e+02,
    5.68194214e+02, 1.85133347e+02, 5.99492493e+02, 1.84289825e+02,
    6.30532166e+02, 1.83262573e+02, 6.61808594e+02, 1.82349274e+02,
    5.38926331e+02, 2.18820343e+02, 5.69784668e+02, 2.18254410e+02,
    6.01038269e+02, 2.17414230e+02, 6.32095459e+02, 2.16630692e+02,
    6.63382812e+02, 2.15738312e+02 ]
