%YAML:1.0
---
points: [ 4.64389313e+02, 1.52417574e+01, 4.95972107e+02, 1.41019306e+01,
    5.27706421e+02, 1.27389364e+01, 5.59314941e+02, 1.13614731e+01,
    5.90901306e+02, 9.55247784e+00, 4.66850708e+02, 4.97858353e+01,
    4.98436432e+02, 4.87865524e+01, 5.29929443e+02, 4.74206161e+01,
    5.61320129e+02, 4.59736671e+01, 5.92903503e+02, 4.45539322e+01,
    4.69369751e+02, 8.39421082e+01, 5.00749664e+02, 8.29372253e+01,
    5.32319214e+02, 8.18424530e+01, 5.63571533e+02, 8.06421509e+01,
    5.95039612e+02, 7.90140533e+01, 4.71519623e+02, 1.18100128e+02,
    5.02842926e+02, 1.17193420e+02, 5.34314941e+02, 1.15992348e+02,
    5.65536926e+02, 1.14737564e+02, 5.96770142e+02, 1.13589264e+02,
    4.73839447e+02, 1.51623779e+02, 5.05061157e+02, 1.50754257e+02,
    5.36199707e+02, 1.49777237e+02, 5.67410583e+02, 1.48766769e+02,
    5.98526978e+02, 1.47580460e+02, 4.75815674e+02, 1.85096039e+02,
    5.06981323e+02, 1.84201508e+02, 5.38154236e+02, 1.83256393e+02,
    5.69185486e+02, 1.82293228e+02, 6.00371338e+02, 1.81338226e+02,
    4.77741302e+02, 2.18144135e+02, 5.08622040e+02, 2.17390137e+02,
    5.39651489e+02, 2.16561249e+02, 5.70698730e+02, 2.15536285e+02,
    6.01902832e+02, 2.14748184e+02 ]
