%YAML:1.0
---
points: [ 3.96575439e+02, 1.58935099e+01, 4.27877319e+02, 1.46115818e+01,
    4.59374664e+02, 1.32150154e+01, 4.90718262e+02, 1.16054649e+01,
    5.22215698e+02, 9.76065063e+00, 3.99422058e+02, 5.03277473e+01,
    4.30687988e+02, 4.91201248e+01, 4.62023529e+02, 4.78095627e+01,
    4.93156525e+02, 4.62498665e+01, 5.24530823e+02, 4.47470703e+01,
    4.01983734e+02, 8.44182510e+01, 4.33335785e+02, 8.32860336e+01,
    4.64506958e+02, 8.21032791e+01, 4.95578278e+02, 8.07299576e+01,
    5.26961060e+02, 7.91817398e+01, 4.04523285e+02, 1.18460876e+02,
    4.35521851e+02, 1.17422836e+02, 4.66667175e+02, 1.16121880e+02,
    4.97751648e+02, 1.14901558e+02, 5.28864380e+02, 1.13548264e+02,
    4.06901947e+02, 1.51900391e+02, 4.37961548e+02, 1.50969345e+02,
    4.69050842e+02, 1.49855453e+02, 4.99964081e+02, 1.48823776e+02,
    5.30992981e+02, 1.47529251e+02, 4.09254272e+02, 1.85278198e+02,
    4.40035797e+02, 1.84322906e+02, 4.70850037e+02, 1.83251648e+02,
    5.01963837e+02, 1.82245956e+02, 5.32857727e+02, 1.81245438e+02,
    4.11389404e+02, 2.18281586e+02, 4.42133881e+02, 2.17470108e+02,
    4.72856537e+02, 2.16525436e+02, 5.03593109e+02, 2.15484177e+02,
    5.34679871e+02, 2.14576996e+02 ]
