%YAML:1.0
---
points: [ 3.43657379e+02, 1.65414772e+01, 3.74744324e+02, 1.50474091e+01,
    4.06034973e+02, 1.34926062e+01, 4.37153534e+02, 1.18368158e+01,
    4.68397369e+02, 9.92158127e+00, 3.46598969e+02, 5.07365570e+01,
    3.77660400e+02, 4.94906158e+01, 4.08700439e+02, 4.80883141e+01,
    4.39792328e+02, 4.64135361e+01, 4.70798798e+02, 4.48493690e+01,
    3.49379395e+02, 8.48834305e+01, 3.80441895e+02, 8.35561752e+01,
    4.11499878e+02, 8.22469559e+01, 4.42462341e+02, 8.08892059e+01,
    4.73408295e+02, 7.92267761e+01, 3.52113464e+02, 1.18755669e+02,
    3.82915466e+02, 1.17657867e+02, 4.13755066e+02, 1.16282005e+02,
    4.44794403e+02, 1.14865578e+02, 4.75574066e+02, 1.13503296e+02,
    3.54563263e+02, 1.52194611e+02, 3.85453613e+02, 1.51148132e+02,
    4.16364960e+02, 1.49898483e+02, 4.47065063e+02, 1.48806915e+02,
    4.77729675e+02, 1.47445999e+02, 3.57008728e+02, 1.85526566e+02,
    3.87663544e+02, 1.84478607e+02, 4.18420013e+02, 1.83309509e+02,
    4.49023743e+02, 1.82204803e+02, 4.79926910e+02, 1.81096786e+02,
    3.59322327e+02, 2.18386276e+02, 3.89804840e+02, 2.17495438e+02,
    4.20406433e+02, 2.16519867e+02, 4.51092712e+02, 2.15390915e+02,
    4.81923828e+02, 2.14435181e+02 ]
