%YAML:1.0
---
points: [ 2.82342804e+02, 1.74850788e+01, 3.13194397e+02, 1.57166443e+01,
    3.44061981e+02, 1.39266644e+01, 3.74694550e+02, 1.21203127e+01,
    4.05766510e+02, 1.01887960e+01, 2.85540680e+02, 5.14603348e+01,
    3.16362854e+02, 5.01401482e+01, 3.47194397e+02, 4.85350418e+01,
    3.77593109e+02, 4.65653343e+01, 4.08465057e+02, 4.48889771e+01,
    2.88494232e+02, 8.55530853e+01, 3.19024780e+02, 8.40220566e+01,
    3.49832886e+02, 8.24931564e+01, 3.80472870e+02, 8.10271912e+01,
    4.11188477e+02, 7.92565308e+01, 2.91364014e+02, 1.19259453e+02,
    3.21955170e+02, 1.17963676e+02, 3.52518341e+02, 1.16547318e+02,
    3.82968628e+02, 1.14981758e+02, 4.13483490e+02, 1.13466614e+02,
    2.93945038e+02, 1.52646347e+02, 3.24380035e+02, 1.51359497e+02,
    3.54952179e+02, 1.50155060e+02, 3.85496582e+02, 1.48853241e+02,
    4.16053375e+02, 1.47386124e+02, 2.96561798e+02, 1.85907852e+02,
    3.26928772e+02, 1.84666748e+02, 3.57404846e+02, 1.83374710e+02,
    3.87678955e+02, 1.82212524e+02, 4.18240570e+02, 1.80977341e+02,
    2.98915649e+02, 2.18678802e+02, 3.29117004e+02, 2.17698120e+02,
    3.59473572e+02, 2.16564270e+02, 3.89804657e+02, 2.15343491e+02,
    4.20313782e+02, 2.14286560e+02 ]
