%YAML:1.0
---
points: [ 2.16735367e+02, 1.84639606e+01, 2.47334656e+02, 1.68812599e+01,
    2.77612946e+02, 1.48177452e+01, 3.08148193e+02, 1.30887117e+01,
    3.38926056e+02, 1.10815487e+01, 2.19818649e+02, 5.24171982e+01,
    2.50452103e+02, 5.07950401e+01, 2.80893646e+02, 4.92414703e+01,
    3.11258270e+02, 4.74338341e+01, 3.41736694e+02, 4.54682198e+01,
    2.23068085e+02, 8.63703003e+01, 2.53508163e+02, 8.48837357e+01,
    2.83869995e+02, 8.32479172e+01, 3.14060974e+02, 8.16746979e+01,
    3.44487671e+02, 7.97975082e+01, 2.26021317e+02, 1.19912430e+02,
    2.56148621e+02, 1.18622749e+02, 2.86559631e+02, 1.17186432e+02,
    3.16919159e+02, 1.15529335e+02, 3.47237061e+02, 1.14010834e+02,
    2.28709930e+02, 1.53297256e+02, 2.58987274e+02, 1.52065216e+02,
    2.89224976e+02, 1.50610321e+02, 3.19381744e+02, 1.49262589e+02,
    3.49669495e+02, 1.47720688e+02, 2.31512466e+02, 1.86439835e+02,
    2.61386658e+02, 1.85272324e+02, 2.91593323e+02, 1.83806671e+02,
    3.21865204e+02, 1.82563797e+02, 3.51971191e+02, 1.81316208e+02,
    2.33924866e+02, 2.19179062e+02, 2.63772675e+02, 2.18050842e+02,
    2.93876892e+02, 2.16917679e+02, 3.23922302e+02, 2.15738235e+02,
    3.54351593e+02, 2.14536301e+02 ]
