%YAML:1.0
---
points: [ 1.85260544e+02, 1.92157040e+01, 2.15410919e+02, 1.74644928e+01,
    2.45455750e+02, 1.54531956e+01, 2.75619385e+02, 1.34401045e+01,
    3.06066956e+02, 1.14438114e+01, 1.88526321e+02, 5.31259918e+01,
    2.18594788e+02, 5.14306908e+01, 2.48863022e+02, 4.98416367e+01,
    2.78759491e+02, 4.77343712e+01, 3.08762665e+02, 4.57461929e+01,
    1.91597183e+02, 8.68729172e+01, 2.21668625e+02, 8.54004974e+01,
    2.51699341e+02, 8.35455399e+01, 2.81564941e+02, 8.19646378e+01,
    3.11707947e+02, 8.01253128e+01, 1.94596878e+02, 1.20382881e+02,
    2.24485718e+02, 1.19053345e+02, 2.54495590e+02, 1.17531212e+02,
    2.84375458e+02, 1.15740997e+02, 3.14300079e+02, 1.14108505e+02,
    1.97316910e+02, 1.53708435e+02, 2.27340332e+02, 1.52322174e+02,
    2.57075073e+02, 1.50796143e+02, 2.86750916e+02, 1.49437393e+02,
    3.16893433e+02, 1.47766129e+02, 2.00171494e+02, 1.86648651e+02,
    2.29736435e+02, 1.85511108e+02, 2.59591522e+02, 1.84049561e+02,
    2.89243896e+02, 1.82651962e+02, 3.19155853e+02, 1.81350800e+02,
    2.02460602e+02, 2.19379929e+02, 2.32089691e+02, 2.18242020e+02,
    2.61676178e+02, 2.17068848e+02, 2.91541138e+02, 2.15877640e+02,
    3.21593567e+02, 2.14590851e+02 ]
