%YAML:1.0
---
points: [ 1.34083679e+02, 1.99114170e+01, 1.64104172e+02, 1.82867832e+01,
    1.93782135e+02, 1.64814758e+01, 2.23595139e+02, 1.43605766e+01,
    2.53755600e+02, 1.24115229e+01, 1.37539261e+02, 5.39224243e+01,
    1.67390442e+02, 5.22712517e+01, 1.97225479e+02, 5.04754982e+01,
    2.26865112e+02, 4.86159554e+01, 2.56536133e+02, 4.65748405e+01,
    1.40561157e+02, 8.74667130e+01, 1.70444336e+02, 8.60240326e+01,
    2.00194153e+02, 8.43875198e+01, 2.29609207e+02, 8.25752716e+01,
    2.59391022e+02, 8.07131348e+01, 1.43557938e+02, 1.20982147e+02,
    1.73195709e+02, 1.19519142e+02, 2.02768677e+02, 1.18070412e+02,
    2.32453064e+02, 1.16499748e+02, 2.61884735e+02, 1.14742790e+02,
    1.46296417e+02, 1.54296158e+02, 1.75877213e+02, 1.52977005e+02,
    2.05555801e+02, 1.51374969e+02, 2.34789703e+02, 1.49927933e+02,
    2.64565063e+02, 1.48505386e+02, 1.49145111e+02, 1.87099228e+02,
    1.78307083e+02, 1.86054855e+02, 2.07716629e+02, 1.84574844e+02,
    2.37275803e+02, 1.83095612e+02, 2.66714386e+02, 1.81820709e+02,
    1.51416397e+02, 2.19726578e+02, 1.80707260e+02, 2.18591766e+02,
    2.10048416e+02, 2.17505203e+02, 2.39489365e+02, 2.16305542e+02,
    2.69156128e+02, 2.14944763e+02 ]
