%YAML:1.0
---
points: [ 8.59898148e+01, 2.10213356e+01, 1.15757492e+02, 1.94338818e+01,
    1.45379791e+02, 1.77858295e+01, 1.75099701e+02, 1.57252884e+01,
    2.04767929e+02, 1.36210299e+01, 8.94703217e+01, 5.49030533e+01,
    1.19164223e+02, 5.34292908e+01, 1.48762039e+02, 5.16766205e+01,
    1.78139633e+02, 4.98843269e+01, 2.07561203e+02, 4.80898094e+01,
    9.25485153e+01, 8.84707260e+01, 1.22300102e+02, 8.70785980e+01,
    1.51588699e+02, 8.55637894e+01, 1.80993607e+02, 8.37701340e+01,
    2.10339172e+02, 8.19597168e+01, 9.56618805e+01, 1.21922859e+02,
    1.24930130e+02, 1.20458572e+02, 1.54506119e+02, 1.19075058e+02,
    1.83667984e+02, 1.17557198e+02, 2.12848495e+02, 1.15881081e+02,
    9.83210373e+01, 1.54894028e+02, 1.27679878e+02, 1.53840134e+02,
    1.56930054e+02, 1.52381653e+02, 1.86150925e+02, 1.50905029e+02,
    2.15377579e+02, 1.49473770e+02, 1.01199303e+02, 1.87685471e+02,
    1.30123596e+02, 1.86598038e+02, 1.59400833e+02, 1.85419693e+02,
    1.88385269e+02, 1.84025604e+02, 2.17631638e+02, 1.82697983e+02,
    1.03456345e+02, 2.20276276e+02, 1.32493729e+02, 2.19243362e+02,
    1.61355438e+02, 2.18154343e+02, 1.90626816e+02, 2.16978882e+02,
    2.19938065e+02, 2.15788925e+02 ]
