%YAML:1.0
---
points: [ 8.37812195e+01, 2.11678562e+01, 1.13426376e+02, 1.95597706e+01,
    1.43279129e+02, 1.78741550e+01, 1.72643967e+02, 1.58805237e+01,
    2.02420776e+02, 1.38078794e+01, 8.71847305e+01, 5.50297928e+01,
    1.16989197e+02, 5.35437469e+01, 1.46516312e+02, 5.18056984e+01,
    1.75910080e+02, 5.00541725e+01, 2.05506836e+02, 4.81419525e+01,
    9.04714584e+01, 8.84649124e+01, 1.19823334e+02, 8.70950317e+01,
    1.49454895e+02, 8.55863800e+01, 1.78762314e+02, 8.39087830e+01,
    2.08071884e+02, 8.21283340e+01, 9.33816376e+01, 1.22030594e+02,
    1.22788971e+02, 1.20565559e+02, 1.52226685e+02, 1.19138908e+02,
    1.81436859e+02, 1.17612762e+02, 2.10679459e+02, 1.15972603e+02,
    9.61858978e+01, 1.54967987e+02, 1.25457962e+02, 1.53922058e+02,
    1.54799469e+02, 1.52485199e+02, 1.83807785e+02, 1.50961166e+02,
    2.13079056e+02, 1.49509125e+02, 9.86995468e+01, 1.87805588e+02,
    1.27952126e+02, 1.86642014e+02, 1.57130798e+02, 1.85517349e+02,
    1.86122879e+02, 1.84117172e+02, 2.15377579e+02, 1.82735092e+02,
    1.01226883e+02, 2.20312546e+02, 1.30169281e+02, 2.19315125e+02,
    1.59160629e+02, 2.18239365e+02, 1.88347153e+02, 2.17007523e+02,
    2.17663010e+02, 2.15861557e+02 ]
