%YAML:1.0
---
points: [ 5.02027054e+01, 2.17441673e+01, 7.98366547e+01, 2.01455688e+01,
    1.09206848e+02, 1.85253525e+01, 1.38509155e+02, 1.66553116e+01,
    1.68001984e+02, 1.45251331e+01, 5.37664032e+01, 5.55383835e+01,
    8.33116074e+01, 5.42290573e+01, 1.12568344e+02, 5.23868675e+01,
    1.41624725e+02, 5.05039482e+01, 1.70857285e+02, 4.88845596e+01,
    5.69874496e+01, 8.90435486e+01, 8.64093704e+01, 8.76314392e+01,
    1.15566048e+02, 8.62768173e+01, 1.44492447e+02, 8.45189667e+01,
    1.73617676e+02, 8.25184021e+01, 6.00118332e+01, 1.22553856e+02,
    8.91933746e+01, 1.21101860e+02, 1.18364723e+02, 1.19601357e+02,
    1.47343277e+02, 1.18299706e+02, 1.76270874e+02, 1.16520111e+02,
    6.28685913e+01, 1.55482468e+02, 9.17095871e+01, 1.54393280e+02,
    1.20989052e+02, 1.52869904e+02, 1.49663895e+02, 1.51395950e+02,
    1.78604080e+02, 1.49973236e+02, 6.54778976e+01, 1.88210754e+02,
    9.41797943e+01, 1.87103851e+02, 1.23260742e+02, 1.86000534e+02,
    1.52012375e+02, 1.84533173e+02, 1.80888580e+02, 1.83098877e+02,
    6.79059143e+01, 2.20726624e+02, 9.65755463e+01, 2.19628036e+02,
    1.25259659e+02, 2.18563431e+02, 1.54298935e+02, 2.17437561e+02,
    1.83088364e+02, 2.16356262e+02 ]
