%YAML:1.0
---
points: [ 3.34256859e+01, 2.18473263e+01, 6.29321442e+01, 2.03087845e+01,
    9.22365875e+01, 1.86466866e+01, 1.21526489e+02, 1.68804131e+01,
    1.50768707e+02, 1.47001362e+01, 3.69086037e+01, 5.56368599e+01,
    6.63357925e+01, 5.43889885e+01, 9.57173691e+01, 5.26536369e+01,
    1.24632721e+02, 5.07312660e+01, 1.53976578e+02, 4.89798203e+01,
    4.01806068e+01, 8.92257462e+01, 6.95170898e+01, 8.78351593e+01,
    9.86412201e+01, 8.64177780e+01, 1.27657913e+02, 8.47583923e+01,
    1.56577438e+02, 8.27512589e+01, 4.34060783e+01, 1.22671600e+02,
    7.23818665e+01, 1.21289886e+02, 1.01548683e+02, 1.19803917e+02,
    1.30374039e+02, 1.18455559e+02, 1.59378189e+02, 1.16808342e+02,
    4.61252174e+01, 1.55625565e+02, 7.52941971e+01, 1.54527588e+02,
    1.04106491e+02, 1.53132996e+02, 1.32935638e+02, 1.51606400e+02,
    1.61570129e+02, 1.50203491e+02, 4.89488869e+01, 1.88329651e+02,
    7.75398483e+01, 1.87261353e+02, 1.06577217e+02, 1.86129990e+02,
    1.35082428e+02, 1.84747925e+02, 1.64074585e+02, 1.83283920e+02,
    5.13400688e+01, 2.20858063e+02, 8.00097198e+01, 2.19784561e+02,
    1.08599564e+02, 2.18678833e+02, 1.37462952e+02, 2.17619339e+02,
    1.66134293e+02, 2.16501038e+02 ]
