%YAML:1.0
---
points: [ 2.66022530e+01, 2.19599743e+01, 5.59596863e+01, 2.03555374e+01,
    8.54279327e+01, 1.86648884e+01, 1.14421722e+02, 1.68285027e+01,
    1.43742462e+02, 1.46271429e+01, 3.01332664e+01, 5.56428833e+01,
    5.96562462e+01, 5.43721886e+01, 8.88052979e+01, 5.26534843e+01,
    1.17774445e+02, 5.06447868e+01, 1.46840561e+02, 4.89401817e+01,
    3.36221275e+01, 8.93096695e+01, 6.27948837e+01, 8.79303055e+01,
    9.19237900e+01, 8.64199448e+01, 1.20762856e+02, 8.47383041e+01,
    1.49627502e+02, 8.26732788e+01, 3.67314491e+01, 1.22698746e+02,
    6.56632385e+01, 1.21349403e+02, 9.46614838e+01, 1.19832657e+02,
    1.23473114e+02, 1.18433884e+02, 1.52389618e+02, 1.16720413e+02,
    3.95736198e+01, 1.55684479e+02, 6.85643692e+01, 1.54524033e+02,
    9.73338394e+01, 1.53197830e+02, 1.26058311e+02, 1.51548630e+02,
    1.54785553e+02, 1.50118958e+02, 4.24794235e+01, 1.88400848e+02,
    7.09379807e+01, 1.87286194e+02, 9.97147675e+01, 1.86139755e+02,
    1.28302216e+02, 1.84691101e+02, 1.57034607e+02, 1.83209686e+02,
    4.48430710e+01, 2.20976608e+02, 7.33493118e+01, 2.19791229e+02,
    1.01891403e+02, 2.18661606e+02, 1.30509140e+02, 2.17582199e+02,
    1.59323242e+02, 2.16470627e+02 ]
