%YAML:1.0
---
points: [ 1.59199276e+01, 1.72198792e+01, 4.52709465e+01, 1.79432507e+01,
    7.44846497e+01, 1.83863411e+01, 1.03481277e+02, 1.86406364e+01,
    1.32672134e+02, 1.88507919e+01, 1.76208725e+01, 5.09225769e+01,
    4.70034943e+01, 5.16552238e+01, 7.59235382e+01, 5.22355347e+01,
    1.04746750e+02, 5.26956177e+01, 1.33677841e+02, 5.31533661e+01,
    1.89284496e+01, 8.46449356e+01, 4.81808510e+01, 8.55530396e+01,
    7.70155182e+01, 8.61419601e+01, 1.05778519e+02, 8.66679993e+01,
    1.34422089e+02, 8.71319733e+01, 2.01714573e+01, 1.18142044e+02,
    4.90823898e+01, 1.18918213e+02, 7.77941208e+01, 1.19584366e+02,
    1.06528603e+02, 1.20278397e+02, 1.34883255e+02, 1.20781708e+02,
    2.12736778e+01, 1.50986588e+02, 4.98807182e+01, 1.52060089e+02,
    7.85755463e+01, 1.52780396e+02, 1.07148567e+02, 1.53735382e+02,
    1.35467697e+02, 1.54368622e+02, 2.19831772e+01, 1.83772385e+02,
    5.04053307e+01, 1.84838150e+02, 7.90520706e+01, 1.85898575e+02,
    1.07359459e+02, 1.86639893e+02, 1.35709747e+02, 1.87437332e+02,
    2.25703354e+01, 2.16403564e+02, 5.06300049e+01, 2.17499664e+02,
    7.91814880e+01, 2.18401093e+02, 1.07486717e+02, 2.19451187e+02,
    1.35980820e+02, 2.20413040e+02 ]
