%YAML:1.0
---
points: [ 1.58890190e+01, 1.72396317e+01, 4.51736984e+01, 1.79705372e+01,
    7.45103836e+01, 1.84204559e+01, 1.03484970e+02, 1.86574478e+01,
    1.32653381e+02, 1.88921623e+01, 1.76103058e+01, 5.09986420e+01,
    4.69268723e+01, 5.16810341e+01, 7.60086212e+01, 5.22915230e+01,
    1.04721077e+02, 5.27187462e+01, 1.33693146e+02, 5.31193428e+01,
    1.90060940e+01, 8.46400604e+01, 4.81980400e+01, 8.55693893e+01,
    7.69529495e+01, 8.61835938e+01, 1.05801498e+02, 8.66780319e+01,
    1.34364059e+02, 8.70765381e+01, 2.01530132e+01, 1.18088615e+02,
    4.90681725e+01, 1.18858986e+02, 7.77675171e+01, 1.19631012e+02,
    1.06523270e+02, 1.20294991e+02, 1.34864670e+02, 1.20839348e+02,
    2.12883282e+01, 1.50968140e+02, 4.99052315e+01, 1.52012527e+02,
    7.86141205e+01, 1.52806290e+02, 1.07076408e+02, 1.53763351e+02,
    1.35408890e+02, 1.54426514e+02, 2.20389252e+01, 1.83798431e+02,
    5.03977509e+01, 1.84870239e+02, 7.90561295e+01, 1.85943817e+02,
    1.07358215e+02, 1.86625381e+02, 1.35728561e+02, 1.87464859e+02,
    2.25404015e+01, 2.16438110e+02, 5.06608810e+01, 2.17497696e+02,
    7.91824646e+01, 2.18415085e+02, 1.07504257e+02, 2.19406418e+02,
    1.36020187e+02, 2.20442245e+02 ]
