%YAML:1.0
---
points: [ 1.49311953e+01, 6.93303406e+02, 4.27897911e+01, 6.93363281e+02,
    7.05296173e+01, 6.93403625e+02, 9.80307770e+01, 6.93450989e+02,
    1.25757797e+02, 6.93657776e+02, 1.64673958e+01, 7.21464600e+02,
    4.41219330e+01, 7.21502319e+02, 7.18646469e+01, 7.21622192e+02,
    9.93042755e+01, 7.21724304e+02, 1.26872353e+02, 7.21920532e+02,
    1.74384956e+01, 7.49511414e+02, 4.52487717e+01, 7.49576721e+02,
    7.28331909e+01, 7.49659973e+02, 1.00400810e+02, 7.49800415e+02,
    1.27736115e+02, 7.50157532e+02, 1.83826790e+01, 7.77548584e+02,
    4.60701447e+01, 7.77651245e+02, 7.38341064e+01, 7.77784973e+02,
    1.01181496e+02, 7.78032410e+02, 1.28462418e+02, 7.78307312e+02,
    1.91977291e+01, 8.05713013e+02, 4.69324913e+01, 8.05965454e+02,
    7.45421906e+01, 8.06127380e+02, 1.01809479e+02, 8.06267212e+02,
    1.29136353e+02, 8.06619141e+02, 1.99691658e+01, 8.33712952e+02,
    4.75342751e+01, 8.33892944e+02, 7.51198425e+01, 8.34152405e+02,
    1.02348984e+02, 8.34379639e+02, 1.29514999e+02, 8.34676514e+02,
    2.04876976e+01, 8.61607239e+02, 4.81053467e+01, 8.61812134e+02,
    7.54238052e+01, 8.62188354e+02, 1.02621223e+02, 8.62503601e+02,
    1.29938278e+02, 8.62903870e+02 ]
