%YAML:1.0
---
points: [ 1.91622559e+02, 8.64833374e+02, 1.63336700e+02, 8.64778625e+02,
    1.34871628e+02, 8.64807739e+02, 1.06666733e+02, 8.64827515e+02,
    7.83159332e+01, 8.64861755e+02, 1.91279556e+02, 8.36506653e+02,
    1.62941010e+02, 8.36451233e+02, 1.34601746e+02, 8.36394226e+02,
    1.06281693e+02, 8.36500061e+02, 7.75073853e+01, 8.36595764e+02,
    1.90796906e+02, 8.08145264e+02, 1.62479034e+02, 8.08090515e+02,
    1.34201035e+02, 8.08136536e+02, 1.05678093e+02, 8.08243896e+02,
    7.68360825e+01, 8.08303772e+02, 1.90138763e+02, 7.79744446e+02,
    1.61679688e+02, 7.79747070e+02, 1.33419907e+02, 7.79802368e+02,
    1.04742577e+02, 7.79871399e+02, 7.60676193e+01, 7.80131653e+02,
    1.89510880e+02, 7.51297485e+02, 1.60954071e+02, 7.51283691e+02,
    1.32635834e+02, 7.51312622e+02, 1.03821037e+02, 7.51396790e+02,
    7.52040482e+01, 7.51510193e+02, 1.88507950e+02, 7.22873657e+02,
    1.59983551e+02, 7.23008118e+02, 1.31572540e+02, 7.23075623e+02,
    1.02792274e+02, 7.23191589e+02, 7.39877472e+01, 7.23281189e+02,
    1.87449615e+02, 6.94571594e+02, 1.58906525e+02, 6.94611816e+02,
    1.30268875e+02, 6.94718323e+02, 1.01540169e+02, 6.94825500e+02,
    7.25251160e+01, 6.94993591e+02 ]
