%YAML:1.0
---
points: [ 2.39196136e+02, 8.65377014e+02, 2.10595139e+02, 8.65479858e+02,
    1.81989136e+02, 8.65557251e+02, 1.53497574e+02, 8.65670654e+02,
    1.24791481e+02, 8.65993774e+02, 2.38711182e+02, 8.37027161e+02,
    2.10274567e+02, 8.37122070e+02, 1.81649353e+02, 8.37272827e+02,
    1.53100571e+02, 8.37438049e+02, 1.24245461e+02, 8.37591797e+02,
    2.38342407e+02, 8.08529358e+02, 2.09743790e+02, 8.08606201e+02,
    1.81258835e+02, 8.08699219e+02, 1.52386688e+02, 8.08925415e+02,
    1.23461777e+02, 8.09135864e+02, 2.37744415e+02, 7.80218811e+02,
    2.09057831e+02, 7.80326538e+02, 1.80501663e+02, 7.80451660e+02,
    1.51574646e+02, 7.80609131e+02, 1.22724220e+02, 7.80779663e+02,
    2.36911041e+02, 7.51558167e+02, 2.08224014e+02, 7.51669434e+02,
    1.79722198e+02, 7.51790344e+02, 1.50743835e+02, 7.52055786e+02,
    1.21717018e+02, 7.52297668e+02, 2.36120377e+02, 7.23231384e+02,
    2.07310669e+02, 7.23325317e+02, 1.78649124e+02, 7.23448181e+02,
    1.49617630e+02, 7.23621582e+02, 1.20601707e+02, 7.23755737e+02,
    2.35019012e+02, 6.94780212e+02, 2.06308121e+02, 6.94946350e+02,
    1.77348969e+02, 6.95150757e+02, 1.48497665e+02, 6.95352417e+02,
    1.19228012e+02, 6.95494141e+02 ]
