%YAML:1.0
---
points: [ 2.42255371e+02, 8.65357605e+02, 2.13515015e+02, 8.65390991e+02,
    1.85176437e+02, 8.65550415e+02, 1.56401764e+02, 8.65642212e+02,
    1.27929916e+02, 8.65851074e+02, 2.41775055e+02, 8.36959167e+02,
    2.13231857e+02, 8.37096069e+02, 1.84798019e+02, 8.37245483e+02,
    1.55957718e+02, 8.37320801e+02, 1.27352890e+02, 8.37590759e+02,
    2.41282486e+02, 8.08514771e+02, 2.12705933e+02, 8.08583191e+02,
    1.84301544e+02, 8.08665222e+02, 1.55354767e+02, 8.08844849e+02,
    1.26554321e+02, 8.09077515e+02, 2.40489960e+02, 7.80144104e+02,
    2.12127365e+02, 7.80241516e+02, 1.83351608e+02, 7.80439758e+02,
    1.54615356e+02, 7.80550842e+02, 1.25688560e+02, 7.80744568e+02,
    2.39780228e+02, 7.51500427e+02, 2.11321472e+02, 7.51583984e+02,
    1.82535538e+02, 7.51761230e+02, 1.53744232e+02, 7.51909912e+02,
    1.24571091e+02, 7.52239258e+02, 2.38978027e+02, 7.23167175e+02,
    2.10312149e+02, 7.23267212e+02, 1.81561829e+02, 7.23445679e+02,
    1.52764130e+02, 7.23575256e+02, 1.23525505e+02, 7.23746460e+02,
    2.38061447e+02, 6.94761292e+02, 2.09070374e+02, 6.94909607e+02,
    1.80374390e+02, 6.95064819e+02, 1.51330017e+02, 6.95315308e+02,
    1.22337242e+02, 6.95467468e+02 ]
