%YAML:1.0
---
points: [ 2.92724609e+02, 8.65125671e+02, 2.64237000e+02, 8.65274353e+02,
    2.35520630e+02, 8.65456116e+02, 2.06856277e+02, 8.65658569e+02,
    1.78386383e+02, 8.65969299e+02, 2.92295929e+02, 8.36629028e+02,
    2.63799744e+02, 8.36927612e+02, 2.35099670e+02, 8.37053528e+02,
    2.06479156e+02, 8.37378540e+02, 1.77690994e+02, 8.37606812e+02,
    2.91828918e+02, 8.08264648e+02, 2.63361847e+02, 8.08389343e+02,
    2.34630264e+02, 8.08574768e+02, 2.05880081e+02, 8.08857056e+02,
    1.76812164e+02, 8.09195068e+02, 2.91252014e+02, 7.79817139e+02,
    2.62596039e+02, 7.80106140e+02, 2.33852753e+02, 7.80308594e+02,
    2.05116608e+02, 7.80596924e+02, 1.76120407e+02, 7.80841370e+02,
    2.90570496e+02, 7.51254089e+02, 2.61780121e+02, 7.51449646e+02,
    2.33207779e+02, 7.51709167e+02, 2.04136581e+02, 7.51973999e+02,
    1.75122604e+02, 7.52322510e+02, 2.89702148e+02, 7.22861450e+02,
    2.60786987e+02, 7.23140259e+02, 2.32262451e+02, 7.23397095e+02,
    2.03133881e+02, 7.23598816e+02, 1.74085037e+02, 7.23879150e+02,
    2.88626282e+02, 6.94462952e+02, 2.59705109e+02, 6.94670227e+02,
    2.30883713e+02, 6.95057068e+02, 2.01818878e+02, 6.95329468e+02,
    1.72647491e+02, 6.95610718e+02 ]
