%YAML:1.0
---
points: [ 3.89263611e+02, 8.65927856e+02, 3.60160522e+02, 8.66393494e+02,
    3.31227478e+02, 8.66758240e+02, 3.02171906e+02, 8.67311462e+02,
    2.73080414e+02, 8.67826599e+02, 3.88693604e+02, 8.37524658e+02,
    3.59701080e+02, 8.37892761e+02, 3.30849457e+02, 8.38305969e+02,
    3.01669098e+02, 8.38762634e+02, 2.72332855e+02, 8.39294556e+02,
    3.88201385e+02, 8.08951904e+02, 3.59315430e+02, 8.09302795e+02,
    3.30320465e+02, 8.09681641e+02, 3.01072052e+02, 8.10261230e+02,
    2.71666870e+02, 8.10843445e+02, 3.87585693e+02, 7.80486877e+02,
    3.58672882e+02, 7.80841248e+02, 3.29456726e+02, 7.81247925e+02,
    3.00425568e+02, 7.81655029e+02, 2.70856384e+02, 7.82274963e+02,
    3.86797302e+02, 7.51774048e+02, 3.57907227e+02, 7.52181641e+02,
    3.28727386e+02, 7.52555237e+02, 2.99380280e+02, 7.53171082e+02,
    2.70036926e+02, 7.53646606e+02, 3.86121246e+02, 7.23270813e+02,
    3.56923889e+02, 7.23594238e+02, 3.27803558e+02, 7.24004944e+02,
    2.98438446e+02, 7.24476562e+02, 2.68916809e+02, 7.24952698e+02,
    3.85152649e+02, 6.94826233e+02, 3.55778625e+02, 6.95281677e+02,
    3.26738556e+02, 6.95615784e+02, 2.97227478e+02, 6.96094666e+02,
    2.67591492e+02, 6.96507568e+02 ]
