%YAML:1.0
---
points: [ 4.73382599e+02, 8.66030212e+02, 4.44377808e+02, 8.66370728e+02,
    4.15408661e+02, 8.66706360e+02, 3.86259277e+02, 8.67265930e+02,
    3.57171326e+02, 8.67737732e+02, 4.73098389e+02, 8.37506897e+02,
    4.44150116e+02, 8.37825684e+02, 4.15146271e+02, 8.38281677e+02,
    3.85913940e+02, 8.38627014e+02, 3.56605347e+02, 8.39224670e+02,
    4.72546051e+02, 8.08905945e+02, 4.43744629e+02, 8.09224304e+02,
    4.14659882e+02, 8.09555969e+02, 3.85514862e+02, 8.10111023e+02,
    3.56017822e+02, 8.10688293e+02, 4.72090607e+02, 7.80453430e+02,
    4.43317932e+02, 7.80677063e+02, 4.14169067e+02, 7.81100037e+02,
    3.84878204e+02, 7.81464417e+02, 3.55369537e+02, 7.81951660e+02,
    4.71550873e+02, 7.51634583e+02, 4.42670105e+02, 7.52001648e+02,
    4.13479645e+02, 7.52446533e+02, 3.84246613e+02, 7.52825256e+02,
    3.54627899e+02, 7.53402283e+02, 4.70865662e+02, 7.23204956e+02,
    4.41844482e+02, 7.23463806e+02, 4.12761688e+02, 7.23744507e+02,
    3.83334351e+02, 7.24209900e+02, 3.53802887e+02, 7.24631042e+02,
    4.70191101e+02, 6.94658081e+02, 4.40890076e+02, 6.95042603e+02,
    4.11762573e+02, 6.95378662e+02, 3.82268463e+02, 6.95725647e+02,
    3.52777649e+02, 6.96167297e+02 ]
