%YAML:1.0
---
points: [ 5.00801727e+02, 8.66018799e+02, 4.71816528e+02, 8.66373962e+02,
    4.43053009e+02, 8.66712769e+02, 4.13815857e+02, 8.67167908e+02,
    3.84803986e+02, 8.67603394e+02, 5.00568512e+02, 8.37535339e+02,
    4.71531036e+02, 8.37848633e+02, 4.42839996e+02, 8.38228088e+02,
    4.13514069e+02, 8.38561707e+02, 3.84493652e+02, 8.39031616e+02,
    5.00337189e+02, 8.08842163e+02, 4.71278290e+02, 8.09196594e+02,
    4.42470001e+02, 8.09510254e+02, 4.13134186e+02, 8.09885498e+02,
    3.83965820e+02, 8.10504333e+02, 4.99798340e+02, 7.80428833e+02,
    4.70735016e+02, 7.80645630e+02, 4.41952911e+02, 7.81033264e+02,
    4.12621521e+02, 7.81397339e+02, 3.83228973e+02, 7.81796387e+02,
    4.99230377e+02, 7.51635681e+02, 4.70278809e+02, 7.51965149e+02,
    4.41327057e+02, 7.52332336e+02, 4.11975555e+02, 7.52708435e+02,
    3.82516449e+02, 7.53277039e+02, 4.98612427e+02, 7.23191711e+02,
    4.69655090e+02, 7.23402832e+02, 4.40489166e+02, 7.23685364e+02,
    4.11347931e+02, 7.24107239e+02, 3.81632446e+02, 7.24512085e+02,
    4.97793579e+02, 6.94666382e+02, 4.68860748e+02, 6.94993164e+02,
    4.39595276e+02, 6.95336121e+02, 4.10306396e+02, 6.95622620e+02,
    3.80730621e+02, 6.96115234e+02 ]
