%YAML:1.0
---
points: [ 5.57401794e+02, 8.65502808e+02, 5.28373657e+02, 8.65869507e+02,
    4.99302490e+02, 8.66320190e+02, 4.70170868e+02, 8.66761292e+02,
    4.40828003e+02, 8.67405518e+02, 5.57165710e+02, 8.36959045e+02,
    5.28213074e+02, 8.37413391e+02, 4.99153564e+02, 8.37767090e+02,
    4.69946106e+02, 8.38309448e+02, 4.40486450e+02, 8.38799255e+02,
    5.56817566e+02, 8.08414185e+02, 5.27893982e+02, 8.08698547e+02,
    4.98816650e+02, 8.09159668e+02, 4.69622284e+02, 8.09640564e+02,
    4.40123291e+02, 8.10258118e+02, 5.56496399e+02, 7.79912354e+02,
    5.27561157e+02, 7.80295776e+02, 4.98381561e+02, 7.80653992e+02,
    4.69266113e+02, 7.81157532e+02, 4.39609192e+02, 7.81627686e+02,
    5.56136108e+02, 7.51192017e+02, 5.27185364e+02, 7.51561035e+02,
    4.97857178e+02, 7.52006714e+02, 4.68702576e+02, 7.52504150e+02,
    4.39052582e+02, 7.53127808e+02, 5.55619812e+02, 7.22764465e+02,
    5.26515381e+02, 7.23145203e+02, 4.97316833e+02, 7.23504639e+02,
    4.67975555e+02, 7.23982239e+02, 4.38345337e+02, 7.24363281e+02,
    5.54970398e+02, 6.94331360e+02, 5.25828735e+02, 6.94654724e+02,
    4.96529266e+02, 6.95102905e+02, 4.67111023e+02, 6.95505615e+02,
    4.37509186e+02, 6.95881836e+02 ]
