%YAML:1.0
---
points: [ 6.18484558e+02, 8.65837708e+02, 5.89695496e+02, 8.66246582e+02,
    5.60510010e+02, 8.66674255e+02, 5.31355530e+02, 8.67318665e+02,
    5.02008087e+02, 8.67906372e+02, 6.18403320e+02, 8.37295227e+02,
    5.89581909e+02, 8.37666504e+02, 5.60465088e+02, 8.38189453e+02,
    5.31198792e+02, 8.38598145e+02, 5.01772400e+02, 8.39246460e+02,
    6.18269470e+02, 8.08644653e+02, 5.89394165e+02, 8.08962036e+02,
    5.60251404e+02, 8.09413696e+02, 5.30927795e+02, 8.09918152e+02,
    5.01479584e+02, 8.10611755e+02, 6.18067993e+02, 7.80207092e+02,
    5.89049927e+02, 7.80526367e+02, 5.59945618e+02, 7.80830872e+02,
    5.30542786e+02, 7.81346436e+02, 5.01102905e+02, 7.81892273e+02,
    6.17650085e+02, 7.51444336e+02, 5.88641663e+02, 7.51707092e+02,
    5.59562073e+02, 7.52199585e+02, 5.30083191e+02, 7.52649780e+02,
    5.00581879e+02, 7.53285339e+02, 6.17275024e+02, 7.22980713e+02,
    5.88190247e+02, 7.23275208e+02, 5.59128906e+02, 7.23612366e+02,
    5.29491211e+02, 7.24065430e+02, 5.00062134e+02, 7.24518921e+02,
    6.16708130e+02, 6.94542542e+02, 5.87527832e+02, 6.94821411e+02,
    5.58403625e+02, 6.95219482e+02, 5.28824463e+02, 6.95579163e+02,
    4.99259583e+02, 6.96045044e+02 ]
