%YAML:1.0
---
points: [ 6.92381348e+02, 8.66242310e+02, 6.63473145e+02, 8.66574707e+02,
    6.34368835e+02, 8.67170837e+02, 6.05173767e+02, 8.67754822e+02,
    5.75771973e+02, 8.68379883e+02, 6.92297180e+02, 8.37619812e+02,
    6.63438293e+02, 8.38040527e+02, 6.34380798e+02, 8.38476379e+02,
    6.05106812e+02, 8.39062561e+02, 5.75673279e+02, 8.39564331e+02,
    6.92222839e+02, 8.08958679e+02, 6.63362061e+02, 8.09355713e+02,
    6.34232666e+02, 8.09768066e+02, 6.04945679e+02, 8.10430115e+02,
    5.75450439e+02, 8.11084778e+02, 6.92043030e+02, 7.80488647e+02,
    6.63156921e+02, 7.80774902e+02, 6.33980347e+02, 7.81275452e+02,
    6.04671936e+02, 7.81673096e+02, 5.75207764e+02, 7.82330933e+02,
    6.91746887e+02, 7.51718323e+02, 6.62798767e+02, 7.52146057e+02,
    6.33638977e+02, 7.52550720e+02, 6.04328918e+02, 7.53032471e+02,
    5.74744202e+02, 7.53642029e+02, 6.91489441e+02, 7.23320007e+02,
    6.62419922e+02, 7.23530762e+02, 6.33364380e+02, 7.23850159e+02,
    6.03816406e+02, 7.24305298e+02, 5.74402710e+02, 7.24727905e+02,
    6.91145447e+02, 6.94810486e+02, 6.61880554e+02, 6.95187988e+02,
    6.32775208e+02, 6.95473389e+02, 6.03278564e+02, 6.95774414e+02,
    5.73801270e+02, 6.96251831e+02 ]
