%YAML:1.0
---
points: [ 7.37818665e+02, 8.65923096e+02, 7.08860291e+02, 8.66413635e+02,
    6.79960083e+02, 8.66955566e+02, 6.50549683e+02, 8.67667664e+02,
    6.21503845e+02, 8.68474304e+02, 7.37737061e+02, 8.37407227e+02,
    7.08750610e+02, 8.37837036e+02, 6.79908081e+02, 8.38377197e+02,
    6.50481079e+02, 8.39014465e+02, 6.21326477e+02, 8.39601440e+02,
    7.37608093e+02, 8.08646545e+02, 7.08626587e+02, 8.09150330e+02,
    6.79679504e+02, 8.09639038e+02, 6.50309204e+02, 8.10375732e+02,
    6.21094910e+02, 8.11062378e+02, 7.37496033e+02, 7.80264893e+02,
    7.08460449e+02, 7.80605835e+02, 6.79493530e+02, 7.81136230e+02,
    6.50115112e+02, 7.81640503e+02, 6.20741394e+02, 7.82308899e+02,
    7.37295044e+02, 7.51421875e+02, 7.08168823e+02, 7.51860779e+02,
    6.79200989e+02, 7.52365784e+02, 6.49720764e+02, 7.52938110e+02,
    6.20322021e+02, 7.53651855e+02, 7.36961792e+02, 7.22987000e+02,
    7.07704895e+02, 7.23367493e+02, 6.78783325e+02, 7.23689819e+02,
    6.49417969e+02, 7.24233826e+02, 6.19820435e+02, 7.24760620e+02,
    7.36484131e+02, 6.94566528e+02, 7.07337891e+02, 6.94988831e+02,
    6.78307251e+02, 6.95321716e+02, 6.48838196e+02, 6.95719788e+02,
    6.19342468e+02, 6.96276672e+02 ]
