%YAML:1.0
---
points: [ 7.66456299e+02, 8.65789551e+02, 7.37593018e+02, 8.66381042e+02,
    7.08599304e+02, 8.66955627e+02, 6.79530701e+02, 8.67707581e+02,
    6.50210388e+02, 8.68543457e+02, 7.66405273e+02, 8.37308777e+02,
    7.37547913e+02, 8.37777161e+02, 7.08557129e+02, 8.38396545e+02,
    6.79449097e+02, 8.39041260e+02, 6.50096558e+02, 8.39684143e+02,
    7.66250305e+02, 8.08630676e+02, 7.37442566e+02, 8.09151550e+02,
    7.08414001e+02, 8.09637939e+02, 6.79252075e+02, 8.10417603e+02,
    6.49749146e+02, 8.11146912e+02, 7.66085144e+02, 7.80232788e+02,
    7.37309692e+02, 7.80593628e+02, 7.08123169e+02, 7.81148315e+02,
    6.78901855e+02, 7.81655212e+02, 6.49568726e+02, 7.82375122e+02,
    7.65764099e+02, 7.51412781e+02, 7.36956482e+02, 7.51799438e+02,
    7.07786133e+02, 7.52384094e+02, 6.78637329e+02, 7.53034790e+02,
    6.49272095e+02, 7.53686218e+02, 7.65506897e+02, 7.22994507e+02,
    7.36541077e+02, 7.23376831e+02, 7.07499451e+02, 7.23755005e+02,
    6.78332825e+02, 7.24310852e+02, 6.48777771e+02, 7.24791809e+02,
    7.65213745e+02, 6.94629028e+02, 7.36169189e+02, 6.94959412e+02,
    7.07164795e+02, 6.95361084e+02, 6.77701477e+02, 6.95771729e+02,
    6.48418762e+02, 6.96334534e+02 ]
