%YAML:1.0
---
points: [ 8.14989380e+02, 8.65755127e+02, 7.86079529e+02, 8.66408569e+02,
    7.57191650e+02, 8.67071838e+02, 7.28006531e+02, 8.67887878e+02,
    6.98769409e+02, 8.68759583e+02, 8.14780151e+02, 8.37261047e+02,
    7.85921143e+02, 8.37809509e+02, 7.57055420e+02, 8.38455811e+02,
    7.27809082e+02, 8.39179260e+02, 6.98625488e+02, 8.39850342e+02,
    8.14626404e+02, 8.08596497e+02, 7.85724121e+02, 8.09135071e+02,
    7.56759338e+02, 8.09685669e+02, 7.27663269e+02, 8.10509583e+02,
    6.98394836e+02, 8.11341614e+02, 8.14376282e+02, 7.80169312e+02,
    7.85517639e+02, 7.80628418e+02, 7.56541382e+02, 7.81210693e+02,
    7.27447876e+02, 7.81781311e+02, 6.98096497e+02, 7.82471252e+02,
    8.14083008e+02, 7.51383118e+02, 7.85217529e+02, 7.51834167e+02,
    7.56307556e+02, 7.52427612e+02, 7.27173828e+02, 7.53180420e+02,
    6.97697754e+02, 7.53831543e+02, 8.13721497e+02, 7.22987915e+02,
    7.84844116e+02, 7.23381409e+02, 7.55885559e+02, 7.23802673e+02,
    7.26773621e+02, 7.24363953e+02, 6.97318054e+02, 7.25010864e+02,
    8.13369568e+02, 6.94586731e+02, 7.84484009e+02, 6.95045593e+02,
    7.55477722e+02, 6.95452332e+02, 7.26341125e+02, 6.95927246e+02,
    6.96838257e+02, 6.96481140e+02 ]
