%YAML:1.0
---
points: [ 8.17272461e+02, 8.65791687e+02, 7.88244934e+02, 8.66431519e+02,
    7.59365784e+02, 8.67074036e+02, 7.30240234e+02, 8.67849792e+02,
    7.01148132e+02, 8.68809509e+02, 8.17092163e+02, 8.37315002e+02,
    7.88079346e+02, 8.37861267e+02, 7.59277161e+02, 8.38471008e+02,
    7.30131531e+02, 8.39166321e+02, 7.00914307e+02, 8.39846558e+02,
    8.16796143e+02, 8.08635437e+02, 7.87916382e+02, 8.09182861e+02,
    7.59086914e+02, 8.09718445e+02, 7.29836365e+02, 8.10509583e+02,
    7.00658691e+02, 8.11353821e+02, 8.16654846e+02, 7.80256531e+02,
    7.87620728e+02, 7.80629028e+02, 7.58798828e+02, 7.81232483e+02,
    7.29559448e+02, 7.81780090e+02, 7.00446899e+02, 7.82515076e+02,
    8.16403198e+02, 7.51462463e+02, 7.87345154e+02, 7.51914490e+02,
    7.58547241e+02, 7.52449158e+02, 7.29287415e+02, 7.53174683e+02,
    7.00146057e+02, 7.53856262e+02, 8.16100403e+02, 7.23052002e+02,
    7.86979980e+02, 7.23390625e+02, 7.58170410e+02, 7.23813049e+02,
    7.28889832e+02, 7.24373169e+02, 6.99655273e+02, 7.25078979e+02,
    8.15644287e+02, 6.94651978e+02, 7.86575928e+02, 6.95044617e+02,
    7.57666260e+02, 6.95469971e+02, 7.28492981e+02, 6.95939209e+02,
    6.99160522e+02, 6.96507568e+02 ]
