%YAML:1.0
---
points: [ 8.79979248e+02, 8.66082214e+02, 8.51127808e+02, 8.66752563e+02,
    8.22344299e+02, 8.67601196e+02, 7.93152954e+02, 8.68566711e+02,
    7.64166504e+02, 8.69576660e+02, 8.79753662e+02, 8.37591492e+02,
    8.50920166e+02, 8.38188538e+02, 8.22187317e+02, 8.38894348e+02,
    7.92949402e+02, 8.39734680e+02, 7.63958740e+02, 8.40625488e+02,
    8.79586609e+02, 8.08911255e+02, 8.50675598e+02, 8.09470398e+02,
    8.21832458e+02, 8.10249146e+02, 7.92742615e+02, 8.11179260e+02,
    7.63645386e+02, 8.11987000e+02, 8.79342651e+02, 7.80478760e+02,
    8.50414490e+02, 7.80959290e+02, 8.21622925e+02, 7.81552368e+02,
    7.92456177e+02, 7.82277466e+02, 7.63354431e+02, 7.83116577e+02,
    8.79016663e+02, 7.51696167e+02, 8.50162781e+02, 7.52360718e+02,
    8.21390930e+02, 7.52888489e+02, 7.92138123e+02, 7.53638184e+02,
    7.63030396e+02, 7.54343140e+02, 8.78683289e+02, 7.23338379e+02,
    8.49718689e+02, 7.23709900e+02, 8.21016113e+02, 7.24295654e+02,
    7.91681396e+02, 7.24800476e+02, 7.62633362e+02, 7.25532898e+02,
    8.78406494e+02, 6.94897766e+02, 8.49401306e+02, 6.95409119e+02,
    8.20496765e+02, 6.95813904e+02, 7.91343750e+02, 6.96380920e+02,
    7.62179871e+02, 6.96924744e+02 ]
