%YAML:1.0
---
points: [ 9.44734009e+02, 8.66345276e+02, 9.16139587e+02, 8.66935181e+02,
    8.87224365e+02, 8.67765686e+02, 8.58412109e+02, 8.68642761e+02,
    8.29372681e+02, 8.69681335e+02, 9.44541626e+02, 8.37742554e+02,
    9.15862549e+02, 8.38338135e+02, 8.87068665e+02, 8.39063782e+02,
    8.58276917e+02, 8.39778503e+02, 8.29168518e+02, 8.40690796e+02,
    9.44389038e+02, 8.09128174e+02, 9.15673706e+02, 8.09616760e+02,
    8.86795105e+02, 8.10383789e+02, 8.58064941e+02, 8.11259033e+02,
    8.28850830e+02, 8.12088379e+02, 9.44185364e+02, 7.80625671e+02,
    9.15476929e+02, 7.81107788e+02, 8.86591553e+02, 7.81674622e+02,
    8.57706665e+02, 7.82350403e+02, 8.28644348e+02, 7.83211670e+02,
    9.43944092e+02, 7.51917480e+02, 9.15194031e+02, 7.52508606e+02,
    8.86356506e+02, 7.53124878e+02, 8.57410950e+02, 7.53705994e+02,
    8.28384460e+02, 7.54368774e+02, 9.43653870e+02, 7.23418762e+02,
    9.14761902e+02, 7.23803284e+02, 8.86019531e+02, 7.24396484e+02,
    8.57104797e+02, 7.24907104e+02, 8.28052368e+02, 7.25546204e+02,
    9.43408997e+02, 6.95075439e+02, 9.14500183e+02, 6.95448608e+02,
    8.85655090e+02, 6.95934021e+02, 8.56667969e+02, 6.96478943e+02,
    8.27604553e+02, 6.96942749e+02 ]
