%YAML:1.0
---
points: [ 9.94760559e+02, 8.66172424e+02, 9.66078735e+02, 8.66765320e+02,
    9.37472046e+02, 8.67623535e+02, 9.08497742e+02, 8.68515259e+02,
    8.79753174e+02, 8.69527771e+02, 9.94590149e+02, 8.37581177e+02,
    9.65777283e+02, 8.38256531e+02, 9.37279846e+02, 8.38842712e+02,
    9.08380432e+02, 8.39665222e+02, 8.79586487e+02, 8.40524841e+02,
    9.94430115e+02, 8.08970032e+02, 9.65594360e+02, 8.09506348e+02,
    9.37088318e+02, 8.10262329e+02, 9.08161255e+02, 8.11173889e+02,
    8.79373779e+02, 8.11883606e+02, 9.94171875e+02, 7.80545532e+02,
    9.65383606e+02, 7.81060547e+02, 9.36794434e+02, 7.81564514e+02,
    9.07835083e+02, 7.82306885e+02, 8.79138916e+02, 7.83093994e+02,
    9.93902283e+02, 7.51827026e+02, 9.65141052e+02, 7.52395325e+02,
    9.36554688e+02, 7.53041199e+02, 9.07568542e+02, 7.53656677e+02,
    8.78726868e+02, 7.54326721e+02, 9.93615173e+02, 7.23369934e+02,
    9.64829529e+02, 7.23792542e+02, 9.36258118e+02, 7.24373840e+02,
    9.07344543e+02, 7.24881775e+02, 8.78487488e+02, 7.25522217e+02,
    9.93404724e+02, 6.94911865e+02, 9.64638489e+02, 6.95452332e+02,
    9.35879517e+02, 6.95875549e+02, 9.07068298e+02, 6.96450562e+02,
    8.78132202e+02, 6.96948181e+02 ]
