%YAML:1.0
---
points: [ 1.04906824e+03, 8.66415833e+02, 1.02052893e+03, 8.67138611e+02,
    9.91822876e+02, 8.68028015e+02, 9.63213745e+02, 8.68857605e+02,
    9.34384399e+02, 8.69888672e+02, 1.04878540e+03, 8.37802673e+02,
    1.02033282e+03, 8.38464172e+02, 9.91622864e+02, 8.39226440e+02,
    9.63001648e+02, 8.40035400e+02, 9.34162170e+02, 8.40899780e+02,
    1.04859485e+03, 8.09225952e+02, 1.02004089e+03, 8.09781128e+02,
    9.91453979e+02, 8.10553162e+02, 9.62784424e+02, 8.11448730e+02,
    9.33871338e+02, 8.12276489e+02, 1.04848572e+03, 7.80704224e+02,
    1.01975787e+03, 7.81265991e+02, 9.91252441e+02, 7.81839172e+02,
    9.62552307e+02, 7.82548828e+02, 9.33702881e+02, 7.83430115e+02,
    1.04835938e+03, 7.51997742e+02, 1.01958813e+03, 7.52602173e+02,
    9.91067566e+02, 7.53258057e+02, 9.62318176e+02, 7.53875732e+02,
    9.33494446e+02, 7.54635315e+02, 1.04816577e+03, 7.23515686e+02,
    1.01945465e+03, 7.23983521e+02, 9.90842957e+02, 7.24515320e+02,
    9.62100281e+02, 7.25143433e+02, 9.33303589e+02, 7.25774658e+02,
    1.04804297e+03, 6.95116455e+02, 1.01930103e+03, 6.95555786e+02,
    9.90660767e+02, 6.96120300e+02, 9.61852173e+02, 6.96567078e+02,
    9.33072815e+02, 6.97137085e+02 ]
