%YAML:1.0
---
points: [ 1.04904016e+03, 8.66393799e+02, 1.02050360e+03, 8.67128723e+02,
    9.91820984e+02, 8.68042236e+02, 9.63225708e+02, 8.68916748e+02,
    9.34388977e+02, 8.69872620e+02, 1.04878784e+03, 8.37815369e+02,
    1.02034717e+03, 8.38488831e+02, 9.91606506e+02, 8.39260925e+02,
    9.63009399e+02, 8.39998352e+02, 9.34182617e+02, 8.40916992e+02,
    1.04854968e+03, 8.09187927e+02, 1.02004449e+03, 8.09785400e+02,
    9.91445374e+02, 8.10551880e+02, 9.62768066e+02, 8.11465881e+02,
    9.33870056e+02, 8.12295044e+02, 1.04847522e+03, 7.80698303e+02,
    1.01978839e+03, 7.81251404e+02, 9.91278931e+02, 7.81832642e+02,
    9.62586060e+02, 7.82524292e+02, 9.33708252e+02, 7.83377014e+02,
    1.04832031e+03, 7.52040466e+02, 1.01960052e+03, 7.52600830e+02,
    9.91116150e+02, 7.53266724e+02, 9.62368591e+02, 7.53924255e+02,
    9.33510803e+02, 7.54610291e+02, 1.04815662e+03, 7.23502258e+02,
    1.01946594e+03, 7.24025085e+02, 9.90882507e+02, 7.24502686e+02,
    9.62134583e+02, 7.25124878e+02, 9.33280884e+02, 7.25762634e+02,
    1.04804187e+03, 6.95123474e+02, 1.01929712e+03, 6.95557495e+02,
    9.90683167e+02, 6.96089905e+02, 9.61836548e+02, 6.96573120e+02,
    9.33046448e+02, 6.97164612e+02 ]
