%YAML:1.0
---
points: [ 1.11870349e+03, 8.68393494e+02, 1.09014575e+03, 8.68956177e+02,
    1.06139624e+03, 8.69630005e+02, 1.03264270e+03, 8.70319458e+02,
    1.00386914e+03, 8.71010620e+02, 1.11849780e+03, 8.39493347e+02,
    1.08987781e+03, 8.39945068e+02, 1.06120410e+03, 8.40572876e+02,
    1.03250720e+03, 8.41222717e+02, 1.00368732e+03, 8.42047058e+02,
    1.11831934e+03, 8.10793945e+02, 1.08973657e+03, 8.11367737e+02,
    1.06095422e+03, 8.11856812e+02, 1.03236133e+03, 8.12488647e+02,
    1.00346875e+03, 8.13183350e+02, 1.11820410e+03, 7.82079102e+02,
    1.08954431e+03, 7.82435425e+02, 1.06084106e+03, 7.83008118e+02,
    1.03224487e+03, 7.83532410e+02, 1.00332404e+03, 7.84359741e+02,
    1.11809521e+03, 7.53360718e+02, 1.08946753e+03, 7.53762756e+02,
    1.06061792e+03, 7.54250488e+02, 1.03199548e+03, 7.54742310e+02,
    1.00314789e+03, 7.55318604e+02, 1.11793188e+03, 7.24512146e+02,
    1.08936621e+03, 7.24931763e+02, 1.06051428e+03, 7.25422668e+02,
    1.03179065e+03, 7.25890930e+02, 1.00293353e+03, 7.26569580e+02,
    1.11789624e+03, 6.95974365e+02, 1.08931335e+03, 6.96387634e+02,
    1.06045020e+03, 6.96750916e+02, 1.03170215e+03, 6.97284241e+02,
    1.00273993e+03, 6.97698059e+02 ]
