%YAML:1.0
---
points: [ 1.17092847e+03, 8.69350281e+02, 1.14233862e+03, 8.69779419e+02,
    1.11358276e+03, 8.70360107e+02, 1.08493738e+03, 8.70957581e+02,
    1.05613684e+03, 8.71705566e+02, 1.17076367e+03, 8.40298950e+02,
    1.14214941e+03, 8.40761353e+02, 1.11336182e+03, 8.41304382e+02,
    1.08467712e+03, 8.42007324e+02, 1.05589490e+03, 8.42697876e+02,
    1.17059631e+03, 8.11589905e+02, 1.14190198e+03, 8.12048950e+02,
    1.11321252e+03, 8.12479675e+02, 1.08454321e+03, 8.13128296e+02,
    1.05568945e+03, 8.13664551e+02, 1.17046045e+03, 7.82628235e+02,
    1.14173425e+03, 7.83038757e+02, 1.11304895e+03, 7.83529236e+02,
    1.08443884e+03, 7.84239197e+02, 1.05551892e+03, 7.84895203e+02,
    1.17043567e+03, 7.53854980e+02, 1.14162427e+03, 7.54317200e+02,
    1.11292944e+03, 7.54696167e+02, 1.08429163e+03, 7.55280823e+02,
    1.05543872e+03, 7.55732239e+02, 1.17037573e+03, 7.25008362e+02,
    1.14159473e+03, 7.25350769e+02, 1.11281042e+03, 7.25817078e+02,
    1.08420544e+03, 7.26376953e+02, 1.05533337e+03, 7.27047974e+02,
    1.17035889e+03, 6.96378601e+02, 1.14158655e+03, 6.96701782e+02,
    1.11281458e+03, 6.97121338e+02, 1.08415552e+03, 6.97579895e+02,
    1.05528845e+03, 6.98018738e+02 ]
