%YAML:1.0
---
points: [ 1.23341516e+03, 8.69681030e+02, 1.20462097e+03, 8.70150330e+02,
    1.17582849e+03, 8.70636414e+02, 1.14718909e+03, 8.71271423e+02,
    1.11841040e+03, 8.71827148e+02, 1.23317175e+03, 8.40568298e+02,
    1.20438342e+03, 8.41027527e+02, 1.17560999e+03, 8.41537598e+02,
    1.14699463e+03, 8.42238403e+02, 1.11822278e+03, 8.42901123e+02,
    1.23294055e+03, 8.11901672e+02, 1.20414441e+03, 8.12314392e+02,
    1.17544702e+03, 8.12666626e+02, 1.14676758e+03, 8.13316223e+02,
    1.11813074e+03, 8.13808105e+02, 1.23279956e+03, 7.82853149e+02,
    1.20392395e+03, 7.83240784e+02, 1.17533679e+03, 7.83682068e+02,
    1.14663684e+03, 7.84319397e+02, 1.11793396e+03, 7.85046082e+02,
    1.23273633e+03, 7.54102051e+02, 1.20385449e+03, 7.54467285e+02,
    1.17525879e+03, 7.54789246e+02, 1.14653442e+03, 7.55336365e+02,
    1.11781116e+03, 7.55829651e+02, 1.23271155e+03, 7.25186829e+02,
    1.20383691e+03, 7.25488464e+02, 1.17521460e+03, 7.25956726e+02,
    1.14653943e+03, 7.26479980e+02, 1.11776404e+03, 7.27144226e+02,
    1.23275854e+03, 6.96510376e+02, 1.20388904e+03, 6.96770508e+02,
    1.17524341e+03, 6.97220215e+02, 1.14653528e+03, 6.97567871e+02,
    1.11776172e+03, 6.98094849e+02 ]
