%YAML:1.0
---
points: [ 1.28386218e+03, 8.69805664e+02, 1.25508337e+03, 8.70306763e+02,
    1.22655957e+03, 8.70792419e+02, 1.19767419e+03, 8.71407410e+02,
    1.16925989e+03, 8.72101318e+02, 1.28368188e+03, 8.40747375e+02,
    1.25479541e+03, 8.41243835e+02, 1.22635229e+03, 8.41745483e+02,
    1.19752209e+03, 8.42468872e+02, 1.16907849e+03, 8.43166687e+02,
    1.28348767e+03, 8.12078796e+02, 1.25461597e+03, 8.12424622e+02,
    1.22616821e+03, 8.12846741e+02, 1.19738184e+03, 8.13403748e+02,
    1.16887683e+03, 8.13953979e+02, 1.28338403e+03, 7.83043457e+02,
    1.25451306e+03, 7.83385986e+02, 1.22607495e+03, 7.83835510e+02,
    1.19728625e+03, 7.84416382e+02, 1.16877246e+03, 7.85209412e+02,
    1.28336365e+03, 7.54188599e+02, 1.25445239e+03, 7.54514404e+02,
    1.22592969e+03, 7.54870056e+02, 1.19714526e+03, 7.55425598e+02,
    1.16870007e+03, 7.55967651e+02, 1.28333618e+03, 7.25274170e+02,
    1.25446387e+03, 7.25615662e+02, 1.22594299e+03, 7.26041992e+02,
    1.19716553e+03, 7.26579712e+02, 1.16868896e+03, 7.27213684e+02,
    1.28344629e+03, 6.96528931e+02, 1.25455530e+03, 6.96788818e+02,
    1.22606995e+03, 6.97238464e+02, 1.19727197e+03, 6.97581055e+02,
    1.16874866e+03, 6.98158569e+02 ]
