%YAML:1.0
---
points: [ 1.31747571e+03, 8.69881836e+02, 1.28894666e+03, 8.70416260e+02,
    1.26035950e+03, 8.70977112e+02, 1.23181543e+03, 8.71581970e+02,
    1.20326868e+03, 8.72291565e+02, 1.31733154e+03, 8.40867004e+02,
    1.28862915e+03, 8.41281982e+02, 1.26014758e+03, 8.41856506e+02,
    1.23161548e+03, 8.42689270e+02, 1.20306995e+03, 8.43341125e+02,
    1.31714819e+03, 8.12116699e+02, 1.28850037e+03, 8.12514038e+02,
    1.25992896e+03, 8.12979614e+02, 1.23150781e+03, 8.13533752e+02,
    1.20284277e+03, 8.14177002e+02, 1.31708813e+03, 7.83132812e+02,
    1.28838867e+03, 7.83520508e+02, 1.25985083e+03, 7.83983154e+02,
    1.23142651e+03, 7.84647034e+02, 1.20277832e+03, 7.85430359e+02,
    1.31709094e+03, 7.54250977e+02, 1.28836340e+03, 7.54592651e+02,
    1.25977563e+03, 7.55089661e+02, 1.23139746e+03, 7.55540283e+02,
    1.20276526e+03, 7.56142029e+02, 1.31715747e+03, 7.25322083e+02,
    1.28838477e+03, 7.25685303e+02, 1.25982251e+03, 7.26172241e+02,
    1.23142896e+03, 7.26706909e+02, 1.20277710e+03, 7.27331360e+02,
    1.31728943e+03, 6.96597534e+02, 1.28862073e+03, 6.96947083e+02,
    1.26010437e+03, 6.97339294e+02, 1.23154492e+03, 6.97747864e+02,
    1.20296655e+03, 6.98257751e+02 ]
