%YAML:1.0
---
points: [ 1.35141614e+03, 8.69824280e+02, 1.32270898e+03, 8.70366516e+02,
    1.29430359e+03, 8.70871765e+02, 1.26553418e+03, 8.71477234e+02,
    1.23718579e+03, 8.72096313e+02, 1.35123730e+03, 8.40856445e+02,
    1.32250256e+03, 8.41278809e+02, 1.29399011e+03, 8.41740723e+02,
    1.26539246e+03, 8.42500549e+02, 1.23694519e+03, 8.43172791e+02,
    1.35105212e+03, 8.12152771e+02, 1.32238342e+03, 8.12508667e+02,
    1.29374475e+03, 8.12869324e+02, 1.26519922e+03, 8.13447876e+02,
    1.23677002e+03, 8.14041870e+02, 1.35093555e+03, 7.83101196e+02,
    1.32228845e+03, 7.83464172e+02, 1.29369165e+03, 7.83903992e+02,
    1.26517566e+03, 7.84496948e+02, 1.23672546e+03, 7.85253479e+02,
    1.35098242e+03, 7.54279785e+02, 1.32227783e+03, 7.54560547e+02,
    1.29363354e+03, 7.55024231e+02, 1.26511169e+03, 7.55458252e+02,
    1.23670276e+03, 7.55946106e+02, 1.35108862e+03, 7.25298340e+02,
    1.32229871e+03, 7.25603333e+02, 1.29370532e+03, 7.26085815e+02,
    1.26507751e+03, 7.26570435e+02, 1.23671667e+03, 7.27190002e+02,
    1.35127319e+03, 6.96581360e+02, 1.32252393e+03, 6.96868530e+02,
    1.29393640e+03, 6.97202759e+02, 1.26530054e+03, 6.97615906e+02,
    1.23690710e+03, 6.98096558e+02 ]
