%YAML:1.0
---
points: [ 1.39025085e+03, 8.69964966e+02, 1.36152002e+03, 8.70477478e+02,
    1.33302197e+03, 8.71079102e+02, 1.30451941e+03, 8.71563599e+02,
    1.27590210e+03, 8.72329041e+02, 1.39011206e+03, 8.40929199e+02,
    1.36132190e+03, 8.41363159e+02, 1.33273633e+03, 8.42015991e+02,
    1.30428638e+03, 8.42691406e+02, 1.27572644e+03, 8.43353943e+02,
    1.38986414e+03, 8.12232727e+02, 1.36103442e+03, 8.12559143e+02,
    1.33253210e+03, 8.13022949e+02, 1.30396973e+03, 8.13544983e+02,
    1.27554114e+03, 8.14135742e+02, 1.38982898e+03, 7.83177734e+02,
    1.36092859e+03, 7.83549438e+02, 1.33250269e+03, 7.84072571e+02,
    1.30393323e+03, 7.84680298e+02, 1.27549646e+03, 7.85393494e+02,
    1.38978979e+03, 7.54264038e+02, 1.36088562e+03, 7.54581055e+02,
    1.33247278e+03, 7.55089722e+02, 1.30381726e+03, 7.55512207e+02,
    1.27544946e+03, 7.56109070e+02, 1.38985828e+03, 7.25359497e+02,
    1.36100549e+03, 7.25655334e+02, 1.33250916e+03, 7.26142334e+02,
    1.30384668e+03, 7.26674988e+02, 1.27552844e+03, 7.27302490e+02,
    1.39013611e+03, 6.96553955e+02, 1.36126428e+03, 6.96839600e+02,
    1.33268848e+03, 6.97274414e+02, 1.30420337e+03, 6.97680542e+02,
    1.27562573e+03, 6.98159302e+02 ]
