%YAML:1.0
---
points: [ 1.42958838e+03, 8.70441406e+02, 1.40096790e+03, 8.70804688e+02,
    1.37233411e+03, 8.71302246e+02, 1.34353992e+03, 8.71810852e+02,
    1.31512366e+03, 8.72521423e+02, 1.42947266e+03, 8.41416565e+02,
    1.40071753e+03, 8.41792297e+02, 1.37201697e+03, 8.42375977e+02,
    1.34342163e+03, 8.42874817e+02, 1.31479150e+03, 8.43495117e+02,
    1.42931958e+03, 8.12534424e+02, 1.40056287e+03, 8.12817932e+02,
    1.37169128e+03, 8.13241089e+02, 1.34316382e+03, 8.13759338e+02,
    1.31463159e+03, 8.14312561e+02, 1.42924622e+03, 7.83511414e+02,
    1.40048877e+03, 7.83893188e+02, 1.37167480e+03, 7.84401245e+02,
    1.34312805e+03, 7.84800110e+02, 1.31453003e+03, 7.85523071e+02,
    1.42928442e+03, 7.54515442e+02, 1.40049121e+03, 7.54822693e+02,
    1.37162317e+03, 7.55265198e+02, 1.34306604e+03, 7.55668091e+02,
    1.31452014e+03, 7.56225098e+02, 1.42936328e+03, 7.25492432e+02,
    1.40054150e+03, 7.25823303e+02, 1.37168848e+03, 7.26363281e+02,
    1.34308948e+03, 7.26802734e+02, 1.31454163e+03, 7.27385681e+02,
    1.42951843e+03, 6.96678650e+02, 1.40072302e+03, 6.97074036e+02,
    1.37190710e+03, 6.97378845e+02, 1.34333496e+03, 6.97777222e+02,
    1.31471936e+03, 6.98247681e+02 ]
