%YAML:1.0
---
points: [ 1.45279688e+03, 8.70683960e+02, 1.42405017e+03, 8.71160095e+02,
    1.39545801e+03, 8.71569763e+02, 1.36656641e+03, 8.72213989e+02,
    1.33808838e+03, 8.72784119e+02, 1.45271301e+03, 8.41610107e+02,
    1.42370520e+03, 8.42121826e+02, 1.39516479e+03, 8.42616638e+02,
    1.36638647e+03, 8.43128540e+02, 1.33776221e+03, 8.43683044e+02,
    1.45257507e+03, 8.12704346e+02, 1.42358594e+03, 8.13116943e+02,
    1.39490674e+03, 8.13431946e+02, 1.36613342e+03, 8.13948914e+02,
    1.33761292e+03, 8.14535156e+02, 1.45256287e+03, 7.83704468e+02,
    1.42347131e+03, 7.84079956e+02, 1.39490100e+03, 7.84537354e+02,
    1.36601538e+03, 7.85051392e+02, 1.33756262e+03, 7.85644714e+02,
    1.45256213e+03, 7.54651184e+02, 1.42348242e+03, 7.55072815e+02,
    1.39480579e+03, 7.55400635e+02, 1.36604248e+03, 7.55826050e+02,
    1.33752344e+03, 7.56376526e+02, 1.45260693e+03, 7.25635376e+02,
    1.42358472e+03, 7.25962524e+02, 1.39483569e+03, 7.26498901e+02,
    1.36604651e+03, 7.26867432e+02, 1.33757825e+03, 7.27466187e+02,
    1.45279712e+03, 6.96746887e+02, 1.42378931e+03, 6.97194458e+02,
    1.39516431e+03, 6.97463989e+02, 1.36630249e+03, 6.97850098e+02,
    1.33773254e+03, 6.98338745e+02 ]
