%YAML:1.0
---
points: [ 1.48616406e+03, 8.70387573e+02, 1.45744873e+03, 8.70731018e+02,
    1.42868115e+03, 8.71309082e+02, 1.40012000e+03, 8.71796997e+02,
    1.37146875e+03, 8.72474548e+02, 1.48604761e+03, 8.41340881e+02,
    1.45727405e+03, 8.41740112e+02, 1.42845154e+03, 8.42380554e+02,
    1.39985657e+03, 8.42888977e+02, 1.37116797e+03, 8.43464478e+02,
    1.48576855e+03, 8.12499207e+02, 1.45700476e+03, 8.12807983e+02,
    1.42828699e+03, 8.13232056e+02, 1.39966870e+03, 8.13727539e+02,
    1.37109082e+03, 8.14276123e+02, 1.48572974e+03, 7.83467163e+02,
    1.45686890e+03, 7.83821228e+02, 1.42820215e+03, 7.84347107e+02,
    1.39961316e+03, 7.84824402e+02, 1.37101282e+03, 7.85520813e+02,
    1.48579041e+03, 7.54431702e+02, 1.45693005e+03, 7.54734741e+02,
    1.42820178e+03, 7.55242920e+02, 1.39956885e+03, 7.55625671e+02,
    1.37098438e+03, 7.56178711e+02, 1.48593616e+03, 7.25434143e+02,
    1.45706592e+03, 7.25760864e+02, 1.42833081e+03, 7.26327148e+02,
    1.39966150e+03, 7.26752747e+02, 1.37107690e+03, 7.27345947e+02,
    1.48618799e+03, 6.96609863e+02, 1.45741528e+03, 6.96886292e+02,
    1.42855408e+03, 6.97347961e+02, 1.39990637e+03, 6.97726990e+02,
    1.37121033e+03, 6.98181946e+02 ]
