%YAML:1.0
---
points: [ 1.55597668e+03, 8.69846802e+02, 1.52753381e+03, 8.70466370e+02,
    1.49933948e+03, 8.71173462e+02, 1.47071997e+03, 8.71785583e+02,
    1.44253699e+03, 8.72621826e+02, 1.55581750e+03, 8.40790405e+02,
    1.52733887e+03, 8.41408936e+02, 1.49902710e+03, 8.42184265e+02,
    1.47051477e+03, 8.42875977e+02, 1.44231982e+03, 8.43574707e+02,
    1.55564783e+03, 8.12098572e+02, 1.52716260e+03, 8.12537292e+02,
    1.49870435e+03, 8.13152954e+02, 1.47030493e+03, 8.13754822e+02,
    1.44217993e+03, 8.14417236e+02, 1.55561523e+03, 7.83012878e+02,
    1.52706165e+03, 7.83544434e+02, 1.49867749e+03, 7.84223022e+02,
    1.47029688e+03, 7.84793640e+02, 1.44210803e+03, 7.85648376e+02,
    1.55573621e+03, 7.54071716e+02, 1.52714502e+03, 7.54578430e+02,
    1.49864514e+03, 7.55126709e+02, 1.47029553e+03, 7.55627441e+02,
    1.44211401e+03, 7.56281372e+02, 1.55590820e+03, 7.25094788e+02,
    1.52730457e+03, 7.25538696e+02, 1.49878967e+03, 7.26119141e+02,
    1.47038855e+03, 7.26762268e+02, 1.44227185e+03, 7.27403503e+02,
    1.55626782e+03, 6.96335999e+02, 1.52762378e+03, 6.96678406e+02,
    1.49931763e+03, 6.97189941e+02, 1.47065784e+03, 6.97721375e+02,
    1.44245959e+03, 6.98244019e+02 ]
