%YAML:1.0
---
points: [ 1.59238635e+03, 8.69884583e+02, 1.56408789e+03, 8.70480652e+02,
    1.53578552e+03, 8.71188293e+02, 1.50744019e+03, 8.71826965e+02,
    1.47937158e+03, 8.72702576e+02, 1.59231421e+03, 8.40798279e+02,
    1.56391333e+03, 8.41473572e+02, 1.53560400e+03, 8.42192932e+02,
    1.50729150e+03, 8.42924988e+02, 1.47915759e+03, 8.43606873e+02,
    1.59228931e+03, 8.12095886e+02, 1.56376685e+03, 8.12575317e+02,
    1.53544043e+03, 8.13140747e+02, 1.50710925e+03, 8.13761292e+02,
    1.47907446e+03, 8.14454529e+02, 1.59233582e+03, 7.83019592e+02,
    1.56377661e+03, 7.83587158e+02, 1.53548816e+03, 7.84258911e+02,
    1.50713708e+03, 7.84827148e+02, 1.47917456e+03, 7.85569214e+02,
    1.59246313e+03, 7.54108276e+02, 1.56393469e+03, 7.54562927e+02,
    1.53556201e+03, 7.55123718e+02, 1.50723975e+03, 7.55616577e+02,
    1.47922388e+03, 7.56264343e+02, 1.59270447e+03, 7.25088623e+02,
    1.56420850e+03, 7.25509644e+02, 1.53580627e+03, 7.26148376e+02,
    1.50740234e+03, 7.26719238e+02, 1.47941187e+03, 7.27365845e+02,
    1.59314343e+03, 6.96328857e+02, 1.56463171e+03, 6.96676758e+02,
    1.53637183e+03, 6.97144775e+02, 1.50777808e+03, 6.97671631e+02,
    1.47970703e+03, 6.98189209e+02 ]
