%YAML:1.0
---
points: [ 1.63844788e+03, 8.69692261e+02, 1.61045862e+03, 8.70353027e+02,
    1.58233301e+03, 8.71094177e+02, 1.55417371e+03, 8.71707642e+02,
    1.52629224e+03, 8.72536743e+02, 1.63849756e+03, 8.40599854e+02,
    1.61042810e+03, 8.41283875e+02, 1.58212402e+03, 8.42003174e+02,
    1.55410925e+03, 8.42766296e+02, 1.52620032e+03, 8.43512390e+02,
    1.63851440e+03, 8.11875427e+02, 1.61041382e+03, 8.12500183e+02,
    1.58208057e+03, 8.13013062e+02, 1.55401648e+03, 8.13626709e+02,
    1.52621045e+03, 8.14344299e+02, 1.63867102e+03, 7.82836426e+02,
    1.61049634e+03, 7.83375732e+02, 1.58225549e+03, 7.84006287e+02,
    1.55421619e+03, 7.84713074e+02, 1.52636694e+03, 7.85501892e+02,
    1.63903503e+03, 7.54027588e+02, 1.61066846e+03, 7.54459351e+02,
    1.58246277e+03, 7.55010254e+02, 1.55439136e+03, 7.55540955e+02,
    1.52649561e+03, 7.56166321e+02, 1.63932983e+03, 7.24929321e+02,
    1.61105945e+03, 7.25392090e+02, 1.58280469e+03, 7.25857971e+02,
    1.55464343e+03, 7.26593750e+02, 1.52674182e+03, 7.27237366e+02,
    1.63984082e+03, 6.96197021e+02, 1.61162134e+03, 6.96582092e+02,
    1.58352319e+03, 6.97083557e+02, 1.55523596e+03, 6.97537476e+02,
    1.52723218e+03, 6.98057129e+02 ]
