%YAML:1.0
---
points: [ 1.71664734e+03, 8.70332458e+02, 1.68860266e+03, 8.70789978e+02,
    1.66052271e+03, 8.71418823e+02, 1.63249597e+03, 8.72057800e+02,
    1.60452930e+03, 8.72796509e+02, 1.71685303e+03, 8.41328552e+02,
    1.68873547e+03, 8.41897949e+02, 1.66055408e+03, 8.42485535e+02,
    1.63256799e+03, 8.43077576e+02, 1.60459998e+03, 8.43704468e+02,
    1.71712122e+03, 8.12564697e+02, 1.68896423e+03, 8.12869324e+02,
    1.66071411e+03, 8.13373840e+02, 1.63270789e+03, 8.13927612e+02,
    1.60485254e+03, 8.14525085e+02, 1.71747461e+03, 7.83464722e+02,
    1.68926123e+03, 7.83920532e+02, 1.66109705e+03, 7.84470093e+02,
    1.63303271e+03, 7.85056885e+02, 1.60522449e+03, 7.85631531e+02,
    1.71787805e+03, 7.54516235e+02, 1.68970032e+03, 7.54825195e+02,
    1.66147510e+03, 7.55336182e+02, 1.63342712e+03, 7.55702759e+02,
    1.60559570e+03, 7.56292664e+02, 1.71842664e+03, 7.25483765e+02,
    1.69026343e+03, 7.25778931e+02, 1.66214343e+03, 7.26320129e+02,
    1.63390088e+03, 7.26803406e+02, 1.60609399e+03, 7.27360840e+02,
    1.71931128e+03, 6.96630371e+02, 1.69109509e+03, 6.96934448e+02,
    1.66294946e+03, 6.97314087e+02, 1.63468726e+03, 6.97682739e+02,
    1.60677380e+03, 6.98154846e+02 ]
