%YAML:1.0
---
points: [ 1.74451379e+03, 8.70711426e+02, 1.71656836e+03, 8.71274902e+02,
    1.68875439e+03, 8.71770325e+02, 1.66059009e+03, 8.72436462e+02,
    1.63281494e+03, 8.73124207e+02, 1.74478528e+03, 8.41790710e+02,
    1.71669116e+03, 8.42351562e+02, 1.68878235e+03, 8.42827881e+02,
    1.66076599e+03, 8.43465820e+02, 1.63290234e+03, 8.44122009e+02,
    1.74510645e+03, 8.12973511e+02, 1.71687415e+03, 8.13382935e+02,
    1.68909851e+03, 8.13760803e+02, 1.66100024e+03, 8.14354675e+02,
    1.63318567e+03, 8.14913391e+02, 1.74551587e+03, 7.84023560e+02,
    1.71727930e+03, 7.84383606e+02, 1.68948315e+03, 7.84896118e+02,
    1.66134680e+03, 7.85477661e+02, 1.63359827e+03, 7.86035583e+02,
    1.74620935e+03, 7.55072510e+02, 1.71776758e+03, 7.55403748e+02,
    1.68988660e+03, 7.55770081e+02, 1.66183215e+03, 7.56288269e+02,
    1.63408215e+03, 7.56784180e+02, 1.74680603e+03, 7.26008728e+02,
    1.71837109e+03, 7.26421509e+02, 1.69052649e+03, 7.26833130e+02,
    1.66255530e+03, 7.27304626e+02, 1.63456201e+03, 7.27732727e+02,
    1.74761609e+03, 6.97237610e+02, 1.71940308e+03, 6.97489136e+02,
    1.69135547e+03, 6.97876099e+02, 1.66339709e+03, 6.98254272e+02,
    1.63551660e+03, 6.98607727e+02 ]
