%YAML:1.0
---
points: [ 1.76677441e+03, 8.70997925e+02, 1.73853845e+03, 8.71409607e+02,
    1.71062585e+03, 8.71813721e+02, 1.68228345e+03, 8.72393860e+02,
    1.65428259e+03, 8.72932007e+02, 1.76717432e+03, 8.42147766e+02,
    1.73877527e+03, 8.42540161e+02, 1.71069507e+03, 8.42929504e+02,
    1.68252319e+03, 8.43431885e+02, 1.65444641e+03, 8.43917053e+02,
    1.76747815e+03, 8.13218201e+02, 1.73900989e+03, 8.13483765e+02,
    1.71098840e+03, 8.13865051e+02, 1.68279773e+03, 8.14341309e+02,
    1.65470654e+03, 8.14812317e+02, 1.76811780e+03, 7.84329895e+02,
    1.73944739e+03, 7.84635559e+02, 1.71143579e+03, 7.85033936e+02,
    1.68320312e+03, 7.85454590e+02, 1.65520129e+03, 7.85887634e+02,
    1.76864783e+03, 7.55282959e+02, 1.74001001e+03, 7.55517212e+02,
    1.71188806e+03, 7.55841797e+02, 1.68376099e+03, 7.56287720e+02,
    1.65575024e+03, 7.56711792e+02, 1.76928064e+03, 7.26346680e+02,
    1.74072363e+03, 7.26631348e+02, 1.71259680e+03, 7.26944519e+02,
    1.68447095e+03, 7.27296021e+02, 1.65642163e+03, 7.27666138e+02,
    1.77012866e+03, 6.97429810e+02, 1.74181470e+03, 6.97568970e+02,
    1.71344495e+03, 6.97981995e+02, 1.68531689e+03, 6.98282166e+02,
    1.65738098e+03, 6.98533386e+02 ]
