%YAML:1.0
---
points: [ 1.76678259e+03, 8.71021667e+02, 1.73854651e+03, 8.71470581e+02,
    1.71061279e+03, 8.71854553e+02, 1.68223547e+03, 8.72401672e+02,
    1.65429150e+03, 8.72946411e+02, 1.76716589e+03, 8.42150574e+02,
    1.73875293e+03, 8.42574402e+02, 1.71069739e+03, 8.42993469e+02,
    1.68251135e+03, 8.43466980e+02, 1.65442798e+03, 8.43948608e+02,
    1.76749561e+03, 8.13229675e+02, 1.73901697e+03, 8.13473389e+02,
    1.71092993e+03, 8.13879150e+02, 1.68274011e+03, 8.14382385e+02,
    1.65469055e+03, 8.14800720e+02, 1.76809290e+03, 7.84355530e+02,
    1.73947681e+03, 7.84649780e+02, 1.71144678e+03, 7.85104614e+02,
    1.68325793e+03, 7.85505737e+02, 1.65519897e+03, 7.85916321e+02,
    1.76862134e+03, 7.55340149e+02, 1.73998547e+03, 7.55546875e+02,
    1.71185803e+03, 7.55835205e+02, 1.68372754e+03, 7.56269165e+02,
    1.65575867e+03, 7.56721558e+02, 1.76924475e+03, 7.26371216e+02,
    1.74073938e+03, 7.26671936e+02, 1.71255591e+03, 7.27000183e+02,
    1.68441675e+03, 7.27323120e+02, 1.65640161e+03, 7.27695374e+02,
    1.77010681e+03, 6.97423035e+02, 1.74176880e+03, 6.97600952e+02,
    1.71342371e+03, 6.97964966e+02, 1.68530237e+03, 6.98296082e+02,
    1.65739221e+03, 6.98564270e+02 ]
