%YAML:1.0
---
points: [ 1.78880005e+03, 8.71226807e+02, 1.76064380e+03, 8.71588745e+02,
    1.73280713e+03, 8.72154114e+02, 1.70476562e+03, 8.72707886e+02,
    1.67667810e+03, 8.73298828e+02, 1.78923242e+03, 8.42390442e+02,
    1.76093884e+03, 8.42804749e+02, 1.73297375e+03, 8.43248047e+02,
    1.70496399e+03, 8.43783020e+02, 1.67696509e+03, 8.44324402e+02,
    1.78960986e+03, 8.13405090e+02, 1.76133191e+03, 8.13680420e+02,
    1.73322766e+03, 8.14156128e+02, 1.70532349e+03, 8.14605957e+02,
    1.67741602e+03, 8.15152954e+02, 1.79017224e+03, 7.84562378e+02,
    1.76184717e+03, 7.84887695e+02, 1.73368213e+03, 7.85372986e+02,
    1.70582837e+03, 7.85763062e+02, 1.67789478e+03, 7.86273743e+02,
    1.79071118e+03, 7.55475342e+02, 1.76244238e+03, 7.55652344e+02,
    1.73428882e+03, 7.56081299e+02, 1.70639697e+03, 7.56500427e+02,
    1.67857837e+03, 7.56939880e+02, 1.79148535e+03, 7.26559082e+02,
    1.76327808e+03, 7.26861389e+02, 1.73506628e+03, 7.27219299e+02,
    1.70696655e+03, 7.27572632e+02, 1.67930225e+03, 7.27934143e+02,
    1.79239343e+03, 6.97594849e+02, 1.76419702e+03, 6.97841919e+02,
    1.73631543e+03, 6.98153809e+02, 1.70805005e+03, 6.98485779e+02,
    1.68012598e+03, 6.98851379e+02 ]
