%YAML:1.0
---
points: [ 1.81417664e+03, 8.71324646e+02, 1.78633044e+03, 8.71720520e+02,
    1.75861719e+03, 8.72275940e+02, 1.73066919e+03, 8.72902710e+02,
    1.70279822e+03, 8.73592957e+02, 1.81466797e+03, 8.42512146e+02,
    1.78663953e+03, 8.42980713e+02, 1.75876538e+03, 8.43461853e+02,
    1.73108057e+03, 8.43996887e+02, 1.70315918e+03, 8.44504700e+02,
    1.81519702e+03, 8.13530334e+02, 1.78703662e+03, 8.13856506e+02,
    1.75914807e+03, 8.14286499e+02, 1.73141296e+03, 8.14777893e+02,
    1.70361865e+03, 8.15462952e+02, 1.81576172e+03, 7.84664795e+02,
    1.78754773e+03, 7.85087097e+02, 1.75970312e+03, 7.85506897e+02,
    1.73195581e+03, 7.85939758e+02, 1.70431592e+03, 7.86426392e+02,
    1.81648022e+03, 7.55595154e+02, 1.78834143e+03, 7.55934204e+02,
    1.76033618e+03, 7.56259888e+02, 1.73251245e+03, 7.56676147e+02,
    1.70492041e+03, 7.57184387e+02, 1.81728552e+03, 7.26752502e+02,
    1.78913428e+03, 7.27078491e+02, 1.76120374e+03, 7.27413452e+02,
    1.73328845e+03, 7.27746399e+02, 1.70570813e+03, 7.28208618e+02,
    1.81824365e+03, 6.97755737e+02, 1.79028723e+03, 6.98106873e+02,
    1.76243152e+03, 6.98300171e+02, 1.73434717e+03, 6.98613281e+02,
    1.70663342e+03, 6.98919250e+02 ]
