%YAML:1.0
---
points: [ 1.81634094e+03, 8.71392151e+02, 1.78849951e+03, 8.71793945e+02,
    1.76057227e+03, 8.72394470e+02, 1.73270740e+03, 8.73014648e+02,
    1.70490405e+03, 8.73605225e+02, 1.81679065e+03, 8.42602112e+02,
    1.78880811e+03, 8.42973938e+02, 1.76075647e+03, 8.43480957e+02,
    1.73299207e+03, 8.43994507e+02, 1.70522766e+03, 8.44489563e+02,
    1.81726868e+03, 8.13584900e+02, 1.78918811e+03, 8.13944275e+02,
    1.76123145e+03, 8.14315063e+02, 1.73332263e+03, 8.14793457e+02,
    1.70566614e+03, 8.15450745e+02, 1.81775391e+03, 7.84779663e+02,
    1.78974634e+03, 7.85125122e+02, 1.76177246e+03, 7.85565186e+02,
    1.73376880e+03, 7.85961670e+02, 1.70620227e+03, 7.86455139e+02,
    1.81851074e+03, 7.55639954e+02, 1.79039441e+03, 7.55982605e+02,
    1.76250696e+03, 7.56320862e+02, 1.73449341e+03, 7.56741577e+02,
    1.70677454e+03, 7.57202087e+02, 1.81935327e+03, 7.26847900e+02,
    1.79114624e+03, 7.27066406e+02, 1.76335144e+03, 7.27440491e+02,
    1.73528992e+03, 7.27739197e+02, 1.70752563e+03, 7.28203308e+02,
    1.82049890e+03, 6.97839539e+02, 1.79218152e+03, 6.98104858e+02,
    1.76431372e+03, 6.98349243e+02, 1.73645618e+03, 6.98597229e+02,
    1.70844934e+03, 6.98980042e+02 ]
