%YAML:1.0
---
points: [ 1.86759045e+03, 8.71313293e+02, 1.84024707e+03, 8.71840088e+02,
    1.81294519e+03, 8.72539001e+02, 1.78563049e+03, 8.73340576e+02,
    1.75849255e+03, 8.74217163e+02, 1.86821118e+03, 8.42514954e+02,
    1.84069604e+03, 8.43070984e+02, 1.81331360e+03, 8.43641968e+02,
    1.78604114e+03, 8.44368347e+02, 1.75879980e+03, 8.44969055e+02,
    1.86871094e+03, 8.13540039e+02, 1.84119348e+03, 8.14034119e+02,
    1.81374512e+03, 8.14552124e+02, 1.78652502e+03, 8.15247620e+02,
    1.75937891e+03, 8.16001160e+02, 1.86941833e+03, 7.84726807e+02,
    1.84183459e+03, 7.85275513e+02, 1.81438379e+03, 7.85733215e+02,
    1.78715247e+03, 7.86285461e+02, 1.76000146e+03, 7.86866638e+02,
    1.87022632e+03, 7.55736633e+02, 1.84264380e+03, 7.56133728e+02,
    1.81538013e+03, 7.56557983e+02, 1.78795837e+03, 7.57126282e+02,
    1.76069946e+03, 7.57662720e+02, 1.87105640e+03, 7.26943542e+02,
    1.84353931e+03, 7.27301758e+02, 1.81616956e+03, 7.27663940e+02,
    1.78883655e+03, 7.28122620e+02, 1.76177649e+03, 7.28554199e+02,
    1.87236487e+03, 6.97993225e+02, 1.84473413e+03, 6.98284241e+02,
    1.81738416e+03, 6.98601685e+02, 1.79005701e+03, 6.98967529e+02,
    1.76293323e+03, 6.99388855e+02 ]
