%YAML:1.0
---
points: [ 1.88982922e+03, 8.71225098e+02, 1.86246313e+03, 8.71723755e+02,
    1.83513501e+03, 8.72483521e+02, 1.80766724e+03, 8.73224243e+02,
    1.78041455e+03, 8.74123718e+02, 1.89034717e+03, 8.42427063e+02,
    1.86284448e+03, 8.42950745e+02, 1.83548523e+03, 8.43554810e+02,
    1.80809253e+03, 8.44270691e+02, 1.78073499e+03, 8.44863098e+02,
    1.89079529e+03, 8.13475952e+02, 1.86334741e+03, 8.13946167e+02,
    1.83595483e+03, 8.14443726e+02, 1.80859094e+03, 8.15173767e+02,
    1.78136096e+03, 8.16052734e+02, 1.89147729e+03, 7.84679138e+02,
    1.86388330e+03, 7.85173828e+02, 1.83666968e+03, 7.85677551e+02,
    1.80928943e+03, 7.86247192e+02, 1.78202380e+03, 7.86827393e+02,
    1.89237402e+03, 7.55629150e+02, 1.86467712e+03, 7.56088928e+02,
    1.83742529e+03, 7.56481079e+02, 1.81014197e+03, 7.57088013e+02,
    1.78286511e+03, 7.57654907e+02, 1.89330334e+03, 7.26850159e+02,
    1.86560840e+03, 7.27257324e+02, 1.83825244e+03, 7.27628357e+02,
    1.81097388e+03, 7.28120361e+02, 1.78383203e+03, 7.28570007e+02,
    1.89452783e+03, 6.97826904e+02, 1.86697205e+03, 6.98239868e+02,
    1.83944556e+03, 6.98540100e+02, 1.81210144e+03, 6.98928833e+02,
    1.78494824e+03, 6.99394348e+02 ]
