%YAML:1.0
---
points: [ 1.87812024e+03, 8.70865173e+02, 1.85042920e+03, 8.71421875e+02,
    1.82288745e+03, 8.72006897e+02, 1.79540564e+03, 8.72601318e+02,
    1.76786316e+03, 8.73307983e+02, 1.87864783e+03, 8.42136169e+02,
    1.85084460e+03, 8.42664185e+02, 1.82323499e+03, 8.43179993e+02,
    1.79575757e+03, 8.43741455e+02, 1.76834338e+03, 8.44343506e+02,
    1.87925586e+03, 8.13295837e+02, 1.85136914e+03, 8.13643188e+02,
    1.82366858e+03, 8.14101074e+02, 1.79620862e+03, 8.14590454e+02,
    1.76883044e+03, 8.15258423e+02, 1.87982544e+03, 7.84478027e+02,
    1.85211548e+03, 7.84912964e+02, 1.82436389e+03, 7.85357727e+02,
    1.79685718e+03, 7.85795715e+02, 1.76947729e+03, 7.86360779e+02,
    1.88065674e+03, 7.55462463e+02, 1.85286230e+03, 7.55759521e+02,
    1.82530701e+03, 7.56172119e+02, 1.79750952e+03, 7.56577637e+02,
    1.77024609e+03, 7.57159485e+02, 1.88152344e+03, 7.26650818e+02,
    1.85374500e+03, 7.27018799e+02, 1.82612585e+03, 7.27327393e+02,
    1.79851379e+03, 7.27717957e+02, 1.77104236e+03, 7.28171326e+02,
    1.88275549e+03, 6.97721375e+02, 1.85490649e+03, 6.98065674e+02,
    1.82740381e+03, 6.98338745e+02, 1.79985645e+03, 6.98579651e+02,
    1.77227869e+03, 6.98958923e+02 ]
