%YAML:1.0
---
points: [ 1.89363708e+03, 8.71073486e+02, 1.86592627e+03, 8.71539001e+02,
    1.83840198e+03, 8.72159424e+02, 1.81084998e+03, 8.72787170e+02,
    1.78332935e+03, 8.73432007e+02, 1.89432874e+03, 8.42292358e+02,
    1.86634119e+03, 8.42783325e+02, 1.83873535e+03, 8.43258667e+02,
    1.81119922e+03, 8.43841858e+02, 1.78370886e+03, 8.44479919e+02,
    1.89481714e+03, 8.13409973e+02, 1.86687976e+03, 8.13735657e+02,
    1.83914563e+03, 8.14242432e+02, 1.81161292e+03, 8.14735229e+02,
    1.78429541e+03, 8.15451233e+02, 1.89552673e+03, 7.84598633e+02,
    1.86763733e+03, 7.84986267e+02, 1.83982617e+03, 7.85506348e+02,
    1.81224695e+03, 7.85887451e+02, 1.78493909e+03, 7.86446228e+02,
    1.89629272e+03, 7.55582642e+02, 1.86839111e+03, 7.55891357e+02,
    1.84073376e+03, 7.56260010e+02, 1.81292651e+03, 7.56690491e+02,
    1.78564624e+03, 7.57247375e+02, 1.89714844e+03, 7.26752930e+02,
    1.86935510e+03, 7.27151428e+02, 1.84165381e+03, 7.27483215e+02,
    1.81390332e+03, 7.27826294e+02, 1.78653699e+03, 7.28294434e+02,
    1.89842188e+03, 6.97783203e+02, 1.87053467e+03, 6.98136230e+02,
    1.84279419e+03, 6.98368958e+02, 1.81525037e+03, 6.98738647e+02,
    1.78758130e+03, 6.99130859e+02 ]
