%YAML:1.0
---
points: [ 1.90689075e+03, 8.70881775e+02, 1.87928503e+03, 8.71389526e+02,
    1.85155518e+03, 8.71882812e+02, 1.82367053e+03, 8.72494141e+02,
    1.79613318e+03, 8.73150635e+02, 1.90743530e+03, 8.42152954e+02,
    1.87966003e+03, 8.42611145e+02, 1.85204138e+03, 8.43109985e+02,
    1.82413538e+03, 8.43681641e+02, 1.79653540e+03, 8.44268555e+02,
    1.90789819e+03, 8.13302368e+02, 1.88004468e+03, 8.13572388e+02,
    1.85243665e+03, 8.14128662e+02, 1.82462000e+03, 8.14552063e+02,
    1.79703516e+03, 8.15206299e+02, 1.90871021e+03, 7.84515991e+02,
    1.88070691e+03, 7.84853577e+02, 1.85305115e+03, 7.85349365e+02,
    1.82541919e+03, 7.85760437e+02, 1.79768420e+03, 7.86309448e+02,
    1.90961719e+03, 7.55505249e+02, 1.88147290e+03, 7.55765564e+02,
    1.85379175e+03, 7.56152527e+02, 1.82612659e+03, 7.56600769e+02,
    1.79857129e+03, 7.57153870e+02, 1.91052112e+03, 7.26658936e+02,
    1.88251050e+03, 7.27054138e+02, 1.85467371e+03, 7.27336121e+02,
    1.82703784e+03, 7.27697693e+02, 1.79952539e+03, 7.28118896e+02,
    1.91154236e+03, 6.97715515e+02, 1.88376965e+03, 6.97971802e+02,
    1.85588879e+03, 6.98286682e+02, 1.82809656e+03, 6.98555481e+02,
    1.80064221e+03, 6.98941589e+02 ]
