%YAML:1.0
---
points: [ 1.89999878e+03, 1.06516821e+03, 1.87178796e+03, 1.06533704e+03,
    1.84408081e+03, 1.06568848e+03, 1.81632739e+03, 1.06612830e+03,
    1.78871423e+03, 1.06650842e+03, 1.90147351e+03, 1.03739050e+03,
    1.87348279e+03, 1.03764026e+03, 1.84551062e+03, 1.03780298e+03,
    1.81763550e+03, 1.03822192e+03, 1.79013965e+03, 1.03865027e+03,
    1.90313843e+03, 1.00936664e+03, 1.87496326e+03, 1.00951447e+03,
    1.84719617e+03, 1.00974243e+03, 1.81918140e+03, 1.01027399e+03,
    1.79156445e+03, 1.01075574e+03, 1.90498669e+03, 9.81505615e+02,
    1.87654456e+03, 9.81630127e+02, 1.84882080e+03, 9.81782715e+02,
    1.82105029e+03, 9.82176575e+02, 1.79340015e+03, 9.82657959e+02,
    1.90669397e+03, 9.53610229e+02, 1.87859619e+03, 9.53678040e+02,
    1.85051562e+03, 9.53891602e+02, 1.82265955e+03, 9.54255005e+02,
    1.79529944e+03, 9.54680664e+02, 1.90857947e+03, 9.25319397e+02,
    1.88045654e+03, 9.25486328e+02, 1.85261755e+03, 9.25685791e+02,
    1.82452002e+03, 9.26137573e+02, 1.79695398e+03, 9.26587280e+02,
    1.91076990e+03, 8.97346252e+02, 1.88267627e+03, 8.97581177e+02,
    1.85463342e+03, 8.97757568e+02, 1.82691577e+03, 8.98095764e+02,
    1.79924561e+03, 8.98445679e+02 ]
