%YAML:1.0
---
points: [ 1.90483276e+03, 1.06041687e+03, 1.87700647e+03, 1.06130737e+03,
    1.84941211e+03, 1.06250708e+03, 1.82190417e+03, 1.06370154e+03,
    1.79458105e+03, 1.06488208e+03, 1.90542957e+03, 1.03256213e+03,
    1.87757007e+03, 1.03345129e+03, 1.84983826e+03, 1.03438293e+03,
    1.82232361e+03, 1.03547058e+03, 1.79506970e+03, 1.03678491e+03,
    1.90615576e+03, 1.00443665e+03, 1.87817090e+03, 1.00535754e+03,
    1.85039380e+03, 1.00636023e+03, 1.82283557e+03, 1.00747028e+03,
    1.79560803e+03, 1.00856195e+03, 1.90669458e+03, 9.76371155e+02,
    1.87881665e+03, 9.77214050e+02, 1.85111548e+03, 9.78148743e+02,
    1.82355298e+03, 9.79441406e+02, 1.79627002e+03, 9.80627319e+02,
    1.90751599e+03, 9.48333740e+02, 1.87962463e+03, 9.49121521e+02,
    1.85196985e+03, 9.50001404e+02, 1.82432800e+03, 9.51004089e+02,
    1.79700488e+03, 9.52312073e+02, 1.90842786e+03, 9.20083374e+02,
    1.88055640e+03, 9.20971313e+02, 1.85287756e+03, 9.21952393e+02,
    1.82535962e+03, 9.22923401e+02, 1.79784595e+03, 9.23999146e+02,
    1.90963550e+03, 8.91994324e+02, 1.88173914e+03, 8.92846924e+02,
    1.85413623e+03, 8.93705017e+02, 1.82650122e+03, 8.94906311e+02,
    1.79909167e+03, 8.96032959e+02 ]
