%YAML:1.0
---
points: [ 1.90792847e+03, 1.05948328e+03, 1.88029297e+03, 1.06056726e+03,
    1.85277649e+03, 1.06180908e+03, 1.82513684e+03, 1.06332520e+03,
    1.79750452e+03, 1.06478381e+03, 1.90828369e+03, 1.03130994e+03,
    1.88047375e+03, 1.03256641e+03, 1.85287378e+03, 1.03384119e+03,
    1.82529407e+03, 1.03517944e+03, 1.79765625e+03, 1.03665771e+03,
    1.90857190e+03, 1.00332080e+03, 1.88070374e+03, 1.00436407e+03,
    1.85304614e+03, 1.00567169e+03, 1.82546619e+03, 1.00706726e+03,
    1.79802173e+03, 1.00845825e+03, 1.90912793e+03, 9.75289856e+02,
    1.88103833e+03, 9.76381165e+02, 1.85347729e+03, 9.77455017e+02,
    1.82588245e+03, 9.78969788e+02, 1.79849023e+03, 9.80453247e+02,
    1.90969080e+03, 9.46993347e+02, 1.88156592e+03, 9.48224060e+02,
    1.85395166e+03, 9.49400513e+02, 1.82637061e+03, 9.50596497e+02,
    1.79900195e+03, 9.52169067e+02, 1.91025281e+03, 9.18778320e+02,
    1.88224512e+03, 9.19946350e+02, 1.85450049e+03, 9.21231995e+02,
    1.82698657e+03, 9.22508240e+02, 1.79960461e+03, 9.23818115e+02,
    1.91107825e+03, 8.90804749e+02, 1.88327026e+03, 8.91884949e+02,
    1.85542761e+03, 8.93044434e+02, 1.82772302e+03, 8.94395630e+02,
    1.80040173e+03, 8.95672852e+02 ]
