%YAML:1.0
---
points: [ 1.90791028e+03, 1.05975769e+03, 1.88009106e+03, 1.06093567e+03,
    1.85256982e+03, 1.06227332e+03, 1.82459082e+03, 1.06358789e+03,
    1.79706055e+03, 1.06493774e+03, 1.90835071e+03, 1.03182422e+03,
    1.88033765e+03, 1.03284998e+03, 1.85264539e+03, 1.03408105e+03,
    1.82477209e+03, 1.03541943e+03, 1.79720667e+03, 1.03681824e+03,
    1.90860632e+03, 1.00373492e+03, 1.88057153e+03, 1.00476337e+03,
    1.85281458e+03, 1.00599524e+03, 1.82518213e+03, 1.00727759e+03,
    1.79755042e+03, 1.00855322e+03, 1.90916736e+03, 9.75656982e+02,
    1.88096570e+03, 9.76620117e+02, 1.85327075e+03, 9.77784180e+02,
    1.82557227e+03, 9.79283630e+02, 1.79786047e+03, 9.80593140e+02,
    1.90972559e+03, 9.47455627e+02, 1.88144470e+03, 9.48556519e+02,
    1.85374231e+03, 9.49618225e+02, 1.82594226e+03, 9.50814880e+02,
    1.79849927e+03, 9.52302124e+02, 1.91037537e+03, 9.19171326e+02,
    1.88223755e+03, 9.20319885e+02, 1.85437866e+03, 9.21531494e+02,
    1.82660657e+03, 9.22637512e+02, 1.79913269e+03, 9.23945984e+02,
    1.91120667e+03, 8.91200195e+02, 1.88321680e+03, 8.92217651e+02,
    1.85522388e+03, 8.93335815e+02, 1.82747925e+03, 8.94630188e+02,
    1.79995972e+03, 8.95872253e+02 ]
