%YAML:1.0
---
points: [ 1.76434692e+03, 9.01945312e+02, 1.79291272e+03, 9.01853577e+02,
    1.82183154e+03, 9.01864075e+02, 1.85077881e+03, 9.01991699e+02,
    1.87996240e+03, 9.02102600e+02, 1.76224805e+03, 9.30137268e+02,
    1.79063428e+03, 9.30002319e+02, 1.81953369e+03, 9.29933655e+02,
    1.84847595e+03, 9.30041809e+02, 1.87774451e+03, 9.30221924e+02,
    1.76030078e+03, 9.58415649e+02, 1.78880347e+03, 9.58291931e+02,
    1.81749219e+03, 9.58292542e+02, 1.84638391e+03, 9.58382507e+02,
    1.87550208e+03, 9.58581360e+02, 1.75851624e+03, 9.86607178e+02,
    1.78683679e+03, 9.86498901e+02, 1.81571606e+03, 9.86474915e+02,
    1.84435132e+03, 9.86555603e+02, 1.87366174e+03, 9.86772217e+02,
    1.75666748e+03, 1.01469031e+03, 1.78516882e+03, 1.01455621e+03,
    1.81368567e+03, 1.01453467e+03, 1.84259265e+03, 1.01465369e+03,
    1.87152234e+03, 1.01484503e+03, 1.75498596e+03, 1.04287854e+03,
    1.78359155e+03, 1.04286475e+03, 1.81210156e+03, 1.04279602e+03,
    1.84086230e+03, 1.04289612e+03, 1.86983069e+03, 1.04307068e+03,
    1.75348096e+03, 1.07087268e+03, 1.78183984e+03, 1.07078760e+03,
    1.81060706e+03, 1.07079480e+03, 1.83907153e+03, 1.07083362e+03,
    1.86811902e+03, 1.07102087e+03 ]
