%YAML:1.0
---
points: [ 1.74541956e+03, 9.01878540e+02, 1.77406934e+03, 9.01883972e+02,
    1.80292810e+03, 9.01893066e+02, 1.83219934e+03, 9.02098389e+02,
    1.86129456e+03, 9.02226318e+02, 1.74328662e+03, 9.30135071e+02,
    1.77186694e+03, 9.30090637e+02, 1.80085767e+03, 9.30079224e+02,
    1.82968054e+03, 9.30180969e+02, 1.85905347e+03, 9.30334167e+02,
    1.74153027e+03, 9.58456604e+02, 1.76998218e+03, 9.58379150e+02,
    1.79877502e+03, 9.58423706e+02, 1.82768127e+03, 9.58534546e+02,
    1.85704749e+03, 9.58750244e+02, 1.73959863e+03, 9.86651733e+02,
    1.76833862e+03, 9.86547668e+02, 1.79692175e+03, 9.86572144e+02,
    1.82579517e+03, 9.86675781e+02, 1.85489026e+03, 9.87004944e+02,
    1.73795825e+03, 1.01475269e+03, 1.76638538e+03, 1.01467126e+03,
    1.79527930e+03, 1.01466876e+03, 1.82396399e+03, 1.01481653e+03,
    1.85322241e+03, 1.01516791e+03, 1.73646851e+03, 1.04297546e+03,
    1.76468762e+03, 1.04291418e+03, 1.79356543e+03, 1.04293823e+03,
    1.82239221e+03, 1.04312329e+03, 1.85128967e+03, 1.04328357e+03,
    1.73466174e+03, 1.07101794e+03, 1.76337231e+03, 1.07097290e+03,
    1.79190930e+03, 1.07102661e+03, 1.82070764e+03, 1.07114050e+03,
    1.84942078e+03, 1.07126123e+03 ]
