%YAML:1.0
---
points: [ 1.70351843e+03, 9.01533813e+02, 1.73225232e+03, 9.01463196e+02,
    1.76110876e+03, 9.01453003e+02, 1.79011401e+03, 9.01538879e+02,
    1.81931201e+03, 9.01608643e+02, 1.70158374e+03, 9.29599243e+02,
    1.73030176e+03, 9.29524048e+02, 1.75901331e+03, 9.29519348e+02,
    1.78791003e+03, 9.29656738e+02, 1.81718042e+03, 9.29728455e+02,
    1.69994092e+03, 9.57944031e+02, 1.72835059e+03, 9.57819641e+02,
    1.75734363e+03, 9.57804688e+02, 1.78599402e+03, 9.57917664e+02,
    1.81538477e+03, 9.58162659e+02, 1.69819617e+03, 9.86252502e+02,
    1.72670483e+03, 9.86100220e+02, 1.75539233e+03, 9.86079773e+02,
    1.78437939e+03, 9.86167419e+02, 1.81330859e+03, 9.86369019e+02,
    1.69662109e+03, 1.01433655e+03, 1.72516150e+03, 1.01422424e+03,
    1.75379126e+03, 1.01418768e+03, 1.78259753e+03, 1.01421307e+03,
    1.81159167e+03, 1.01442340e+03, 1.69522839e+03, 1.04259790e+03,
    1.72358594e+03, 1.04251636e+03, 1.75242969e+03, 1.04245996e+03,
    1.78105457e+03, 1.04256909e+03, 1.81016357e+03, 1.04268323e+03,
    1.69384473e+03, 1.07064941e+03, 1.72223877e+03, 1.07054907e+03,
    1.75088977e+03, 1.07052161e+03, 1.77961731e+03, 1.07053931e+03,
    1.80837231e+03, 1.07065637e+03 ]
