%YAML:1.0
---
points: [ 1.69427966e+03, 9.01845154e+02, 1.72294275e+03, 9.01841370e+02,
    1.75217297e+03, 9.01860474e+02, 1.78108423e+03, 9.02007690e+02,
    1.81056506e+03, 9.02197632e+02, 1.69212793e+03, 9.30113098e+02,
    1.72104993e+03, 9.30000183e+02, 1.74993127e+03, 9.30068481e+02,
    1.77922937e+03, 9.30185486e+02, 1.80840942e+03, 9.30333252e+02,
    1.69058850e+03, 9.58504944e+02, 1.71917883e+03, 9.58387146e+02,
    1.74828198e+03, 9.58428345e+02, 1.77710754e+03, 9.58588074e+02,
    1.80647961e+03, 9.58797119e+02, 1.68907129e+03, 9.86760193e+02,
    1.71754333e+03, 9.86643066e+02, 1.74657373e+03, 9.86657104e+02,
    1.77539062e+03, 9.86735474e+02, 1.80480237e+03, 9.87083862e+02,
    1.68744958e+03, 1.01481775e+03, 1.71606909e+03, 1.01478107e+03,
    1.74474963e+03, 1.01478735e+03, 1.77383679e+03, 1.01493207e+03,
    1.80282300e+03, 1.01529504e+03, 1.68600537e+03, 1.04318311e+03,
    1.71464331e+03, 1.04317395e+03, 1.74336890e+03, 1.04312561e+03,
    1.77230640e+03, 1.04329858e+03, 1.80133459e+03, 1.04352600e+03,
    1.68463611e+03, 1.07126917e+03, 1.71317151e+03, 1.07125183e+03,
    1.74206689e+03, 1.07128796e+03, 1.77067932e+03, 1.07133398e+03,
    1.79966394e+03, 1.07147961e+03 ]
