%YAML:1.0
---
points: [ 1.66125354e+03, 8.97799988e+02, 1.68982397e+03, 8.97696472e+02,
    1.71841125e+03, 8.97714355e+02, 1.74733948e+03, 8.97832275e+02,
    1.77630701e+03, 8.97941467e+02, 1.65947595e+03, 9.25707581e+02,
    1.68784668e+03, 9.25679321e+02, 1.71655811e+03, 9.25643433e+02,
    1.74536694e+03, 9.25766541e+02, 1.77441895e+03, 9.25931824e+02,
    1.65809753e+03, 9.53948181e+02, 1.68629980e+03, 9.53860229e+02,
    1.71505200e+03, 9.53848145e+02, 1.74358789e+03, 9.53965088e+02,
    1.77263147e+03, 9.54121277e+02, 1.65650806e+03, 9.81840820e+02,
    1.68486462e+03, 9.81756287e+02, 1.71333191e+03, 9.81741089e+02,
    1.74217358e+03, 9.81860107e+02, 1.77092773e+03, 9.82091919e+02,
    1.65516272e+03, 1.00985278e+03, 1.68352795e+03, 1.00977734e+03,
    1.71199707e+03, 1.00972949e+03, 1.74051245e+03, 1.00985718e+03,
    1.76942969e+03, 1.01013605e+03, 1.65392188e+03, 1.03792029e+03,
    1.68223718e+03, 1.03785510e+03, 1.71078467e+03, 1.03780798e+03,
    1.73922815e+03, 1.03790820e+03, 1.76810730e+03, 1.03805859e+03,
    1.65274524e+03, 1.06574939e+03, 1.68099048e+03, 1.06566309e+03,
    1.70955066e+03, 1.06569104e+03, 1.73800745e+03, 1.06572949e+03,
    1.76646143e+03, 1.06582996e+03 ]
