%YAML:1.0
---
points: [ 1.64375781e+03, 8.98117310e+02, 1.67248987e+03, 8.98087646e+02,
    1.70139026e+03, 8.98134460e+02, 1.73031226e+03, 8.98245544e+02,
    1.75947986e+03, 8.98411316e+02, 1.64222131e+03, 9.26168579e+02,
    1.67062036e+03, 9.26039490e+02, 1.69961536e+03, 9.26117004e+02,
    1.72842773e+03, 9.26289856e+02, 1.75781396e+03, 9.26616272e+02,
    1.64071130e+03, 9.54278564e+02, 1.66922021e+03, 9.54238708e+02,
    1.69790784e+03, 9.54284058e+02, 1.72683435e+03, 9.54433105e+02,
    1.75605347e+03, 9.54639160e+02, 1.63928650e+03, 9.82300903e+02,
    1.66784509e+03, 9.82260071e+02, 1.69648401e+03, 9.82270020e+02,
    1.72538928e+03, 9.82421326e+02, 1.75444812e+03, 9.82675903e+02,
    1.63800891e+03, 1.01040155e+03, 1.66640808e+03, 1.01033350e+03,
    1.69522937e+03, 1.01039441e+03, 1.72383411e+03, 1.01054895e+03,
    1.75301855e+03, 1.01081049e+03, 1.63692517e+03, 1.03833044e+03,
    1.66531177e+03, 1.03835669e+03, 1.69397278e+03, 1.03837341e+03,
    1.72255176e+03, 1.03851257e+03, 1.75161926e+03, 1.03869763e+03,
    1.63571887e+03, 1.06626392e+03, 1.66415161e+03, 1.06625537e+03,
    1.69264099e+03, 1.06635315e+03, 1.72141272e+03, 1.06642468e+03,
    1.75008447e+03, 1.06654651e+03 ]
