%YAML:1.0
---
points: [ 1.58784912e+03, 8.98298096e+02, 1.61685632e+03, 8.98292236e+02,
    1.64575024e+03, 8.98340027e+02, 1.67490747e+03, 8.98419617e+02,
    1.70446155e+03, 8.98638184e+02, 1.58654504e+03, 9.26463318e+02,
    1.61541077e+03, 9.26383423e+02, 1.64426184e+03, 9.26429382e+02,
    1.67342883e+03, 9.26598389e+02, 1.70270251e+03, 9.26921082e+02,
    1.58538599e+03, 9.54609802e+02, 1.61388416e+03, 9.54499695e+02,
    1.64292273e+03, 9.54577209e+02, 1.67184741e+03, 9.54739807e+02,
    1.70132007e+03, 9.55116821e+02, 1.58419067e+03, 9.82566223e+02,
    1.61271863e+03, 9.82533325e+02, 1.64179919e+03, 9.82629761e+02,
    1.67057324e+03, 9.82807373e+02, 1.69993616e+03, 9.83131592e+02,
    1.58319238e+03, 1.01082257e+03, 1.61173669e+03, 1.01078638e+03,
    1.64055396e+03, 1.01085822e+03, 1.66941748e+03, 1.01109650e+03,
    1.69853418e+03, 1.01136456e+03, 1.58204395e+03, 1.03876965e+03,
    1.61080029e+03, 1.03881348e+03, 1.63942688e+03, 1.03890393e+03,
    1.66837329e+03, 1.03914978e+03, 1.69732874e+03, 1.03934985e+03,
    1.58112427e+03, 1.06672620e+03, 1.60984229e+03, 1.06677478e+03,
    1.63854370e+03, 1.06684778e+03, 1.66733423e+03, 1.06703137e+03,
    1.69622351e+03, 1.06725330e+03 ]
