%YAML:1.0
---
points: [ 1.55786304e+03, 8.99152161e+02, 1.58683911e+03, 8.99169617e+02,
    1.61624109e+03, 8.99305664e+02, 1.64540588e+03, 8.99509155e+02,
    1.67500940e+03, 8.99816833e+02, 1.55660999e+03, 9.27422485e+02,
    1.58548633e+03, 9.27428101e+02, 1.61466406e+03, 9.27506165e+02,
    1.64403894e+03, 9.27693359e+02, 1.67357397e+03, 9.28103210e+02,
    1.55535571e+03, 9.55481750e+02, 1.58431787e+03, 9.55526367e+02,
    1.61341736e+03, 9.55603760e+02, 1.64268713e+03, 9.55873596e+02,
    1.67229407e+03, 9.56241638e+02, 1.55433362e+03, 9.83767700e+02,
    1.58335571e+03, 9.83764893e+02, 1.61231604e+03, 9.84018982e+02,
    1.64144714e+03, 9.84237671e+02, 1.67081836e+03, 9.84607849e+02,
    1.55343481e+03, 1.01199377e+03, 1.58213428e+03, 1.01209381e+03,
    1.61126343e+03, 1.01217120e+03, 1.64034290e+03, 1.01240802e+03,
    1.66963904e+03, 1.01272742e+03, 1.55252527e+03, 1.03995557e+03,
    1.58127356e+03, 1.04012732e+03, 1.61039990e+03, 1.04022681e+03,
    1.63935107e+03, 1.04046094e+03, 1.66862012e+03, 1.04080212e+03,
    1.55170569e+03, 1.06816235e+03, 1.58042334e+03, 1.06823926e+03,
    1.60944055e+03, 1.06844263e+03, 1.63836841e+03, 1.06865710e+03,
    1.66755737e+03, 1.06902393e+03 ]
