%YAML:1.0
---
points: [ 1.53442798e+03, 8.99835388e+02, 1.56367285e+03, 8.99851685e+02,
    1.59287927e+03, 8.99989075e+02, 1.62231177e+03, 9.00233276e+02,
    1.65219983e+03, 9.00488525e+02, 1.53327625e+03, 9.28103882e+02,
    1.56234521e+03, 9.28156311e+02, 1.59158154e+03, 9.28232056e+02,
    1.62099231e+03, 9.28476135e+02, 1.65063110e+03, 9.28706482e+02,
    1.53227527e+03, 9.56226685e+02, 1.56118347e+03, 9.56260925e+02,
    1.59050903e+03, 9.56412292e+02, 1.61975024e+03, 9.56611267e+02,
    1.64941870e+03, 9.57064453e+02, 1.53134277e+03, 9.84551880e+02,
    1.56020496e+03, 9.84612610e+02, 1.58941626e+03, 9.84780457e+02,
    1.61857922e+03, 9.85094116e+02, 1.64824939e+03, 9.85469543e+02,
    1.53034143e+03, 1.01269080e+03, 1.55923083e+03, 1.01279004e+03,
    1.58843848e+03, 1.01292212e+03, 1.61755859e+03, 1.01323950e+03,
    1.64723169e+03, 1.01359351e+03, 1.52947131e+03, 1.04085620e+03,
    1.55848853e+03, 1.04101477e+03, 1.58744189e+03, 1.04118213e+03,
    1.61673694e+03, 1.04145557e+03, 1.64615417e+03, 1.04192188e+03,
    1.52861707e+03, 1.06918677e+03, 1.55763708e+03, 1.06932788e+03,
    1.58669934e+03, 1.06953809e+03, 1.61582520e+03, 1.06973792e+03,
    1.64488171e+03, 1.07002991e+03 ]
