%YAML:1.0
---
points: [ 1.46522998e+03, 9.00108521e+02, 1.49451184e+03, 9.00142578e+02,
    1.52371338e+03, 9.00219788e+02, 1.55336572e+03, 9.00408081e+02,
    1.58309143e+03, 9.00612427e+02, 1.46438098e+03, 9.28408142e+02,
    1.49337659e+03, 9.28374329e+02, 1.52272559e+03, 9.28454834e+02,
    1.55217615e+03, 9.28578918e+02, 1.58182263e+03, 9.28858032e+02,
    1.46356970e+03, 9.56565857e+02, 1.49249963e+03, 9.56531189e+02,
    1.52186182e+03, 9.56650391e+02, 1.55118933e+03, 9.56909424e+02,
    1.58077466e+03, 9.57249023e+02, 1.46285791e+03, 9.85019531e+02,
    1.49172144e+03, 9.84994934e+02, 1.52113806e+03, 9.85074219e+02,
    1.55024329e+03, 9.85357788e+02, 1.57998376e+03, 9.85738403e+02,
    1.46218982e+03, 1.01314050e+03, 1.49118433e+03, 1.01313953e+03,
    1.52032141e+03, 1.01331714e+03, 1.54951013e+03, 1.01354004e+03,
    1.57913000e+03, 1.01394922e+03, 1.46147668e+03, 1.04131873e+03,
    1.49052271e+03, 1.04144434e+03, 1.51965125e+03, 1.04157043e+03,
    1.54879077e+03, 1.04185706e+03, 1.57847668e+03, 1.04237598e+03,
    1.46093042e+03, 1.06966602e+03, 1.48990906e+03, 1.06976660e+03,
    1.51903052e+03, 1.06991760e+03, 1.54831165e+03, 1.07017419e+03,
    1.57748511e+03, 1.07048535e+03 ]
