%YAML:1.0
---
points: [ 1.40715295e+03, 8.97918579e+02, 1.43603210e+03, 8.97726624e+02,
    1.46489746e+03, 8.97625000e+02, 1.49413232e+03, 8.97624878e+02,
    1.52330981e+03, 8.97696716e+02, 1.40642407e+03, 9.26000122e+02,
    1.43514172e+03, 9.25686462e+02, 1.46421375e+03, 9.25632996e+02,
    1.49304944e+03, 9.25704712e+02, 1.52237683e+03, 9.25823669e+02,
    1.40578955e+03, 9.54227356e+02, 1.43440417e+03, 9.54087097e+02,
    1.46340955e+03, 9.53881226e+02, 1.49231421e+03, 9.53965332e+02,
    1.52166589e+03, 9.54195496e+02, 1.40533899e+03, 9.82351318e+02,
    1.43386230e+03, 9.82163879e+02, 1.46279675e+03, 9.82121948e+02,
    1.49157654e+03, 9.82104187e+02, 1.52084802e+03, 9.82222290e+02,
    1.40471790e+03, 1.01056738e+03, 1.43333716e+03, 1.01037634e+03,
    1.46220093e+03, 1.01023901e+03, 1.49105273e+03, 1.01030176e+03,
    1.52018225e+03, 1.01052203e+03, 1.40427112e+03, 1.03863879e+03,
    1.43278784e+03, 1.03853687e+03, 1.46157727e+03, 1.03844751e+03,
    1.49046680e+03, 1.03848254e+03, 1.51951111e+03, 1.03861096e+03,
    1.40384851e+03, 1.06667346e+03, 1.43249451e+03, 1.06651978e+03,
    1.46117456e+03, 1.06649036e+03, 1.48993713e+03, 1.06647205e+03,
    1.51880420e+03, 1.06658984e+03 ]
