%YAML:1.0
---
points: [ 1.34970886e+03, 8.97787109e+02, 1.37863379e+03, 8.97702148e+02,
    1.40758154e+03, 8.97759460e+02, 1.43692834e+03, 8.97902649e+02,
    1.46617932e+03, 8.98190491e+02, 1.34909399e+03, 9.25836548e+02,
    1.37792615e+03, 9.25721680e+02, 1.40687500e+03, 9.25822266e+02,
    1.43608142e+03, 9.26051697e+02, 1.46542004e+03, 9.26408752e+02,
    1.34855396e+03, 9.54160583e+02, 1.37727991e+03, 9.54123840e+02,
    1.40626514e+03, 9.54134338e+02, 1.43534900e+03, 9.54351868e+02,
    1.46466492e+03, 9.54591736e+02, 1.34815503e+03, 9.82252441e+02,
    1.37676257e+03, 9.82226990e+02, 1.40574463e+03, 9.82264465e+02,
    1.43462146e+03, 9.82430176e+02, 1.46413171e+03, 9.82793701e+02,
    1.34763708e+03, 1.01056195e+03, 1.37626196e+03, 1.01050610e+03,
    1.40530542e+03, 1.01056311e+03, 1.43419336e+03, 1.01080908e+03,
    1.46344434e+03, 1.01119080e+03, 1.34727356e+03, 1.03863538e+03,
    1.37580420e+03, 1.03864209e+03, 1.40476050e+03, 1.03873230e+03,
    1.43366577e+03, 1.03895959e+03, 1.46290344e+03, 1.03929834e+03,
    1.34686743e+03, 1.06669275e+03, 1.37547266e+03, 1.06673706e+03,
    1.40439600e+03, 1.06686938e+03, 1.43326428e+03, 1.06709631e+03,
    1.46237183e+03, 1.06742603e+03 ]
