%YAML:1.0
---
points: [ 1.27969287e+03, 8.97761414e+02, 1.30847974e+03, 8.97808655e+02,
    1.33763318e+03, 8.97970398e+02, 1.36679590e+03, 8.98224487e+02,
    1.39627136e+03, 8.98488037e+02, 1.27917102e+03, 9.25894775e+02,
    1.30792627e+03, 9.25867859e+02, 1.33707629e+03, 9.26181396e+02,
    1.36607031e+03, 9.26431091e+02, 1.39556128e+03, 9.26847351e+02,
    1.27863513e+03, 9.54227905e+02, 1.30744763e+03, 9.54274780e+02,
    1.33650403e+03, 9.54394653e+02, 1.36545398e+03, 9.54694458e+02,
    1.39504395e+03, 9.55180359e+02, 1.27828174e+03, 9.82339111e+02,
    1.30699866e+03, 9.82342407e+02, 1.33606226e+03, 9.82531189e+02,
    1.36504175e+03, 9.82870728e+02, 1.39444348e+03, 9.83445862e+02,
    1.27782617e+03, 1.01064459e+03, 1.30658875e+03, 1.01075574e+03,
    1.33549597e+03, 1.01084937e+03, 1.36452600e+03, 1.01129834e+03,
    1.39388208e+03, 1.01178070e+03, 1.27748254e+03, 1.03877100e+03,
    1.30632568e+03, 1.03891821e+03, 1.33511157e+03, 1.03914624e+03,
    1.36412817e+03, 1.03944104e+03, 1.39336450e+03, 1.03989905e+03,
    1.27707129e+03, 1.06690894e+03, 1.30593555e+03, 1.06711816e+03,
    1.33472742e+03, 1.06738147e+03, 1.36372876e+03, 1.06766931e+03,
    1.39270923e+03, 1.06818860e+03 ]
