%YAML:1.0
---
points: [ 1.22892175e+03, 8.97509460e+02, 1.25784546e+03, 8.97556396e+02,
    1.28672742e+03, 8.97689819e+02, 1.31612842e+03, 8.98031616e+02,
    1.34525830e+03, 8.98279724e+02, 1.22848267e+03, 9.25596375e+02,
    1.25738354e+03, 9.25637268e+02, 1.28624841e+03, 9.25810547e+02,
    1.31537793e+03, 9.26177917e+02, 1.34466235e+03, 9.26602417e+02,
    1.22810571e+03, 9.53967285e+02, 1.25690503e+03, 9.54027588e+02,
    1.28575562e+03, 9.54194763e+02, 1.31484949e+03, 9.54476929e+02,
    1.34412964e+03, 9.54883118e+02, 1.22774561e+03, 9.82126221e+02,
    1.25642639e+03, 9.82174683e+02, 1.28540015e+03, 9.82322937e+02,
    1.31435510e+03, 9.82597229e+02, 1.34359143e+03, 9.83209045e+02,
    1.22743140e+03, 1.01041980e+03, 1.25612817e+03, 1.01050476e+03,
    1.28498401e+03, 1.01068420e+03, 1.31386987e+03, 1.01110876e+03,
    1.34322046e+03, 1.01153107e+03, 1.22720984e+03, 1.03858850e+03,
    1.25575610e+03, 1.03874316e+03, 1.28468347e+03, 1.03897192e+03,
    1.31344531e+03, 1.03932178e+03, 1.34272083e+03, 1.03967188e+03,
    1.22681482e+03, 1.06674451e+03, 1.25543323e+03, 1.06685596e+03,
    1.28443469e+03, 1.06721704e+03, 1.31320422e+03, 1.06755200e+03,
    1.34228979e+03, 1.06797388e+03 ]
