%YAML:1.0
---
points: [ 1.15618958e+03, 8.97687866e+02, 1.18522583e+03, 8.97787109e+02,
    1.21402747e+03, 8.97944214e+02, 1.24329468e+03, 8.98192017e+02,
    1.27263708e+03, 8.98534241e+02, 1.15581787e+03, 9.25835083e+02,
    1.18480286e+03, 9.25840271e+02, 1.21366467e+03, 9.26130127e+02,
    1.24279175e+03, 9.26518555e+02, 1.27213684e+03, 9.26943909e+02,
    1.15556079e+03, 9.54242126e+02, 1.18452551e+03, 9.54262939e+02,
    1.21334375e+03, 9.54444824e+02, 1.24252429e+03, 9.54765869e+02,
    1.27164905e+03, 9.55304565e+02, 1.15538684e+03, 9.82315796e+02,
    1.18428381e+03, 9.82417114e+02, 1.21307397e+03, 9.82653748e+02,
    1.24221130e+03, 9.83071960e+02, 1.27134436e+03, 9.83642578e+02,
    1.15520068e+03, 1.01073523e+03, 1.18402942e+03, 1.01081836e+03,
    1.21273718e+03, 1.01112610e+03, 1.24187085e+03, 1.01151849e+03,
    1.27096545e+03, 1.01217340e+03, 1.15498743e+03, 1.03893359e+03,
    1.18381372e+03, 1.03914905e+03, 1.21258838e+03, 1.03936023e+03,
    1.24159790e+03, 1.03972412e+03, 1.27067957e+03, 1.04034546e+03,
    1.15477661e+03, 1.06719373e+03, 1.18360046e+03, 1.06737720e+03,
    1.21242944e+03, 1.06773425e+03, 1.24139478e+03, 1.06812732e+03,
    1.27036462e+03, 1.06872437e+03 ]
