%YAML:1.0
---
points: [ 1.09176624e+03, 8.98213806e+02, 1.12073657e+03, 8.98298035e+02,
    1.14973022e+03, 8.98454224e+02, 1.17892065e+03, 8.98781250e+02,
    1.20820032e+03, 8.99310974e+02, 1.09157288e+03, 9.26496765e+02,
    1.12054175e+03, 9.26558472e+02, 1.14950427e+03, 9.26822815e+02,
    1.17863257e+03, 9.27232849e+02, 1.20780652e+03, 9.27720886e+02,
    1.09147632e+03, 9.54723877e+02, 1.12040686e+03, 9.54883545e+02,
    1.14929077e+03, 9.55178345e+02, 1.17841699e+03, 9.55474426e+02,
    1.20758545e+03, 9.56102356e+02, 1.09143140e+03, 9.83023621e+02,
    1.12025256e+03, 9.83194092e+02, 1.14917798e+03, 9.83484009e+02,
    1.17821973e+03, 9.83968567e+02, 1.20742932e+03, 9.84588806e+02,
    1.09127808e+03, 1.01144202e+03, 1.12006665e+03, 1.01161115e+03,
    1.14892346e+03, 1.01191803e+03, 1.17795959e+03, 1.01238263e+03,
    1.20718188e+03, 1.01293213e+03, 1.09118054e+03, 1.03960083e+03,
    1.11989905e+03, 1.03990601e+03, 1.14878931e+03, 1.04022205e+03,
    1.17773462e+03, 1.04069690e+03, 1.20693750e+03, 1.04137134e+03,
    1.09102808e+03, 1.06796716e+03, 1.11972400e+03, 1.06830200e+03,
    1.14862793e+03, 1.06871252e+03, 1.17755493e+03, 1.06934058e+03,
    1.20672107e+03, 1.06983850e+03 ]
