%YAML:1.0
---
points: [ 1.06138879e+03, 8.98398743e+02, 1.09040137e+03, 8.98503296e+02,
    1.11936719e+03, 8.98663757e+02, 1.14851245e+03, 8.99100769e+02,
    1.17781738e+03, 8.99575195e+02, 1.06126721e+03, 9.26720703e+02,
    1.09029370e+03, 9.26772400e+02, 1.11915125e+03, 9.27058044e+02,
    1.14833594e+03, 9.27471497e+02, 1.17754663e+03, 9.28046387e+02,
    1.06120142e+03, 9.55005554e+02, 1.09018042e+03, 9.55169739e+02,
    1.11892700e+03, 9.55382568e+02, 1.14816370e+03, 9.55734924e+02,
    1.17732056e+03, 9.56371460e+02, 1.06115125e+03, 9.83367004e+02,
    1.09003333e+03, 9.83482361e+02, 1.11882361e+03, 9.83792480e+02,
    1.14791882e+03, 9.84260559e+02, 1.17713208e+03, 9.85001160e+02,
    1.06102380e+03, 1.01170935e+03, 1.08988135e+03, 1.01199359e+03,
    1.11864551e+03, 1.01230420e+03, 1.14775208e+03, 1.01268134e+03,
    1.17682263e+03, 1.01334509e+03, 1.06091272e+03, 1.03994214e+03,
    1.08974487e+03, 1.04024878e+03, 1.11853845e+03, 1.04056592e+03,
    1.14763269e+03, 1.04113330e+03, 1.17670544e+03, 1.04181750e+03,
    1.06078552e+03, 1.06832678e+03, 1.08968359e+03, 1.06867419e+03,
    1.11844836e+03, 1.06919788e+03, 1.14748767e+03, 1.06964392e+03,
    1.17646423e+03, 1.07030322e+03 ]
