%YAML:1.0
---
points: [ 1.02016895e+03, 8.97449463e+02, 1.04892041e+03, 8.97435608e+02,
    1.07783765e+03, 8.97540588e+02, 1.10675549e+03, 8.97759827e+02,
    1.13589514e+03, 8.98128906e+02, 1.02010327e+03, 9.25522461e+02,
    1.04881653e+03, 9.25503845e+02, 1.07770740e+03, 9.25627625e+02,
    1.10660388e+03, 9.25913208e+02, 1.13566968e+03, 9.26416260e+02,
    1.02007281e+03, 9.53921570e+02, 1.04874670e+03, 9.53872559e+02,
    1.07762878e+03, 9.54061523e+02, 1.10650989e+03, 9.54334473e+02,
    1.13554114e+03, 9.54774902e+02, 1.02002771e+03, 9.82124817e+02,
    1.04869897e+03, 9.82154236e+02, 1.07753711e+03, 9.82227661e+02,
    1.10644360e+03, 9.82514709e+02, 1.13540869e+03, 9.83159912e+02,
    1.01988739e+03, 1.01049237e+03, 1.04859656e+03, 1.01051770e+03,
    1.07742065e+03, 1.01066516e+03, 1.10633557e+03, 1.01108887e+03,
    1.13520398e+03, 1.01159729e+03, 1.01990912e+03, 1.03869275e+03,
    1.04851953e+03, 1.03879199e+03, 1.07731055e+03, 1.03908105e+03,
    1.10623926e+03, 1.03938733e+03, 1.13509875e+03, 1.03983997e+03,
    1.01982428e+03, 1.06698511e+03, 1.04847949e+03, 1.06712988e+03,
    1.07720312e+03, 1.06735864e+03, 1.10613452e+03, 1.06770959e+03,
    1.13481372e+03, 1.06826721e+03 ]
