%YAML:1.0
---
points: [ 9.63602844e+02, 8.95784424e+02, 9.92229736e+02, 8.95594116e+02,
    1.02104877e+03, 8.95425598e+02, 1.04957166e+03, 8.95458435e+02,
    1.07850342e+03, 8.95581543e+02, 9.63610596e+02, 9.23657837e+02,
    9.92223145e+02, 9.23456360e+02, 1.02100543e+03, 9.23403381e+02,
    1.04951990e+03, 9.23403442e+02, 1.07842554e+03, 9.23570923e+02,
    9.63651855e+02, 9.51809265e+02, 9.92207031e+02, 9.51594421e+02,
    1.02094659e+03, 9.51469604e+02, 1.04945312e+03, 9.51524841e+02,
    1.07833008e+03, 9.51753601e+02, 9.63650574e+02, 9.80217590e+02,
    9.92181396e+02, 9.79892761e+02, 1.02087854e+03, 9.79784302e+02,
    1.04940674e+03, 9.79869934e+02, 1.07823560e+03, 9.80213257e+02,
    9.63641113e+02, 1.00816840e+03, 9.92151001e+02, 1.00792590e+03,
    1.02081702e+03, 1.00783594e+03, 1.04933801e+03, 1.00791388e+03,
    1.07808484e+03, 1.00824774e+03, 9.63672241e+02, 1.03629333e+03,
    9.92132080e+02, 1.03616235e+03, 1.02078259e+03, 1.03606653e+03,
    1.04926868e+03, 1.03614465e+03, 1.07798547e+03, 1.03642725e+03,
    9.63612122e+02, 1.06459875e+03, 9.92062561e+02, 1.06444287e+03,
    1.02074158e+03, 1.06444409e+03, 1.04923364e+03, 1.06448560e+03,
    1.07784827e+03, 1.06468323e+03 ]
