%YAML:1.0
---
points: [ 9.17980713e+02, 8.96419006e+02, 9.46823608e+02, 8.96215698e+02,
    9.75525574e+02, 8.96057800e+02, 1.00435382e+03, 8.96019592e+02,
    1.03323303e+03, 8.96163147e+02, 9.18115723e+02, 9.24361572e+02,
    9.46907471e+02, 9.24100647e+02, 9.75557373e+02, 9.23913330e+02,
    1.00430188e+03, 9.23974060e+02, 1.03320129e+03, 9.24087708e+02,
    9.18202759e+02, 9.52577759e+02, 9.46951904e+02, 9.52289978e+02,
    9.75580688e+02, 9.52120300e+02, 1.00430994e+03, 9.52200562e+02,
    1.03313818e+03, 9.52370667e+02, 9.18295044e+02, 9.80787598e+02,
    9.47051697e+02, 9.80578369e+02, 9.75546814e+02, 9.80490845e+02,
    1.00429663e+03, 9.80536621e+02, 1.03305676e+03, 9.80757568e+02,
    9.18311401e+02, 1.00889996e+03, 9.47038940e+02, 1.00870593e+03,
    9.75563232e+02, 1.00855316e+03, 1.00425513e+03, 1.00864789e+03,
    1.03295032e+03, 1.00887079e+03, 9.18357239e+02, 1.03728687e+03,
    9.47066223e+02, 1.03716895e+03, 9.75584473e+02, 1.03700452e+03,
    1.00418268e+03, 1.03711389e+03, 1.03290247e+03, 1.03732153e+03,
    9.18364441e+02, 1.06538806e+03, 9.47030212e+02, 1.06525488e+03,
    9.75510010e+02, 1.06524609e+03, 1.00416675e+03, 1.06529492e+03,
    1.03281177e+03, 1.06546216e+03 ]
