%YAML:1.0
---
points: [ 8.76099121e+02, 8.97000549e+02, 9.04963745e+02, 8.96701294e+02,
    9.33747498e+02, 8.96630432e+02, 9.62617371e+02, 8.96626038e+02,
    9.91508850e+02, 8.96715820e+02, 8.76299072e+02, 9.25128906e+02,
    9.05217346e+02, 9.24758789e+02, 9.33847351e+02, 9.24649658e+02,
    9.62669312e+02, 9.24691406e+02, 9.91527344e+02, 9.24883667e+02,
    8.76473633e+02, 9.53428040e+02, 9.05300354e+02, 9.53207520e+02,
    9.33928406e+02, 9.53047180e+02, 9.62763184e+02, 9.53144592e+02,
    9.91502930e+02, 9.53316406e+02, 8.76543823e+02, 9.81564270e+02,
    9.05388000e+02, 9.81364197e+02, 9.34048218e+02, 9.81291077e+02,
    9.62768005e+02, 9.81371582e+02, 9.91500366e+02, 9.81529907e+02,
    8.76618774e+02, 1.00973413e+03, 9.05476990e+02, 1.00947003e+03,
    9.34058838e+02, 1.00940955e+03, 9.62786011e+02, 1.00948450e+03,
    9.91469116e+02, 1.00976801e+03, 8.76750732e+02, 1.03807666e+03,
    9.05484680e+02, 1.03785706e+03, 9.34103455e+02, 1.03781421e+03,
    9.62762573e+02, 1.03791809e+03, 9.91476074e+02, 1.03826050e+03,
    8.76741150e+02, 1.06629077e+03, 9.05463623e+02, 1.06620203e+03,
    9.34051331e+02, 1.06619666e+03, 9.62795898e+02, 1.06622021e+03,
    9.91422241e+02, 1.06641748e+03 ]
