%YAML:1.0
---
points: [ 8.33356750e+02, 8.97815308e+02, 8.62279785e+02, 8.97584778e+02,
    8.91328918e+02, 8.97474976e+02, 9.20174255e+02, 8.97496155e+02,
    9.49204468e+02, 8.97634460e+02, 8.33520935e+02, 9.26090332e+02,
    8.62551331e+02, 9.25685913e+02, 8.91438110e+02, 9.25623779e+02,
    9.20314026e+02, 9.25660767e+02, 9.49251282e+02, 9.25788269e+02,
    8.33725403e+02, 9.54355530e+02, 8.62753540e+02, 9.54152588e+02,
    8.91540588e+02, 9.54036011e+02, 9.20411682e+02, 9.54126160e+02,
    9.49325684e+02, 9.54312561e+02, 8.33974670e+02, 9.82523743e+02,
    8.62889343e+02, 9.82334045e+02, 8.91706909e+02, 9.82228027e+02,
    9.20506165e+02, 9.82344238e+02, 9.49345032e+02, 9.82549866e+02,
    8.34165039e+02, 1.01094543e+03, 8.63135437e+02, 1.01076257e+03,
    8.91727173e+02, 1.01065485e+03, 9.20576111e+02, 1.01078644e+03,
    9.49349487e+02, 1.01111523e+03, 8.34340942e+02, 1.03921240e+03,
    8.63169983e+02, 1.03911426e+03, 8.91794739e+02, 1.03906592e+03,
    9.20577393e+02, 1.03922571e+03, 9.49374084e+02, 1.03937317e+03,
    8.34383484e+02, 1.06749622e+03, 8.63193909e+02, 1.06738757e+03,
    8.91805908e+02, 1.06738501e+03, 9.20607910e+02, 1.06751392e+03,
    9.49333252e+02, 1.06774011e+03 ]
