%YAML:1.0
---
points: [ 7.76421814e+02, 8.98866394e+02, 8.05521912e+02, 8.98685242e+02,
    8.34427856e+02, 8.98640320e+02, 8.63500183e+02, 8.98653198e+02,
    8.92412415e+02, 8.98755615e+02, 7.76765991e+02, 9.27271790e+02,
    8.05849854e+02, 9.27061157e+02, 8.34755005e+02, 9.26962769e+02,
    8.63708008e+02, 9.27111694e+02, 8.92585938e+02, 9.27257202e+02,
    7.77213745e+02, 9.55517029e+02, 8.06213684e+02, 9.55368591e+02,
    8.35000854e+02, 9.55299561e+02, 8.63911682e+02, 9.55384338e+02,
    8.92742065e+02, 9.55611938e+02, 7.77472412e+02, 9.83973450e+02,
    8.06433533e+02, 9.83722473e+02, 8.35244080e+02, 9.83739319e+02,
    8.64160950e+02, 9.83864990e+02, 8.92937378e+02, 9.84231934e+02,
    7.77731506e+02, 1.01232703e+03, 8.06557190e+02, 1.01223584e+03,
    8.35423218e+02, 1.01220911e+03, 8.64341187e+02, 1.01235736e+03,
    8.93081726e+02, 1.01262744e+03, 7.77984131e+02, 1.04053076e+03,
    8.06679382e+02, 1.04049976e+03, 8.35544006e+02, 1.04050256e+03,
    8.64442139e+02, 1.04067041e+03, 8.93188171e+02, 1.04104810e+03,
    7.78166870e+02, 1.06905676e+03, 8.06834778e+02, 1.06900891e+03,
    8.35664429e+02, 1.06921326e+03, 8.64483215e+02, 1.06938818e+03,
    8.93219910e+02, 1.06963428e+03 ]
