%YAML:1.0
---
points: [ 7.24518005e+02, 9.00616272e+02, 7.53803406e+02, 9.00478027e+02,
    7.82840454e+02, 9.00397278e+02, 8.11892883e+02, 9.00498230e+02,
    8.41104736e+02, 9.00699341e+02, 7.25071472e+02, 9.28896240e+02,
    7.54337585e+02, 9.28705627e+02, 7.83301392e+02, 9.28716248e+02,
    8.12286682e+02, 9.28811829e+02, 8.41400146e+02, 9.29133850e+02,
    7.25620728e+02, 9.57262085e+02, 7.54596619e+02, 9.57181274e+02,
    7.83660400e+02, 9.57200745e+02, 8.12546936e+02, 9.57274536e+02,
    8.41640442e+02, 9.57630554e+02, 7.26035278e+02, 9.85782532e+02,
    7.54898193e+02, 9.85716187e+02, 7.84010986e+02, 9.85712280e+02,
    8.12760681e+02, 9.85881714e+02, 8.41851135e+02, 9.86252930e+02,
    7.26341187e+02, 1.01414697e+03, 7.55260376e+02, 1.01409155e+03,
    7.84235596e+02, 1.01415411e+03, 8.12989441e+02, 1.01426587e+03,
    8.41994873e+02, 1.01472028e+03, 7.26622131e+02, 1.04265735e+03,
    7.55440125e+02, 1.04270398e+03, 7.84452881e+02, 1.04272424e+03,
    8.13145447e+02, 1.04309314e+03, 8.42100403e+02, 1.04344092e+03,
    7.26823120e+02, 1.07110083e+03, 7.55599609e+02, 1.07115723e+03,
    7.84555664e+02, 1.07128284e+03, 8.13257263e+02, 1.07146985e+03,
    8.42256714e+02, 1.07190051e+03 ]
