%YAML:1.0
---
points: [ 6.80275635e+02, 9.00068481e+02, 7.09298645e+02, 8.99842346e+02,
    7.38509644e+02, 8.99775330e+02, 7.67507996e+02, 8.99809937e+02,
    7.96564941e+02, 9.00041687e+02, 6.80725281e+02, 9.28389343e+02,
    7.09862305e+02, 9.28230042e+02, 7.39013184e+02, 9.28163818e+02,
    7.67912537e+02, 9.28282471e+02, 7.96852722e+02, 9.28381531e+02,
    6.81299194e+02, 9.56681519e+02, 7.10392029e+02, 9.56488708e+02,
    7.39362305e+02, 9.56439026e+02, 7.68310547e+02, 9.56543518e+02,
    7.97271423e+02, 9.56810364e+02, 6.81653442e+02, 9.85234741e+02,
    7.10708008e+02, 9.85077942e+02, 7.39600891e+02, 9.84972656e+02,
    7.68607056e+02, 9.85221497e+02, 7.97452576e+02, 9.85435913e+02,
    6.82068481e+02, 1.01343640e+03, 7.11035400e+02, 1.01334424e+03,
    7.39866211e+02, 1.01329895e+03, 7.68814758e+02, 1.01350879e+03,
    7.97558655e+02, 1.01384058e+03, 6.82346741e+02, 1.04182178e+03,
    7.11304565e+02, 1.04175610e+03, 7.40131836e+02, 1.04184692e+03,
    7.68985962e+02, 1.04217114e+03, 7.97727600e+02, 1.04248669e+03,
    6.82576233e+02, 1.07028015e+03, 7.11464233e+02, 1.07029492e+03,
    7.40224182e+02, 1.07038171e+03, 7.69150452e+02, 1.07058398e+03,
    7.97866333e+02, 1.07095984e+03 ]
