%YAML:1.0
---
points: [ 6.26422791e+02, 8.99659790e+02, 6.55508484e+02, 8.99407532e+02,
    6.84802124e+02, 8.99237549e+02, 7.13770264e+02, 8.99288086e+02,
    7.42848267e+02, 8.99391968e+02, 6.26958923e+02, 9.28003418e+02,
    6.56164124e+02, 9.27699036e+02, 6.85399658e+02, 9.27570496e+02,
    7.14208496e+02, 9.27621216e+02, 7.43271912e+02, 9.27762207e+02,
    6.27566895e+02, 9.56196777e+02, 6.56652222e+02, 9.55858032e+02,
    6.85680176e+02, 9.55806519e+02, 7.14608337e+02, 9.55820679e+02,
    7.43557129e+02, 9.56127258e+02, 6.28091431e+02, 9.84588562e+02,
    6.57050964e+02, 9.84424500e+02, 6.86078918e+02, 9.84294189e+02,
    7.14904297e+02, 9.84408813e+02, 7.43820496e+02, 9.84671204e+02,
    6.28441589e+02, 1.01281775e+03, 6.57428650e+02, 1.01270898e+03,
    6.86338989e+02, 1.01263031e+03, 7.15272888e+02, 1.01271411e+03,
    7.44126648e+02, 1.01302289e+03, 6.28778503e+02, 1.04110083e+03,
    6.57781189e+02, 1.04101917e+03, 6.86559143e+02, 1.04108630e+03,
    7.15414856e+02, 1.04120215e+03, 7.44229065e+02, 1.04144861e+03,
    6.29096924e+02, 1.06956201e+03, 6.58009033e+02, 1.06953394e+03,
    6.86658875e+02, 1.06957483e+03, 7.15532166e+02, 1.06971130e+03,
    7.44326782e+02, 1.06993494e+03 ]
