%YAML:1.0
---
points: [ 5.75299988e+02, 9.00285645e+02, 6.04674377e+02, 9.00157532e+02,
    6.33839050e+02, 9.00089417e+02, 6.62960388e+02, 9.00144897e+02,
    6.92073608e+02, 9.00285461e+02, 5.76039185e+02, 9.28565735e+02,
    6.05424072e+02, 9.28415100e+02, 6.34531433e+02, 9.28380493e+02,
    6.63542236e+02, 9.28452026e+02, 6.92439758e+02, 9.28644470e+02,
    5.76629456e+02, 9.56826843e+02, 6.05990906e+02, 9.56669312e+02,
    6.35074890e+02, 9.56670715e+02, 6.63906372e+02, 9.56789124e+02,
    6.92787720e+02, 9.57102417e+02, 5.77305542e+02, 9.85356140e+02,
    6.06459412e+02, 9.85235901e+02, 6.35395935e+02, 9.85255066e+02,
    6.64375366e+02, 9.85373901e+02, 6.93200623e+02, 9.85652649e+02,
    5.77726501e+02, 1.01358380e+03, 6.06789795e+02, 1.01346301e+03,
    6.35809265e+02, 1.01351422e+03, 6.64673035e+02, 1.01369727e+03,
    6.93439758e+02, 1.01405591e+03, 5.78245300e+02, 1.04190369e+03,
    6.07152893e+02, 1.04187732e+03, 6.36167603e+02, 1.04202942e+03,
    6.64783752e+02, 1.04231677e+03, 6.93626953e+02, 1.04262317e+03,
    5.78628540e+02, 1.07026392e+03, 6.07364441e+02, 1.07029260e+03,
    6.36354431e+02, 1.07042419e+03, 6.65040710e+02, 1.07071191e+03,
    6.93795166e+02, 1.07108716e+03 ]
