%YAML:1.0
---
points: [ 5.32721985e+02, 8.99857971e+02, 5.61905945e+02, 8.99785156e+02,
    5.91135010e+02, 8.99771790e+02, 6.20126221e+02, 8.99928467e+02,
    6.49161438e+02, 9.00216675e+02, 5.33634705e+02, 9.28210999e+02,
    5.62872498e+02, 9.28033386e+02, 5.91816406e+02, 9.28136597e+02,
    6.20776367e+02, 9.28271423e+02, 6.49692810e+02, 9.28479431e+02,
    5.34365906e+02, 9.56347656e+02, 5.63567261e+02, 9.56285645e+02,
    5.92466980e+02, 9.56334229e+02, 6.21399414e+02, 9.56531677e+02,
    6.50192078e+02, 9.56834900e+02, 5.34988037e+02, 9.84730774e+02,
    5.64211487e+02, 9.84711548e+02, 5.92936401e+02, 9.84823914e+02,
    6.21810791e+02, 9.85141541e+02, 6.50476135e+02, 9.85439453e+02,
    5.35629578e+02, 1.01299963e+03, 5.64658142e+02, 1.01297906e+03,
    5.93386353e+02, 1.01314160e+03, 6.22233154e+02, 1.01342993e+03,
    6.50789795e+02, 1.01380634e+03, 5.36300903e+02, 1.04119482e+03,
    5.65019592e+02, 1.04129724e+03, 5.93762451e+02, 1.04147534e+03,
    6.22490295e+02, 1.04183862e+03, 6.51201477e+02, 1.04237061e+03,
    5.36723206e+02, 1.06958496e+03, 5.65411316e+02, 1.06970178e+03,
    5.94109436e+02, 1.07001062e+03, 6.22761536e+02, 1.07025305e+03,
    6.51402283e+02, 1.07070789e+03 ]
