%YAML:1.0
---
points: [ 5.24643433e+02, 8.99626709e+02, 5.54102173e+02, 8.99510925e+02,
    5.83155518e+02, 8.99450989e+02, 6.12197876e+02, 8.99561157e+02,
    6.41260986e+02, 8.99725769e+02, 5.25650757e+02, 9.27837769e+02,
    5.54820068e+02, 9.27757751e+02, 5.84148926e+02, 9.27771118e+02,
    6.12871948e+02, 9.27866638e+02, 6.41803955e+02, 9.28186890e+02,
    5.26513306e+02, 9.56030334e+02, 5.55558167e+02, 9.55883667e+02,
    5.84714050e+02, 9.55922729e+02, 6.13438843e+02, 9.56174927e+02,
    6.42315857e+02, 9.56467224e+02, 5.27260315e+02, 9.84411499e+02,
    5.56158875e+02, 9.84361084e+02, 5.85271667e+02, 9.84390625e+02,
    6.13848022e+02, 9.84616882e+02, 6.42814331e+02, 9.85054810e+02,
    5.27767883e+02, 1.01265625e+03, 5.56685547e+02, 1.01262372e+03,
    5.85647949e+02, 1.01266199e+03, 6.14271912e+02, 1.01287891e+03,
    6.43138306e+02, 1.01333490e+03, 5.28358765e+02, 1.04077319e+03,
    5.57217468e+02, 1.04081445e+03, 5.86014343e+02, 1.04106262e+03,
    6.14555237e+02, 1.04130420e+03, 6.43338562e+02, 1.04175842e+03,
    5.28769104e+02, 1.06922815e+03, 5.57546692e+02, 1.06930261e+03,
    5.86270081e+02, 1.06952747e+03, 6.14823181e+02, 1.06979590e+03,
    6.43541565e+02, 1.07025659e+03 ]
