%YAML:1.0
---
points: [ 5.12873047e+02, 8.99126038e+02, 5.42304810e+02, 8.98932434e+02,
    5.71279297e+02, 8.98808167e+02, 6.00454834e+02, 8.98832275e+02,
    6.29358887e+02, 8.99056885e+02, 5.13806519e+02, 9.27375610e+02,
    5.43069458e+02, 9.27262146e+02, 5.72172546e+02, 9.27203186e+02,
    6.01167053e+02, 9.27287659e+02, 6.29965576e+02, 9.27451660e+02,
    5.14635315e+02, 9.55507568e+02, 5.43757080e+02, 9.55413635e+02,
    5.72820679e+02, 9.55389709e+02, 6.01677917e+02, 9.55476257e+02,
    6.30502014e+02, 9.55703125e+02, 5.15450562e+02, 9.83830017e+02,
    5.44396545e+02, 9.83714417e+02, 5.73469971e+02, 9.83776733e+02,
    6.02161682e+02, 9.83851135e+02, 6.31030640e+02, 9.84231262e+02,
    5.16181763e+02, 1.01213361e+03, 5.44928162e+02, 1.01213501e+03,
    5.73898438e+02, 1.01212079e+03, 6.02619629e+02, 1.01225446e+03,
    6.31436890e+02, 1.01254980e+03, 5.16780945e+02, 1.04017639e+03,
    5.45410767e+02, 1.04022375e+03, 5.74362915e+02, 1.04029736e+03,
    6.02909302e+02, 1.04050085e+03, 6.31690063e+02, 1.04084583e+03,
    5.17269531e+02, 1.06842932e+03, 5.45803284e+02, 1.06849072e+03,
    5.74605896e+02, 1.06867493e+03, 6.03209351e+02, 1.06898059e+03,
    6.31905029e+02, 1.06932861e+03 ]
