%YAML:1.0
---
points: [ 4.84418396e+02, 8.99667236e+02, 5.13612183e+02, 8.99507202e+02,
    5.42846924e+02, 8.99464661e+02, 5.71782593e+02, 8.99548157e+02,
    6.01055054e+02, 8.99672668e+02, 4.85430206e+02, 9.27917969e+02,
    5.14583252e+02, 9.27752686e+02, 5.43799561e+02, 9.27744751e+02,
    5.72693298e+02, 9.27871704e+02, 6.01680542e+02, 9.28157410e+02,
    4.86255585e+02, 9.56141968e+02, 5.15521851e+02, 9.55902710e+02,
    5.44486023e+02, 9.55909912e+02, 5.73377930e+02, 9.56121033e+02,
    6.02255920e+02, 9.56325684e+02, 4.87126038e+02, 9.84433472e+02,
    5.16326660e+02, 9.84337524e+02, 5.45153015e+02, 9.84370544e+02,
    5.74044250e+02, 9.84571594e+02, 6.02717529e+02, 9.84865479e+02,
    4.87759918e+02, 1.01265167e+03, 5.16923584e+02, 1.01259845e+03,
    5.45636230e+02, 1.01263971e+03, 5.74485535e+02, 1.01281256e+03,
    6.03134644e+02, 1.01319537e+03, 4.88567383e+02, 1.04075293e+03,
    5.17427673e+02, 1.04076636e+03, 5.46142151e+02, 1.04086902e+03,
    5.74803650e+02, 1.04116528e+03, 6.03442383e+02, 1.04157202e+03,
    4.89180603e+02, 1.06920386e+03, 5.17798035e+02, 1.06921362e+03,
    5.46474365e+02, 1.06940234e+03, 5.75241211e+02, 1.06970190e+03,
    6.03762451e+02, 1.06999146e+03 ]
