%YAML:1.0
---
points: [ 4.63600220e+02, 9.00067932e+02, 4.92681732e+02, 8.99859497e+02,
    5.22044250e+02, 8.99830017e+02, 5.50858215e+02, 9.00023926e+02,
    5.80083008e+02, 9.00194824e+02, 4.64604553e+02, 9.28270142e+02,
    4.93860016e+02, 9.28176208e+02, 5.22831299e+02, 9.28189026e+02,
    5.51800781e+02, 9.28324402e+02, 5.80822083e+02, 9.28470825e+02,
    4.65534454e+02, 9.56414978e+02, 4.94673218e+02, 9.56333496e+02,
    5.23696594e+02, 9.56331909e+02, 5.52613464e+02, 9.56486023e+02,
    5.81377625e+02, 9.56776917e+02, 4.66417419e+02, 9.84759644e+02,
    4.95488892e+02, 9.84695679e+02, 5.24338074e+02, 9.84793884e+02,
    5.53202454e+02, 9.85028076e+02, 5.81821289e+02, 9.85379028e+02,
    4.67171814e+02, 1.01294263e+03, 4.96183105e+02, 1.01290613e+03,
    5.24915466e+02, 1.01307739e+03, 5.53771790e+02, 1.01329510e+03,
    5.82375610e+02, 1.01371088e+03, 4.68056091e+02, 1.04116150e+03,
    4.96681000e+02, 1.04124304e+03, 5.25578857e+02, 1.04136877e+03,
    5.54219849e+02, 1.04171423e+03, 5.82777527e+02, 1.04226758e+03,
    4.68586456e+02, 1.06949487e+03, 4.97210815e+02, 1.06961621e+03,
    5.25893005e+02, 1.06981519e+03, 5.54558167e+02, 1.07020117e+03,
    5.83188354e+02, 1.07053113e+03 ]
