%YAML:1.0
---
points: [ 4.53264679e+02, 9.00150757e+02, 4.82442627e+02, 9.00025146e+02,
    5.11811249e+02, 8.99984436e+02, 5.40670532e+02, 9.00098083e+02,
    5.69739929e+02, 9.00278076e+02, 4.54423828e+02, 9.28357300e+02,
    4.83664185e+02, 9.28247314e+02, 5.12713379e+02, 9.28255310e+02,
    5.41611023e+02, 9.28372620e+02, 5.70505005e+02, 9.28532959e+02,
    4.55357910e+02, 9.56504395e+02, 4.84615814e+02, 9.56431946e+02,
    5.13583069e+02, 9.56400391e+02, 5.42451233e+02, 9.56621704e+02,
    5.71172607e+02, 9.56853577e+02, 4.56290680e+02, 9.84869080e+02,
    4.85408752e+02, 9.84787476e+02, 5.14291504e+02, 9.84937012e+02,
    5.43020691e+02, 9.85200562e+02, 5.71709412e+02, 9.85481995e+02,
    4.57114044e+02, 1.01307343e+03, 4.86033417e+02, 1.01303827e+03,
    5.14884216e+02, 1.01319745e+03, 5.43659729e+02, 1.01340631e+03,
    5.72322510e+02, 1.01375360e+03, 4.57979095e+02, 1.04123486e+03,
    4.86660889e+02, 1.04130554e+03, 5.15547607e+02, 1.04148425e+03,
    5.44106262e+02, 1.04180420e+03, 5.72750793e+02, 1.04229211e+03,
    4.58637573e+02, 1.06955188e+03, 4.87216370e+02, 1.06970325e+03,
    5.15951050e+02, 1.06992200e+03, 5.44420837e+02, 1.07025269e+03,
    5.73222473e+02, 1.07063855e+03 ]
