%YAML:1.0
---
points: [ 4.31113953e+02, 9.00212402e+02, 4.60400238e+02, 9.00162537e+02,
    4.89668365e+02, 9.00131226e+02, 5.18581604e+02, 9.00139587e+02,
    5.47753601e+02, 9.00297363e+02, 4.32383759e+02, 9.28453674e+02,
    4.61552216e+02, 9.28315491e+02, 4.90745911e+02, 9.28290222e+02,
    5.19499207e+02, 9.28360107e+02, 5.48550720e+02, 9.28597168e+02,
    4.33422852e+02, 9.56626038e+02, 4.62504120e+02, 9.56528320e+02,
    4.91672333e+02, 9.56564636e+02, 5.20500488e+02, 9.56658264e+02,
    5.49267090e+02, 9.56917786e+02, 4.34392975e+02, 9.85054260e+02,
    4.63536896e+02, 9.84864990e+02, 4.92343903e+02, 9.84927795e+02,
    5.21258850e+02, 9.85170776e+02, 5.49838867e+02, 9.85497009e+02,
    4.35191193e+02, 1.01317914e+03, 4.64246582e+02, 1.01317908e+03,
    4.93098389e+02, 1.01320862e+03, 5.21818298e+02, 1.01342255e+03,
    5.50439514e+02, 1.01377338e+03, 4.36087067e+02, 1.04132178e+03,
    4.64899414e+02, 1.04135657e+03, 4.93698608e+02, 1.04151477e+03,
    5.22370911e+02, 1.04180762e+03, 5.50899048e+02, 1.04232275e+03,
    4.36826630e+02, 1.06962268e+03, 4.65435333e+02, 1.06975049e+03,
    4.94136627e+02, 1.06994592e+03, 5.22776062e+02, 1.07021729e+03,
    5.51414185e+02, 1.07058411e+03 ]
