%YAML:1.0
---
points: [ 4.03911835e+02, 9.00747070e+02, 4.33388062e+02, 9.00582092e+02,
    4.62537933e+02, 9.00534119e+02, 4.91595123e+02, 9.00610474e+02,
    5.20708008e+02, 9.00732239e+02, 4.05414917e+02, 9.28884338e+02,
    4.34567932e+02, 9.28725342e+02, 4.63865112e+02, 9.28762634e+02,
    4.92629333e+02, 9.28823975e+02, 5.21678284e+02, 9.29067810e+02,
    4.06527496e+02, 9.57166565e+02, 4.35595673e+02, 9.57089050e+02,
    4.64808167e+02, 9.57009521e+02, 4.93570190e+02, 9.57163452e+02,
    5.22494995e+02, 9.57495789e+02, 4.07532410e+02, 9.85528931e+02,
    4.36683716e+02, 9.85474121e+02, 4.65589874e+02, 9.85521667e+02,
    4.94399445e+02, 9.85684448e+02, 5.23181152e+02, 9.86012573e+02,
    4.08439636e+02, 1.01367896e+03, 4.37526550e+02, 1.01366138e+03,
    4.66407684e+02, 1.01369861e+03, 4.95211060e+02, 1.01402112e+03,
    5.23717529e+02, 1.01429144e+03, 4.09474915e+02, 1.04187500e+03,
    4.38308624e+02, 1.04202234e+03, 4.66987610e+02, 1.04218640e+03,
    4.95634247e+02, 1.04247778e+03, 5.24252014e+02, 1.04285010e+03,
    4.10249329e+02, 1.07015112e+03, 4.38809967e+02, 1.07025989e+03,
    4.67526459e+02, 1.07048132e+03, 4.96224182e+02, 1.07075635e+03,
    5.24759033e+02, 1.07122681e+03 ]
