%YAML:1.0
---
points: [ 3.81280457e+02, 9.01193787e+02, 4.10613586e+02, 9.01070435e+02,
    4.39849976e+02, 9.01071167e+02, 4.68818451e+02, 9.01164917e+02,
    4.97709106e+02, 9.01332153e+02, 3.82643219e+02, 9.29290039e+02,
    4.11959961e+02, 9.29233459e+02, 4.41087830e+02, 9.29230408e+02,
    4.70026306e+02, 9.29368347e+02, 4.98729095e+02, 9.29631836e+02,
    3.84108368e+02, 9.57538086e+02, 4.13110077e+02, 9.57521179e+02,
    4.42234131e+02, 9.57569092e+02, 4.70761444e+02, 9.57757019e+02,
    4.99722839e+02, 9.58204285e+02, 3.85164185e+02, 9.85861389e+02,
    4.14050720e+02, 9.85831787e+02, 4.43163635e+02, 9.86033386e+02,
    4.71742920e+02, 9.86256531e+02, 5.00543335e+02, 9.86636230e+02,
    3.86172668e+02, 1.01418433e+03, 4.15087036e+02, 1.01417499e+03,
    4.43881317e+02, 1.01427014e+03, 4.72464417e+02, 1.01453717e+03,
    5.01237885e+02, 1.01501953e+03, 3.87128601e+02, 1.04237439e+03,
    4.15988800e+02, 1.04257996e+03, 4.44630127e+02, 1.04274561e+03,
    4.73266724e+02, 1.04310999e+03, 5.01789032e+02, 1.04355273e+03,
    3.87992188e+02, 1.07058716e+03, 4.16708466e+02, 1.07076831e+03,
    4.45197021e+02, 1.07115625e+03, 4.73780823e+02, 1.07138904e+03,
    5.02400848e+02, 1.07176318e+03 ]
