%YAML:1.0
---
points: [ 3.57990479e+02, 8.97836731e+02, 3.86817902e+02, 8.97746094e+02,
    4.16048584e+02, 8.97676880e+02, 4.44642334e+02, 8.97754883e+02,
    4.73587860e+02, 8.97791504e+02, 3.59397400e+02, 9.25843506e+02,
    3.88277283e+02, 9.25704590e+02, 4.17355469e+02, 9.25671204e+02,
    4.45845551e+02, 9.25738403e+02, 4.74593262e+02, 9.25917114e+02,
    3.60643707e+02, 9.53907166e+02, 3.89632751e+02, 9.53822205e+02,
    4.18390625e+02, 9.53930481e+02, 4.47064819e+02, 9.54124756e+02,
    4.75533508e+02, 9.54317871e+02, 3.61728302e+02, 9.81979553e+02,
    3.90678650e+02, 9.81825500e+02, 4.19397827e+02, 9.81873291e+02,
    4.48000031e+02, 9.82081116e+02, 4.76348236e+02, 9.82341614e+02,
    3.62980225e+02, 1.00993811e+03, 3.91616486e+02, 1.00989160e+03,
    4.20247314e+02, 1.01003992e+03, 4.48691315e+02, 1.01027539e+03,
    4.77103943e+02, 1.01068604e+03, 3.64144745e+02, 1.03795166e+03,
    3.92482788e+02, 1.03806226e+03, 4.21174377e+02, 1.03818823e+03,
    4.49358826e+02, 1.03847253e+03, 4.77723480e+02, 1.03879089e+03,
    3.64862885e+02, 1.06590210e+03, 3.93160156e+02, 1.06607910e+03,
    4.21715851e+02, 1.06628906e+03, 4.49935516e+02, 1.06649695e+03,
    4.78477692e+02, 1.06681152e+03 ]
