%YAML:1.0
---
points: [ 3.53343170e+02, 8.97733765e+02, 3.82454559e+02, 8.97579407e+02,
    4.11569489e+02, 8.97510803e+02, 4.40280548e+02, 8.97518127e+02,
    4.69226196e+02, 8.97633362e+02, 3.54769684e+02, 9.25666382e+02,
    3.83970001e+02, 9.25509827e+02, 4.12837036e+02, 9.25450195e+02,
    4.41581360e+02, 9.25532654e+02, 4.70299774e+02, 9.25666199e+02,
    3.56084198e+02, 9.53830383e+02, 3.85170410e+02, 9.53705261e+02,
    4.13900726e+02, 9.53718201e+02, 4.42624542e+02, 9.53813232e+02,
    4.71033905e+02, 9.54011108e+02, 3.57470001e+02, 9.81746521e+02,
    3.86249817e+02, 9.81680725e+02, 4.14939636e+02, 9.81692139e+02,
    4.43578186e+02, 9.81757996e+02, 4.71917938e+02, 9.82129700e+02,
    3.58524139e+02, 1.00969250e+03, 3.87095123e+02, 1.00967737e+03,
    4.15932098e+02, 1.00971368e+03, 4.44337921e+02, 1.00997253e+03,
    4.72783478e+02, 1.01035822e+03, 3.59587372e+02, 1.03776086e+03,
    3.88048492e+02, 1.03783875e+03, 4.16716522e+02, 1.03792969e+03,
    4.45016907e+02, 1.03819543e+03, 4.73501007e+02, 1.03853174e+03,
    3.60400726e+02, 1.06572119e+03, 3.88793274e+02, 1.06577441e+03,
    4.17307709e+02, 1.06606067e+03, 4.45576233e+02, 1.06622339e+03,
    4.74124115e+02, 1.06649597e+03 ]
