%YAML:1.0
---
points: [ 3.39813019e+02, 8.97738647e+02, 3.69140930e+02, 8.97588074e+02,
    3.97964050e+02, 8.97509766e+02, 4.26782379e+02, 8.97531250e+02,
    4.55560455e+02, 8.97636780e+02, 3.41410126e+02, 9.25669495e+02,
    3.70460876e+02, 9.25510803e+02, 3.99451080e+02, 9.25454468e+02,
    4.28061707e+02, 9.25560486e+02, 4.56702362e+02, 9.25665771e+02,
    3.42910889e+02, 9.53790405e+02, 3.71641174e+02, 9.53700623e+02,
    4.00613708e+02, 9.53682373e+02, 4.29036621e+02, 9.53789124e+02,
    4.57823975e+02, 9.54024841e+02, 3.44158569e+02, 9.81734924e+02,
    3.72882050e+02, 9.81661621e+02, 4.01580688e+02, 9.81691040e+02,
    4.30087067e+02, 9.81780640e+02, 4.58718079e+02, 9.82138611e+02,
    3.45113647e+02, 1.00967102e+03, 3.74082458e+02, 1.00966376e+03,
    4.02519653e+02, 1.00967548e+03, 4.31014099e+02, 1.00987750e+03,
    4.59479370e+02, 1.01028204e+03, 3.46283508e+02, 1.03771484e+03,
    3.74793060e+02, 1.03784033e+03, 4.03266846e+02, 1.03784412e+03,
    4.31769989e+02, 1.03817236e+03, 4.60232208e+02, 1.03845325e+03,
    3.47367035e+02, 1.06563110e+03, 3.75598724e+02, 1.06573328e+03,
    4.03920685e+02, 1.06593066e+03, 4.32393494e+02, 1.06619714e+03,
    4.60645050e+02, 1.06648083e+03 ]
