%YAML:1.0
---
points: [ 3.05576874e+02, 8.98671387e+02, 3.34403076e+02, 8.98580017e+02,
    3.63432587e+02, 8.98585144e+02, 3.92179169e+02, 8.98661499e+02,
    4.21108459e+02, 8.98796082e+02, 3.07134003e+02, 9.26813843e+02,
    3.36070099e+02, 9.26762512e+02, 3.64930389e+02, 9.26695312e+02,
    3.93475494e+02, 9.26886230e+02, 4.22261627e+02, 9.27134705e+02,
    3.08623871e+02, 9.54824951e+02, 3.37567291e+02, 9.54749451e+02,
    3.66170410e+02, 9.54876892e+02, 3.94791779e+02, 9.55031433e+02,
    4.23303436e+02, 9.55306885e+02, 3.10039612e+02, 9.82770264e+02,
    3.38772675e+02, 9.82744141e+02, 3.67443604e+02, 9.82847351e+02,
    3.96038086e+02, 9.83188232e+02, 4.24284424e+02, 9.83608032e+02,
    3.11259705e+02, 1.01095856e+03, 3.39807587e+02, 1.01109784e+03,
    3.68489075e+02, 1.01121472e+03, 3.96776947e+02, 1.01141699e+03,
    4.25125824e+02, 1.01180804e+03, 3.12456848e+02, 1.03882300e+03,
    3.40841736e+02, 1.03902698e+03, 3.69450287e+02, 1.03924304e+03,
    3.97714355e+02, 1.03950549e+03, 4.26075714e+02, 1.03987634e+03,
    3.13485413e+02, 1.06672217e+03, 3.41837738e+02, 1.06696692e+03,
    3.70159790e+02, 1.06733215e+03, 3.98308228e+02, 1.06767603e+03,
    4.26817780e+02, 1.06811230e+03 ]
