%YAML:1.0
---
points: [ 3.02477356e+02, 8.98731628e+02, 3.31553680e+02, 8.98630371e+02,
    3.60465576e+02, 8.98615051e+02, 3.89330261e+02, 8.98735901e+02,
    4.18026093e+02, 8.98857605e+02, 3.04193176e+02, 9.26895569e+02,
    3.33118195e+02, 9.26756714e+02, 3.61960815e+02, 9.26793396e+02,
    3.90702576e+02, 9.26976990e+02, 4.19231354e+02, 9.27200012e+02,
    3.05843964e+02, 9.54914124e+02, 3.34457184e+02, 9.54814697e+02,
    3.63360474e+02, 9.54878174e+02, 3.91752930e+02, 9.55209045e+02,
    4.20333130e+02, 9.55429504e+02, 3.07181824e+02, 9.82830444e+02,
    3.35868347e+02, 9.82826965e+02, 3.64480774e+02, 9.82995178e+02,
    3.92923584e+02, 9.83265442e+02, 4.21494385e+02, 9.83643005e+02,
    3.08292664e+02, 1.01100134e+03, 3.37130829e+02, 1.01114368e+03,
    3.65492065e+02, 1.01121185e+03, 3.93832977e+02, 1.01155994e+03,
    4.22293549e+02, 1.01203534e+03, 3.09562927e+02, 1.03887976e+03,
    3.38028961e+02, 1.03911951e+03, 3.66359619e+02, 1.03934460e+03,
    3.94785797e+02, 1.03960437e+03, 4.23061707e+02, 1.04006921e+03,
    3.10750488e+02, 1.06676050e+03, 3.38970825e+02, 1.06708154e+03,
    3.67147247e+02, 1.06739563e+03, 3.95595551e+02, 1.06773364e+03,
    4.23681366e+02, 1.06824438e+03 ]
