%YAML:1.0
---
points: [ 2.48234802e+02, 8.99405396e+02, 2.76795898e+02, 8.99460449e+02,
    3.05659760e+02, 8.99581421e+02, 3.34025604e+02, 8.99793091e+02,
    3.62741302e+02, 9.00061401e+02, 2.49986130e+02, 9.27524231e+02,
    2.78791046e+02, 9.27546204e+02, 3.07335846e+02, 9.27711792e+02,
    3.35634766e+02, 9.27959473e+02, 3.64211029e+02, 9.28287048e+02,
    2.51732437e+02, 9.55464783e+02, 2.80336426e+02, 9.55565125e+02,
    3.08801575e+02, 9.55721985e+02, 3.37274292e+02, 9.56094482e+02,
    3.65371124e+02, 9.56467590e+02, 2.53436661e+02, 9.83533447e+02,
    2.81745209e+02, 9.83712280e+02, 3.10228210e+02, 9.84073120e+02,
    3.38375519e+02, 9.84373230e+02, 3.66463287e+02, 9.84828857e+02,
    2.54739075e+02, 1.01160303e+03, 2.83073486e+02, 1.01184467e+03,
    3.11363373e+02, 1.01221356e+03, 3.39476929e+02, 1.01257446e+03,
    3.67733215e+02, 1.01305774e+03, 2.56147888e+02, 1.03947168e+03,
    2.84301483e+02, 1.03973779e+03, 3.12483337e+02, 1.04021143e+03,
    3.40503082e+02, 1.04064734e+03, 3.68619568e+02, 1.04129492e+03,
    2.57293640e+02, 1.06740894e+03, 2.85394073e+02, 1.06776746e+03,
    3.13357605e+02, 1.06833728e+03, 3.41433411e+02, 1.06885803e+03,
    3.69631958e+02, 1.06952087e+03 ]
