%YAML:1.0
---
points: [ 2.48260193e+02, 8.99414734e+02, 2.76803406e+02, 8.99427246e+02,
    3.05647919e+02, 8.99540649e+02, 3.34089508e+02, 8.99759094e+02,
    3.62788361e+02, 9.00088989e+02, 2.50068863e+02, 9.27479187e+02,
    2.78806152e+02, 9.27546570e+02, 3.07297028e+02, 9.27712097e+02,
    3.35696106e+02, 9.27943176e+02, 3.64250366e+02, 9.28307434e+02,
    2.51787720e+02, 9.55440613e+02, 2.80401855e+02, 9.55525757e+02,
    3.08812469e+02, 9.55673950e+02, 3.37257965e+02, 9.56056213e+02,
    3.65387299e+02, 9.56479980e+02, 2.53446335e+02, 9.83569092e+02,
    2.81782135e+02, 9.83702454e+02, 3.10211700e+02, 9.84021973e+02,
    3.38380707e+02, 9.84370605e+02, 3.66502380e+02, 9.84822144e+02,
    2.54767136e+02, 1.01162006e+03, 2.83076294e+02, 1.01181201e+03,
    3.11424713e+02, 1.01223572e+03, 3.39454498e+02, 1.01253705e+03,
    3.67756195e+02, 1.01303644e+03, 2.56118164e+02, 1.03945874e+03,
    2.84342041e+02, 1.03970557e+03, 3.12500061e+02, 1.04015527e+03,
    3.40495636e+02, 1.04063611e+03, 3.68617981e+02, 1.04125098e+03,
    2.57397705e+02, 1.06737720e+03, 2.85445160e+02, 1.06776331e+03,
    3.13361267e+02, 1.06827747e+03, 3.41481689e+02, 1.06884265e+03,
    3.69626862e+02, 1.06951318e+03 ]
