%YAML:1.0
---
points: [ 2.18518814e+02, 8.99181641e+02, 2.47336914e+02, 8.99182312e+02,
    2.75901123e+02, 8.99268677e+02, 3.04311920e+02, 8.99560669e+02,
    3.32954163e+02, 8.99795532e+02, 2.20506729e+02, 9.27239624e+02,
    2.49155685e+02, 9.27241150e+02, 2.77605804e+02, 9.27380188e+02,
    3.06091156e+02, 9.27663757e+02, 3.34429535e+02, 9.28076904e+02,
    2.22318497e+02, 9.55230774e+02, 2.50760559e+02, 9.55283325e+02,
    2.79333527e+02, 9.55469055e+02, 3.07460083e+02, 9.55693420e+02,
    3.35812042e+02, 9.56147339e+02, 2.23843231e+02, 9.83165405e+02,
    2.52340836e+02, 9.83301941e+02, 2.80705170e+02, 9.83649597e+02,
    3.08929596e+02, 9.84064575e+02, 3.37174957e+02, 9.84521362e+02,
    2.25473404e+02, 1.01119708e+03, 2.53890381e+02, 1.01144098e+03,
    2.82066437e+02, 1.01175293e+03, 3.10231140e+02, 1.01224005e+03,
    3.38215302e+02, 1.01265900e+03, 2.27137390e+02, 1.03907336e+03,
    2.55072525e+02, 1.03937610e+03, 2.83137848e+02, 1.03967737e+03,
    3.11184540e+02, 1.04021423e+03, 3.39210419e+02, 1.04077783e+03,
    2.28350616e+02, 1.06684180e+03, 2.56102142e+02, 1.06730469e+03,
    2.84251221e+02, 1.06782288e+03, 3.12235565e+02, 1.06831824e+03,
    3.40108398e+02, 1.06906384e+03 ]
