%YAML:1.0
---
points: [ 2.02042633e+02, 8.99016724e+02, 2.30576630e+02, 8.99035339e+02,
    2.59296021e+02, 8.99217590e+02, 2.87564331e+02, 8.99432922e+02,
    3.16297333e+02, 8.99741699e+02, 2.04025299e+02, 9.27036743e+02,
    2.32708160e+02, 9.27115173e+02, 2.61193756e+02, 9.27275635e+02,
    2.89453400e+02, 9.27618652e+02, 3.17781830e+02, 9.28014771e+02,
    2.05994171e+02, 9.55037170e+02, 2.34381531e+02, 9.55181824e+02,
    2.62746429e+02, 9.55357605e+02, 2.90913361e+02, 9.55636108e+02,
    3.19130157e+02, 9.56152832e+02, 2.07481995e+02, 9.82876221e+02,
    2.35816330e+02, 9.83180115e+02, 2.64290588e+02, 9.83423889e+02,
    2.92305298e+02, 9.83834717e+02, 3.20525238e+02, 9.84367493e+02,
    2.09038712e+02, 1.01097870e+03, 2.37417389e+02, 1.01123120e+03,
    2.65523102e+02, 1.01151965e+03, 2.93601288e+02, 1.01212537e+03,
    3.21683167e+02, 1.01255896e+03, 2.10607849e+02, 1.03873157e+03,
    2.38644318e+02, 1.03920752e+03, 2.66685303e+02, 1.03952271e+03,
    2.94642609e+02, 1.03997473e+03, 3.22713867e+02, 1.04066028e+03,
    2.11961945e+02, 1.06651575e+03, 2.39794449e+02, 1.06708228e+03,
    2.67697205e+02, 1.06755591e+03, 2.95809723e+02, 1.06810498e+03,
    3.23716125e+02, 1.06879102e+03 ]
