%YAML:1.0
---
points: [ 1.97505951e+02, 8.98778381e+02, 2.26411179e+02, 8.98869995e+02,
    2.54790512e+02, 8.99123718e+02, 2.83179504e+02, 8.99365723e+02,
    3.11790924e+02, 8.99669434e+02, 1.99642792e+02, 9.26909668e+02,
    2.28291138e+02, 9.26978638e+02, 2.56607849e+02, 9.27153931e+02,
    2.85052582e+02, 9.27494873e+02, 3.13258453e+02, 9.27860535e+02,
    2.01529541e+02, 9.54821167e+02, 2.29830765e+02, 9.55007935e+02,
    2.58361694e+02, 9.55267090e+02, 2.86436371e+02, 9.55561523e+02,
    3.14484894e+02, 9.55959656e+02, 2.03159927e+02, 9.82734314e+02,
    2.31498550e+02, 9.82844971e+02, 2.59649597e+02, 9.83301636e+02,
    2.87684998e+02, 9.83734863e+02, 3.15892700e+02, 9.84304626e+02,
    2.04837112e+02, 1.01075299e+03, 2.32946869e+02, 1.01107501e+03,
    2.60875244e+02, 1.01139099e+03, 2.89125305e+02, 1.01189655e+03,
    3.17140778e+02, 1.01245880e+03, 2.06281738e+02, 1.03865466e+03,
    2.34000381e+02, 1.03899133e+03, 2.62170532e+02, 1.03940173e+03,
    2.90210205e+02, 1.03986475e+03, 3.17980957e+02, 1.04051538e+03,
    2.07322571e+02, 1.06642554e+03, 2.35208130e+02, 1.06681702e+03,
    2.63315430e+02, 1.06741663e+03, 2.91115479e+02, 1.06801868e+03,
    3.19025604e+02, 1.06863855e+03 ]
