%YAML:1.0
---
points: [ 1.53590057e+02, 8.98112976e+02, 1.82112091e+02, 8.98188293e+02,
    2.10630005e+02, 8.98334167e+02, 2.38878296e+02, 8.98668213e+02,
    2.67374390e+02, 8.99002686e+02, 1.55575165e+02, 9.25947266e+02,
    1.84303619e+02, 9.26133362e+02, 2.12578140e+02, 9.26387268e+02,
    2.40660507e+02, 9.26727966e+02, 2.69136780e+02, 9.27122742e+02,
    1.57592407e+02, 9.53924133e+02, 1.85971893e+02, 9.54189392e+02,
    2.14152344e+02, 9.54390381e+02, 2.42433502e+02, 9.54740967e+02,
    2.70506226e+02, 9.55265503e+02, 1.59319290e+02, 9.81759216e+02,
    1.87388092e+02, 9.81978943e+02, 2.15725250e+02, 9.82263916e+02,
    2.43815750e+02, 9.82729370e+02, 2.71841095e+02, 9.83330750e+02,
    1.60872635e+02, 1.00960071e+03, 1.89077133e+02, 1.00988226e+03,
    2.17152161e+02, 1.01035699e+03, 2.45116425e+02, 1.01094110e+03,
    2.73022766e+02, 1.01152441e+03, 1.62428192e+02, 1.03756470e+03,
    1.90370392e+02, 1.03786267e+03, 2.18370132e+02, 1.03827307e+03,
    2.46168137e+02, 1.03889551e+03, 2.74205231e+02, 1.03945935e+03,
    1.63755127e+02, 1.06529761e+03, 1.91587723e+02, 1.06563525e+03,
    2.19400208e+02, 1.06621484e+03, 2.47301117e+02, 1.06672607e+03,
    2.75361481e+02, 1.06744324e+03 ]
