%YAML:1.0
---
points: [ 1.28175644e+02, 8.97620239e+02, 1.56505844e+02, 8.97835327e+02,
    1.84953888e+02, 8.98243958e+02, 2.13068329e+02, 8.98512573e+02,
    2.41251282e+02, 8.98983459e+02, 1.30322784e+02, 9.25465698e+02,
    1.58646622e+02, 9.25686096e+02, 1.86727783e+02, 9.26137085e+02,
    2.14929626e+02, 9.26664429e+02, 2.43033386e+02, 9.27139160e+02,
    1.32336166e+02, 9.53511780e+02, 1.60446121e+02, 9.53723694e+02,
    1.88536575e+02, 9.54214417e+02, 2.16594254e+02, 9.54655396e+02,
    2.44368332e+02, 9.55302429e+02, 1.34136490e+02, 9.81314575e+02,
    1.61983536e+02, 9.81589294e+02, 1.90159317e+02, 9.82019714e+02,
    2.18055206e+02, 9.82552246e+02, 2.45664001e+02, 9.83305786e+02,
    1.35566925e+02, 1.00902740e+03, 1.63596436e+02, 1.00942456e+03,
    1.91477997e+02, 1.00995050e+03, 2.19225235e+02, 1.01071118e+03,
    2.47085693e+02, 1.01143915e+03, 1.37306854e+02, 1.03686279e+03,
    1.64987106e+02, 1.03742432e+03, 1.92746567e+02, 1.03791846e+03,
    2.20374435e+02, 1.03859155e+03, 2.48288940e+02, 1.03938525e+03,
    1.38492722e+02, 1.06462952e+03, 1.66157654e+02, 1.06515808e+03,
    1.93766037e+02, 1.06581519e+03, 2.21650024e+02, 1.06646582e+03,
    2.49179443e+02, 1.06725220e+03 ]
