%YAML:1.0
---
points: [ 5.49375648e+01, 8.97406067e+02, 8.30793457e+01, 8.97787903e+02,
    1.11280479e+02, 8.98260559e+02, 1.39088959e+02, 8.98787598e+02,
    1.66931244e+02, 8.99535461e+02, 5.71196251e+01, 9.25140015e+02,
    8.54053116e+01, 9.25549927e+02, 1.13279846e+02, 9.26190308e+02,
    1.41026840e+02, 9.26896118e+02, 1.68767914e+02, 9.27624817e+02,
    5.91126976e+01, 9.53232605e+02, 8.72433319e+01, 9.53670532e+02,
    1.14963936e+02, 9.54218750e+02, 1.42781326e+02, 9.54866638e+02,
    1.70354034e+02, 9.55616455e+02, 6.09062347e+01, 9.81036621e+02,
    8.89201889e+01, 9.81505920e+02, 1.16693314e+02, 9.82079590e+02,
    1.44365372e+02, 9.82781616e+02, 1.71721741e+02, 9.83832703e+02,
    6.26332932e+01, 1.00872339e+03, 9.05621567e+01, 1.00935065e+03,
    1.18096657e+02, 1.01000970e+03, 1.45665436e+02, 1.01088538e+03,
    1.73149963e+02, 1.01186664e+03, 6.42582703e+01, 1.03649829e+03,
    9.19384918e+01, 1.03729712e+03, 1.19443100e+02, 1.03794019e+03,
    1.46917709e+02, 1.03885974e+03, 1.74531540e+02, 1.03970813e+03,
    6.54585037e+01, 1.06442310e+03, 9.30078125e+01, 1.06496082e+03,
    1.20656494e+02, 1.06584485e+03, 1.48135239e+02, 1.06661877e+03,
    1.75581161e+02, 1.06773779e+03 ]
