%YAML:1.0
---
points: [ 1.69784203e+01, 8.97201660e+02, 4.52445984e+01, 8.97460266e+02,
    7.35311203e+01, 8.97916321e+02, 1.01461494e+02, 8.98421265e+02,
    1.29316483e+02, 8.99072083e+02, 1.92348175e+01, 9.24965698e+02,
    4.75491028e+01, 9.25306396e+02, 7.56249084e+01, 9.25765015e+02,
    1.03367645e+02, 9.26504761e+02, 1.31326553e+02, 9.27186523e+02,
    2.13660202e+01, 9.52873840e+02, 4.95090332e+01, 9.53338501e+02,
    7.74060593e+01, 9.53802490e+02, 1.05408127e+02, 9.54470459e+02,
    1.32961975e+02, 9.55282288e+02, 2.32472897e+01, 9.80810181e+02,
    5.11824226e+01, 9.81199707e+02, 7.93466949e+01, 9.81694214e+02,
    1.06956009e+02, 9.82326233e+02, 1.34468124e+02, 9.83235046e+02,
    2.49178619e+01, 1.00845630e+03, 5.28850746e+01, 1.00901141e+03,
    8.07868958e+01, 1.00944971e+03, 1.08397415e+02, 1.01040863e+03,
    1.35864319e+02, 1.01127814e+03, 2.66602898e+01, 1.03621594e+03,
    5.43627434e+01, 1.03679272e+03, 8.21602554e+01, 1.03757129e+03,
    1.09548721e+02, 1.03833374e+03, 1.37304489e+02, 1.03922498e+03,
    2.80400906e+01, 1.06401831e+03, 5.55345650e+01, 1.06467773e+03,
    8.32013168e+01, 1.06534302e+03, 1.10884407e+02, 1.06618018e+03,
    1.38341980e+02, 1.06698035e+03 ]
