%YAML:1.0
---
points: [ 1.09379272e+01, 8.97236267e+02, 3.93696709e+01, 8.97533508e+02,
    6.73472977e+01, 8.98041992e+02, 9.54978943e+01, 8.98517151e+02,
    1.23278412e+02, 8.99214966e+02, 1.32263002e+01, 9.25006775e+02,
    4.15530777e+01, 9.25325867e+02, 6.96024017e+01, 9.25817017e+02,
    9.73897629e+01, 9.26647156e+02, 1.25290947e+02, 9.27353149e+02,
    1.51843586e+01, 9.53027832e+02, 4.35012321e+01, 9.53457764e+02,
    7.13669586e+01, 9.53879395e+02, 9.92165756e+01, 9.54571838e+02,
    1.26970428e+02, 9.55380859e+02, 1.70851860e+01, 9.80870361e+02,
    4.51250229e+01, 9.81292297e+02, 7.31141510e+01, 9.81823853e+02,
    1.00886246e+02, 9.82449524e+02, 1.28432541e+02, 9.83479919e+02,
    1.86175289e+01, 1.00859747e+03, 4.67487793e+01, 1.00915863e+03,
    7.46227188e+01, 1.00966272e+03, 1.02282188e+02, 1.01056390e+03,
    1.29645538e+02, 1.01146454e+03, 2.02654476e+01, 1.03635876e+03,
    4.82300110e+01, 1.03708765e+03, 7.59188004e+01, 1.03774548e+03,
    1.03448044e+02, 1.03849561e+03, 1.30957581e+02, 1.03937500e+03,
    2.17459202e+01, 1.06428882e+03, 4.93739700e+01, 1.06484814e+03,
    7.69565201e+01, 1.06552979e+03, 1.04535759e+02, 1.06630261e+03,
    1.32251556e+02, 1.06724939e+03 ]
