%YAML:1.0
---
points: [ 1.33882065e+01, 8.89801636e+02, 4.18379822e+01, 8.90850098e+02,
    7.00605927e+01, 8.91904175e+02, 9.78542023e+01, 8.93189636e+02,
    1.26064941e+02, 8.94666504e+02, 1.41077452e+01, 9.17761414e+02,
    4.24828453e+01, 9.18757812e+02, 7.06536636e+01, 9.20022339e+02,
    9.85320892e+01, 9.21466431e+02, 1.26338852e+02, 9.22775879e+02,
    1.46104803e+01, 9.45844055e+02, 4.30467072e+01, 9.46996094e+02,
    7.09780807e+01, 9.48337158e+02, 9.88274384e+01, 9.49575317e+02,
    1.26652168e+02, 9.50932068e+02, 1.50115681e+01, 9.74217163e+02,
    4.32837982e+01, 9.75276245e+02, 7.12288437e+01, 9.76455505e+02,
    9.90360031e+01, 9.77840088e+02, 1.26671654e+02, 9.79479675e+02,
    1.52032204e+01, 1.00226410e+03, 4.33821182e+01, 1.00338977e+03,
    7.12635498e+01, 1.00454254e+03, 9.90432281e+01, 1.00613342e+03,
    1.26689102e+02, 1.00761108e+03, 1.52827082e+01, 1.03016406e+03,
    4.33965340e+01, 1.03143420e+03, 7.11616516e+01, 1.03285852e+03,
    9.87871170e+01, 1.03423230e+03, 1.26603226e+02, 1.03572290e+03,
    1.51896105e+01, 1.05839246e+03, 4.31646118e+01, 1.05962000e+03,
    7.07732620e+01, 1.06101526e+03, 9.85438461e+01, 1.06243787e+03,
    1.26314766e+02, 1.06421277e+03 ]
