%YAML:1.0
---
points: [ 1.65801834e+02, 1.03620593e+03, 1.32096542e+02, 1.04286121e+03,
    9.71891403e+01, 1.04973193e+03, 6.12953606e+01, 1.05672327e+03,
    2.45341301e+01, 1.06435962e+03, 1.65178055e+02, 1.01000189e+03,
    1.31151337e+02, 1.01640576e+03, 9.63864670e+01, 1.02283582e+03,
    6.04172821e+01, 1.02961157e+03, 2.35268726e+01, 1.03672375e+03,
    1.64574142e+02, 9.83649048e+02, 1.30441833e+02, 9.89777039e+02,
    9.56254807e+01, 9.95902405e+02, 5.95682945e+01, 1.00242615e+03,
    2.25988884e+01, 1.00894763e+03, 1.63847107e+02, 9.57527893e+02,
    1.29538254e+02, 9.63218506e+02, 9.46082611e+01, 9.69017029e+02,
    5.86858864e+01, 9.75180603e+02, 2.16356144e+01, 9.81469482e+02,
    1.63205032e+02, 9.31194031e+02, 1.28778473e+02, 9.36451294e+02,
    9.37314453e+01, 9.41872559e+02, 5.75786934e+01, 9.47668091e+02,
    2.03445320e+01, 9.53720398e+02, 1.62403320e+02, 9.04711426e+02,
    1.27961212e+02, 9.09614990e+02, 9.27126007e+01, 9.14737305e+02,
    5.65205460e+01, 9.20286865e+02, 1.92913170e+01, 9.25868713e+02,
    1.61554245e+02, 8.78503357e+02, 1.27257393e+02, 8.82965637e+02,
    9.18511353e+01, 8.87690002e+02, 5.54835663e+01, 8.92795715e+02,
    1.81937103e+01, 8.98076233e+02 ]
