%YAML:1.0
---
points: [ 1.52834015e+02, 1.02715649e+03, 1.19340385e+02, 1.03563574e+03,
    8.51380463e+01, 1.04455334e+03, 4.93648376e+01, 1.05417188e+03,
    1.23842459e+01, 1.06372217e+03, 1.52593353e+02, 1.00145294e+03,
    1.19031281e+02, 1.00946594e+03, 8.46547699e+01, 1.01796539e+03,
    4.88682976e+01, 1.02698682e+03, 1.18164454e+01, 1.03626367e+03,
    1.52222397e+02, 9.75533813e+02, 1.18673607e+02, 9.83169006e+02,
    8.42552414e+01, 9.91335510e+02, 4.84427223e+01, 9.99734253e+02,
    1.14079180e+01, 1.00842340e+03, 1.51885620e+02, 9.49726990e+02,
    1.18331200e+02, 9.56882080e+02, 8.38274612e+01, 9.64571289e+02,
    4.79913368e+01, 9.72446289e+02, 1.08522091e+01, 9.81061584e+02,
    1.51633484e+02, 9.23751404e+02, 1.17967476e+02, 9.30462708e+02,
    8.34209824e+01, 9.37712463e+02, 4.75116539e+01, 9.45126709e+02,
    1.03603373e+01, 9.53080688e+02, 1.51487732e+02, 8.97664917e+02,
    1.17687111e+02, 9.04191223e+02, 8.30711365e+01, 9.10865601e+02,
    4.71226578e+01, 9.17777344e+02, 9.81624317e+00, 9.25280090e+02,
    1.51392258e+02, 8.71766052e+02, 1.17615219e+02, 8.77727783e+02,
    8.27392120e+01, 8.84228516e+02, 4.67843857e+01, 8.90722839e+02,
    9.42925358e+00, 8.97529236e+02 ]
