%YAML:1.0
---
points: [ 1.48226425e+02, 1.01978577e+03, 1.16550529e+02, 1.02958582e+03,
    8.38409729e+01, 1.03980750e+03, 4.96557236e+01, 1.05062891e+03,
    1.41814585e+01, 1.06171143e+03, 1.48260269e+02, 9.94487854e+02,
    1.16414276e+02, 1.00369666e+03, 8.36564789e+01, 1.01340497e+03,
    4.93909607e+01, 1.02355560e+03, 1.38287497e+01, 1.03429260e+03,
    1.48047913e+02, 9.69187866e+02, 1.16291138e+02, 9.77719543e+02,
    8.34257584e+01, 9.86847839e+02, 4.92399712e+01, 9.96645020e+02,
    1.37203436e+01, 1.00662280e+03, 1.48213379e+02, 9.43605835e+02,
    1.16265007e+02, 9.51630005e+02, 8.34007187e+01, 9.60417419e+02,
    4.91565819e+01, 9.69521729e+02, 1.35878496e+01, 9.79124023e+02,
    1.48272812e+02, 9.17794556e+02, 1.16263107e+02, 9.25641602e+02,
    8.33096313e+01, 9.33703491e+02, 4.90595665e+01, 9.42344360e+02,
    1.34541082e+01, 9.51297119e+02, 1.48400558e+02, 8.92216309e+02,
    1.16401413e+02, 8.99506409e+02, 8.34710770e+01, 9.07354858e+02,
    4.90182838e+01, 9.15169556e+02, 1.34681091e+01, 9.23514526e+02,
    1.48698105e+02, 8.66602539e+02, 1.16656509e+02, 8.73546082e+02,
    8.36952820e+01, 8.80601318e+02, 4.92236061e+01, 8.87882751e+02,
    1.35808878e+01, 8.95805420e+02 ]
