%YAML:1.0
---
points: [ 1.40784744e+02, 1.01181519e+03, 1.11576164e+02, 1.02247424e+03,
    8.09374847e+01, 1.03352307e+03, 4.90363693e+01, 1.04527014e+03,
    1.59619646e+01, 1.05740186e+03, 1.40136429e+02, 9.86569885e+02,
    1.10823685e+02, 9.96544434e+02, 8.02519684e+01, 1.00708032e+03,
    4.83249664e+01, 1.01823535e+03, 1.49416485e+01, 1.02981421e+03,
    1.39467789e+02, 9.61290344e+02, 1.09830437e+02, 9.70739868e+02,
    7.92965622e+01, 9.80644531e+02, 4.74495277e+01, 9.91238220e+02,
    1.41664114e+01, 1.00223669e+03, 1.39015884e+02, 9.35729126e+02,
    1.09289581e+02, 9.44732788e+02, 7.86917648e+01, 9.54287048e+02,
    4.67093887e+01, 9.64087952e+02, 1.34787464e+01, 9.74542664e+02,
    1.38479584e+02, 9.10455750e+02, 1.08732269e+02, 9.18743591e+02,
    7.80065155e+01, 9.27639954e+02, 4.59717026e+01, 9.36891724e+02,
    1.30008879e+01, 9.46552979e+02, 1.38137527e+02, 8.84957153e+02,
    1.08294724e+02, 8.92749451e+02, 7.74651642e+01, 9.01234802e+02,
    4.54888611e+01, 9.09677551e+02, 1.23585901e+01, 9.18718262e+02,
    1.37814316e+02, 8.59559692e+02, 1.08043480e+02, 8.66742004e+02,
    7.72929459e+01, 8.74563965e+02, 4.52121315e+01, 8.82575012e+02,
    1.20461283e+01, 8.91104797e+02 ]
