%YAML:1.0
---
points: [ 1.81024532e+01, 9.13765930e+02, 4.35498085e+01, 9.13575195e+02,
    6.89241638e+01, 9.13530823e+02, 9.38178558e+01, 9.13439209e+02,
    1.19030853e+02, 9.13464905e+02, 1.91648808e+01, 9.38414062e+02,
    4.47077026e+01, 9.38236755e+02, 7.01276169e+01, 9.38100708e+02,
    9.51080170e+01, 9.38005676e+02, 1.19841209e+02, 9.38102478e+02,
    2.01818047e+01, 9.62932312e+02, 4.55918617e+01, 9.62622498e+02,
    7.08765030e+01, 9.62499512e+02, 9.59166107e+01, 9.62514526e+02,
    1.20865097e+02, 9.62612366e+02, 2.12535686e+01, 9.87429626e+02,
    4.65088196e+01, 9.87271729e+02, 7.17511368e+01, 9.87241150e+02,
    9.67224808e+01, 9.87259155e+02, 1.21547264e+02, 9.87298340e+02,
    2.19295979e+01, 1.01223474e+03, 4.73059120e+01, 1.01196271e+03,
    7.23856201e+01, 1.01180969e+03, 9.72847748e+01, 1.01192285e+03,
    1.22209770e+02, 1.01212097e+03, 2.26061478e+01, 1.03671423e+03,
    4.77821655e+01, 1.03658728e+03, 7.28170929e+01, 1.03642737e+03,
    9.76541290e+01, 1.03647925e+03, 1.22616623e+02, 1.03664404e+03,
    2.31309261e+01, 1.06128870e+03, 4.83482475e+01, 1.06123376e+03,
    7.33055191e+01, 1.06111560e+03, 9.80938110e+01, 1.06114185e+03,
    1.22920273e+02, 1.06127039e+03 ]
