%YAML:1.0
---
points: [ 1.34572973e+01, 9.15841187e+02, 3.88828201e+01, 9.15757874e+02,
    6.41126175e+01, 9.15708923e+02, 8.92356339e+01, 9.15746948e+02,
    1.14216080e+02, 9.15819214e+02, 1.46617146e+01, 9.40374146e+02,
    4.00767479e+01, 9.40301819e+02, 6.53495712e+01, 9.40261780e+02,
    9.03409653e+01, 9.40308716e+02, 1.15150566e+02, 9.40372803e+02,
    1.56671324e+01, 9.65164185e+02, 4.10837135e+01, 9.65090820e+02,
    6.60860596e+01, 9.65068542e+02, 9.11547775e+01, 9.65184326e+02,
    1.16036476e+02, 9.65361938e+02, 1.66416664e+01, 9.89960693e+02,
    4.19621429e+01, 9.89854370e+02, 6.69700470e+01, 9.89820557e+02,
    9.19684601e+01, 9.89953552e+02, 1.16672531e+02, 9.90241760e+02,
    1.73088188e+01, 1.01461060e+03, 4.25940132e+01, 1.01445105e+03,
    6.75509186e+01, 1.01449481e+03, 9.24135590e+01, 1.01458533e+03,
    1.17306885e+02, 1.01483423e+03, 1.79435387e+01, 1.03941357e+03,
    4.32059402e+01, 1.03934973e+03, 6.82447968e+01, 1.03938696e+03,
    9.27889175e+01, 1.03949890e+03, 1.17648819e+02, 1.03966931e+03,
    1.83616219e+01, 1.06432739e+03, 4.35157013e+01, 1.06431689e+03,
    6.85056381e+01, 1.06431848e+03, 9.32785034e+01, 1.06443542e+03,
    1.18078506e+02, 1.06461133e+03 ]
