%YAML:1.0
---
points: [ 1.15362396e+02, 1.06634619e+03, 9.05999908e+01, 1.06620398e+03,
    6.56056061e+01, 1.06598474e+03, 4.06401062e+01, 1.06580664e+03,
    1.57091208e+01, 1.06584229e+03, 1.14692322e+02, 1.04155371e+03,
    9.02673416e+01, 1.04125378e+03, 6.53375320e+01, 1.04108679e+03,
    4.02722359e+01, 1.04093457e+03, 1.51766872e+01, 1.04094934e+03,
    1.14332756e+02, 1.01674127e+03, 8.96762848e+01, 1.01641675e+03,
    6.49289322e+01, 1.01625958e+03, 3.98048058e+01, 1.01624054e+03,
    1.45364094e+01, 1.01627917e+03, 1.13760178e+02, 9.91812500e+02,
    8.91145172e+01, 9.91560120e+02, 6.42375717e+01, 9.91371826e+02,
    3.90566673e+01, 9.91373291e+02, 1.37025757e+01, 9.91466492e+02,
    1.13016663e+02, 9.66793457e+02, 8.82791443e+01, 9.66615601e+02,
    6.35342598e+01, 9.66458313e+02, 3.83782387e+01, 9.66394409e+02,
    1.30501881e+01, 9.66423645e+02, 1.12299080e+02, 9.42111572e+02,
    8.73927841e+01, 9.41802856e+02, 6.24458694e+01, 9.41771057e+02,
    3.73115120e+01, 9.41733398e+02, 1.18439846e+01, 9.41789856e+02,
    1.11371017e+02, 9.17334534e+02, 8.62508240e+01, 9.17225952e+02,
    6.11260490e+01, 9.17172791e+02, 3.59288750e+01, 9.17075256e+02,
    1.05522299e+01, 9.17234802e+02 ]
