%YAML:1.0
---
points: [ 7.50477066e+01, 9.17426514e+02, 1.00443794e+02, 9.17395264e+02,
    1.25514221e+02, 9.17472107e+02, 1.50511887e+02, 9.17585022e+02,
    1.75580093e+02, 9.17711609e+02, 7.60563354e+01, 9.42131836e+02,
    1.01418983e+02, 9.42127686e+02, 1.26627213e+02, 9.42156982e+02,
    1.51455292e+02, 9.42287231e+02, 1.76412155e+02, 9.42527039e+02,
    7.70881119e+01, 9.66734863e+02, 1.02306549e+02, 9.66750122e+02,
    1.27569748e+02, 9.66797180e+02, 1.52395187e+02, 9.66977356e+02,
    1.77129425e+02, 9.67269592e+02, 7.78263931e+01, 9.91623840e+02,
    1.02997452e+02, 9.91644897e+02, 1.28185883e+02, 9.91816895e+02,
    1.53093979e+02, 9.92031555e+02, 1.77786972e+02, 9.92295410e+02,
    7.87182770e+01, 1.01649323e+03, 1.03748550e+02, 1.01650403e+03,
    1.28812042e+02, 1.01665747e+03, 1.53600250e+02, 1.01691937e+03,
    1.78324936e+02, 1.01727374e+03, 7.93144150e+01, 1.04117041e+03,
    1.04205078e+02, 1.04129126e+03, 1.29264679e+02, 1.04141357e+03,
    1.54118835e+02, 1.04176013e+03, 1.78665466e+02, 1.04212012e+03,
    7.98302231e+01, 1.06609192e+03, 1.04666481e+02, 1.06620532e+03,
    1.29476593e+02, 1.06635815e+03, 1.54392899e+02, 1.06654724e+03,
    1.79176361e+02, 1.06689734e+03 ]
