%YAML:1.0
---
points: [ 9.87627182e+01, 9.17789185e+02, 1.24215546e+02, 9.17782837e+02,
    1.49507767e+02, 9.17832275e+02, 1.74720139e+02, 9.17972168e+02,
    1.99869644e+02, 9.18216736e+02, 9.98512955e+01, 9.42531677e+02,
    1.25260094e+02, 9.42513184e+02, 1.50561523e+02, 9.42604248e+02,
    1.75596542e+02, 9.42718506e+02, 2.00693268e+02, 9.42962280e+02,
    1.00820648e+02, 9.67261108e+02, 1.26208740e+02, 9.67270447e+02,
    1.51331375e+02, 9.67306519e+02, 1.76327759e+02, 9.67486633e+02,
    2.01438522e+02, 9.67722168e+02, 1.01665375e+02, 9.92252808e+02,
    1.26957451e+02, 9.92255554e+02, 1.52051559e+02, 9.92269348e+02,
    1.76840057e+02, 9.92491028e+02, 2.01745071e+02, 9.92655518e+02,
    1.02310463e+02, 1.01703864e+03, 1.27561058e+02, 1.01712897e+03,
    1.52651657e+02, 1.01723810e+03, 1.77406555e+02, 1.01744812e+03,
    2.02333679e+02, 1.01762750e+03, 1.02802650e+02, 1.04174744e+03,
    1.27993271e+02, 1.04188000e+03, 1.53168655e+02, 1.04210559e+03,
    1.77792801e+02, 1.04236841e+03, 2.02635025e+02, 1.04268066e+03,
    1.03301582e+02, 1.06652173e+03, 1.28315323e+02, 1.06668457e+03,
    1.53338150e+02, 1.06685352e+03, 1.78117386e+02, 1.06716919e+03,
    2.02983658e+02, 1.06749341e+03 ]
