%YAML:1.0
---
points: [ 1.26357773e+02, 9.18250366e+02, 1.51861053e+02, 9.18109619e+02,
    1.77353775e+02, 9.18116211e+02, 2.02686752e+02, 9.18154785e+02,
    2.28142242e+02, 9.18192932e+02, 1.27498077e+02, 9.42882751e+02,
    1.53106659e+02, 9.42809326e+02, 1.78362732e+02, 9.42787598e+02,
    2.03478149e+02, 9.42861267e+02, 2.28735809e+02, 9.43093506e+02,
    1.28270309e+02, 9.67602478e+02, 1.53780685e+02, 9.67570740e+02,
    1.79254608e+02, 9.67541443e+02, 2.04301865e+02, 9.67652100e+02,
    2.29325928e+02, 9.67837524e+02, 1.29098038e+02, 9.92563965e+02,
    1.54489349e+02, 9.92514648e+02, 1.79777328e+02, 9.92509583e+02,
    2.04813461e+02, 9.92657959e+02, 2.29885315e+02, 9.92794373e+02,
    1.29582535e+02, 1.01754022e+03, 1.55036087e+02, 1.01749170e+03,
    1.80314087e+02, 1.01755121e+03, 2.05352310e+02, 1.01766333e+03,
    2.30289642e+02, 1.01783264e+03, 1.30233032e+02, 1.04236121e+03,
    1.55391586e+02, 1.04241101e+03, 1.80676544e+02, 1.04246790e+03,
    2.05614471e+02, 1.04264893e+03, 2.30487228e+02, 1.04284998e+03,
    1.30636261e+02, 1.06719080e+03, 1.55768158e+02, 1.06721826e+03,
    1.80817413e+02, 1.06732507e+03, 2.05899033e+02, 1.06753772e+03,
    2.30768677e+02, 1.06772644e+03 ]
