%YAML:1.0
---
points: [ 1.44120728e+02, 9.18466370e+02, 1.69788635e+02, 9.18391541e+02,
    1.95359894e+02, 9.18339844e+02, 2.20658798e+02, 9.18362854e+02,
    2.46044312e+02, 9.18380615e+02, 1.44919510e+02, 9.43347412e+02,
    1.70748306e+02, 9.43211914e+02, 1.96356842e+02, 9.43202637e+02,
    2.21648193e+02, 9.43262634e+02, 2.46933273e+02, 9.43322998e+02,
    1.45882736e+02, 9.68090027e+02, 1.71418091e+02, 9.67900330e+02,
    1.96869003e+02, 9.67954956e+02, 2.22164627e+02, 9.68067505e+02,
    2.47389969e+02, 9.68175781e+02, 1.46553528e+02, 9.92886414e+02,
    1.72039688e+02, 9.92824646e+02, 1.97492523e+02, 9.92812683e+02,
    2.22686188e+02, 9.92961792e+02, 2.47863037e+02, 9.93186951e+02,
    1.47277252e+02, 1.01779309e+03, 1.72618851e+02, 1.01774890e+03,
    1.98018982e+02, 1.01782526e+03, 2.23185989e+02, 1.01793024e+03,
    2.48296707e+02, 1.01821362e+03, 1.47793549e+02, 1.04276770e+03,
    1.73060562e+02, 1.04278528e+03, 1.98299240e+02, 1.04285168e+03,
    2.23390900e+02, 1.04302063e+03, 2.48524551e+02, 1.04324316e+03,
    1.48154526e+02, 1.06765662e+03, 1.73279221e+02, 1.06770886e+03,
    1.98386749e+02, 1.06780188e+03, 2.23535477e+02, 1.06791431e+03,
    2.48705811e+02, 1.06811938e+03 ]
