%YAML:1.0
---
points: [ 1.79186188e+02, 9.18162964e+02, 2.04476913e+02, 9.18156799e+02,
    2.29735214e+02, 9.18216309e+02, 2.54813080e+02, 9.18283936e+02,
    2.80106232e+02, 9.18425659e+02, 1.80130783e+02, 9.42836487e+02,
    2.05471893e+02, 9.42822998e+02, 2.30563293e+02, 9.42933838e+02,
    2.55528656e+02, 9.43183655e+02, 2.80679688e+02, 9.43342957e+02,
    1.80986496e+02, 9.67571106e+02, 2.06321442e+02, 9.67628418e+02,
    2.31395859e+02, 9.67681458e+02, 2.56201508e+02, 9.67883118e+02,
    2.81215576e+02, 9.68252869e+02, 1.81567917e+02, 9.92498718e+02,
    2.06650726e+02, 9.92537537e+02, 2.31875839e+02, 9.92609131e+02,
    2.56775574e+02, 9.92822815e+02, 2.81659576e+02, 9.93242676e+02,
    1.82185440e+02, 1.01740723e+03, 2.07259232e+02, 1.01749835e+03,
    2.32396988e+02, 1.01760419e+03, 2.57220001e+02, 1.01779089e+03,
    2.82040649e+02, 1.01823083e+03, 1.82718597e+02, 1.04229297e+03,
    2.07630585e+02, 1.04239050e+03, 2.32737869e+02, 1.04261597e+03,
    2.57474152e+02, 1.04287061e+03, 2.82240417e+02, 1.04325183e+03,
    1.83110855e+02, 1.06700195e+03, 2.08032028e+02, 1.06720740e+03,
    2.32930679e+02, 1.06747424e+03, 2.57778473e+02, 1.06776123e+03,
    2.82453033e+02, 1.06821301e+03 ]
