%YAML:1.0
---
points: [ 2.09478165e+02, 9.17544189e+02, 2.34662292e+02, 9.17599670e+02,
    2.59969025e+02, 9.17671204e+02, 2.84907379e+02, 9.17774902e+02,
    3.09956299e+02, 9.18009949e+02, 2.10398376e+02, 9.42342468e+02,
    2.35483475e+02, 9.42346924e+02, 2.60630096e+02, 9.42446411e+02,
    2.85611267e+02, 9.42597290e+02, 3.10662354e+02, 9.42862183e+02,
    2.11273697e+02, 9.66983276e+02, 2.36332047e+02, 9.67145874e+02,
    2.61290070e+02, 9.67245605e+02, 2.86175110e+02, 9.67446228e+02,
    3.11108154e+02, 9.67730896e+02, 2.11800674e+02, 9.92045776e+02,
    2.36822693e+02, 9.92144653e+02, 2.61786285e+02, 9.92264404e+02,
    2.86656372e+02, 9.92482605e+02, 3.11464752e+02, 9.92737854e+02,
    2.12320740e+02, 1.01686475e+03, 2.37320969e+02, 1.01711670e+03,
    2.62170105e+02, 1.01726227e+03, 2.87047485e+02, 1.01752692e+03,
    3.11752106e+02, 1.01782941e+03, 2.12803757e+02, 1.04164722e+03,
    2.37650864e+02, 1.04199060e+03, 2.62489044e+02, 1.04222961e+03,
    2.87222229e+02, 1.04258655e+03, 3.12019012e+02, 1.04302661e+03,
    2.13190338e+02, 1.06650928e+03, 2.37934784e+02, 1.06677783e+03,
    2.62620300e+02, 1.06716248e+03, 2.87344696e+02, 1.06750244e+03,
    3.12279205e+02, 1.06782971e+03 ]
