%YAML:1.0
---
points: [ 2.42561981e+02, 9.17692810e+02, 2.67830902e+02, 9.17618713e+02,
    2.93115448e+02, 9.17606689e+02, 3.18254181e+02, 9.17677734e+02,
    3.43521118e+02, 9.17723389e+02, 2.43413696e+02, 9.42498047e+02,
    2.68759125e+02, 9.42431885e+02, 2.93914825e+02, 9.42410156e+02,
    3.18951233e+02, 9.42481812e+02, 3.44192413e+02, 9.42666870e+02,
    2.44013382e+02, 9.67267761e+02, 2.69325623e+02, 9.67269775e+02,
    2.94507782e+02, 9.67288696e+02, 3.19408203e+02, 9.67373779e+02,
    3.44474396e+02, 9.67522095e+02, 2.44602264e+02, 9.92337524e+02,
    2.69804138e+02, 9.92305908e+02, 2.95010223e+02, 9.92335449e+02,
    3.19805847e+02, 9.92441345e+02, 3.44709320e+02, 9.92680237e+02,
    2.45144226e+02, 1.01731793e+03, 2.70289825e+02, 1.01732886e+03,
    2.95435028e+02, 1.01739569e+03, 3.20223511e+02, 1.01754565e+03,
    3.45029083e+02, 1.01774677e+03, 2.45472855e+02, 1.04224268e+03,
    2.70520386e+02, 1.04231470e+03, 2.95630646e+02, 1.04243152e+03,
    3.20465668e+02, 1.04262830e+03, 3.45200989e+02, 1.04289746e+03,
    2.45750412e+02, 1.06701636e+03, 2.70705627e+02, 1.06721777e+03,
    2.95721710e+02, 1.06739514e+03, 3.20568909e+02, 1.06763843e+03,
    3.45390076e+02, 1.06788574e+03 ]
