%YAML:1.0
---
points: [ 2.88549713e+02, 9.18017822e+02, 3.14023132e+02, 9.17784973e+02,
    3.39413818e+02, 9.17649963e+02, 3.64669128e+02, 9.17571411e+02,
    3.90028198e+02, 9.17507385e+02, 2.89353790e+02, 9.42788025e+02,
    3.14678955e+02, 9.42587769e+02, 3.40137299e+02, 9.42428772e+02,
    3.65285492e+02, 9.42440002e+02, 3.90531616e+02, 9.42457764e+02,
    2.90081543e+02, 9.67568054e+02, 3.15456421e+02, 9.67430542e+02,
    3.40668854e+02, 9.67345886e+02, 3.65801575e+02, 9.67306213e+02,
    3.90992645e+02, 9.67419495e+02, 2.90581329e+02, 9.92576599e+02,
    3.15919769e+02, 9.92490967e+02, 3.41090607e+02, 9.92449341e+02,
    3.66221039e+02, 9.92447937e+02, 3.91319885e+02, 9.92524719e+02,
    2.91030762e+02, 1.01760663e+03, 3.16302948e+02, 1.01754517e+03,
    3.41413605e+02, 1.01749139e+03, 3.66405212e+02, 1.01758105e+03,
    3.91549408e+02, 1.01765497e+03, 2.91411926e+02, 1.04261963e+03,
    3.16594482e+02, 1.04259692e+03, 3.41685089e+02, 1.04259924e+03,
    3.66591095e+02, 1.04268970e+03, 3.91607605e+02, 1.04281946e+03,
    2.91685730e+02, 1.06752209e+03, 3.16758270e+02, 1.06753357e+03,
    3.41813568e+02, 1.06763855e+03, 3.66703552e+02, 1.06769043e+03,
    3.91759460e+02, 1.06786060e+03 ]
