%YAML:1.0
---
points: [ 3.47156708e+02, 9.18295166e+02, 3.72655945e+02, 9.17936340e+02,
    3.98176758e+02, 9.17727295e+02, 4.23393036e+02, 9.17510864e+02,
    4.48802490e+02, 9.17371216e+02, 3.47887604e+02, 9.43160950e+02,
    3.73457703e+02, 9.42753906e+02, 3.98751495e+02, 9.42510010e+02,
    4.24025269e+02, 9.42382080e+02, 4.49381226e+02, 9.42301392e+02,
    3.48576904e+02, 9.67846741e+02, 3.74201019e+02, 9.67585876e+02,
    3.99489441e+02, 9.67379517e+02, 4.24575439e+02, 9.67265320e+02,
    4.49765594e+02, 9.67238220e+02, 3.49225281e+02, 9.92915894e+02,
    3.74567383e+02, 9.92597107e+02, 3.99852417e+02, 9.92491882e+02,
    4.24889557e+02, 9.92371643e+02, 4.50118103e+02, 9.92404114e+02,
    3.49570801e+02, 1.01784955e+03, 3.74845947e+02, 1.01769257e+03,
    4.00246002e+02, 1.01756500e+03, 4.25256226e+02, 1.01751831e+03,
    4.50345459e+02, 1.01755914e+03, 3.49881866e+02, 1.04290588e+03,
    3.75137360e+02, 1.04282336e+03, 4.00455383e+02, 1.04265112e+03,
    4.25494354e+02, 1.04262634e+03, 4.50476318e+02, 1.04265149e+03,
    3.50216888e+02, 1.06790955e+03, 3.75363434e+02, 1.06773035e+03,
    4.00640686e+02, 1.06767468e+03, 4.25621490e+02, 1.06765076e+03,
    4.50653046e+02, 1.06769604e+03 ]
