%YAML:1.0
---
points: [ 5.01521179e+02, 1.06770862e+03, 4.76310364e+02, 1.06768262e+03,
    4.51294403e+02, 1.06765503e+03, 4.26302582e+02, 1.06771399e+03,
    4.01186554e+02, 1.06781299e+03, 5.01353088e+02, 1.04265002e+03,
    4.76312958e+02, 1.04256213e+03, 4.51245361e+02, 1.04260205e+03,
    4.26130615e+02, 1.04269983e+03, 4.00893921e+02, 1.04283435e+03,
    5.01251831e+02, 1.01745813e+03, 4.76135132e+02, 1.01743146e+03,
    4.50914764e+02, 1.01745526e+03, 4.25821472e+02, 1.01760028e+03,
    4.00507080e+02, 1.01774152e+03, 5.01045898e+02, 9.92290771e+02,
    4.75803986e+02, 9.92280396e+02, 4.50659668e+02, 9.92340210e+02,
    4.25404663e+02, 9.92469116e+02, 4.00171356e+02, 9.92691528e+02,
    5.00671906e+02, 9.67135986e+02, 4.75490540e+02, 9.67117554e+02,
    4.50310028e+02, 9.67213501e+02, 4.24941406e+02, 9.67397339e+02,
    3.99670929e+02, 9.67684204e+02, 5.00379700e+02, 9.42138245e+02,
    4.75156281e+02, 9.42192688e+02, 4.49920135e+02, 9.42312500e+02,
    4.24494293e+02, 9.42516541e+02, 3.98931732e+02, 9.42831909e+02,
    4.99761444e+02, 9.17227295e+02, 4.74567871e+02, 9.17304626e+02,
    4.49292053e+02, 9.17487061e+02, 4.23724396e+02, 9.17675842e+02,
    3.98312775e+02, 9.18045715e+02 ]
