%YAML:1.0
---
points: [ 5.38159302e+02, 1.06730078e+03, 5.13024170e+02, 1.06726282e+03,
    4.87926636e+02, 1.06726379e+03, 4.62975006e+02, 1.06729736e+03,
    4.37833862e+02, 1.06741284e+03, 5.38117371e+02, 1.04226306e+03,
    5.12968323e+02, 1.04220862e+03, 4.87969635e+02, 1.04219409e+03,
    4.62826050e+02, 1.04225183e+03, 4.37705353e+02, 1.04241272e+03,
    5.38010986e+02, 1.01714899e+03, 5.12863525e+02, 1.01704303e+03,
    4.87791260e+02, 1.01705292e+03, 4.62627930e+02, 1.01719189e+03,
    4.37383911e+02, 1.01738794e+03, 5.37812744e+02, 9.91882874e+02,
    5.12659729e+02, 9.91860901e+02, 4.87529419e+02, 9.91850586e+02,
    4.62298309e+02, 9.92066223e+02, 4.37124207e+02, 9.92335693e+02,
    5.37575928e+02, 9.66696838e+02, 5.12389709e+02, 9.66646973e+02,
    4.87238434e+02, 9.66770447e+02, 4.61844116e+02, 9.66943054e+02,
    4.36633972e+02, 9.67255188e+02, 5.37315308e+02, 9.41728577e+02,
    5.12168579e+02, 9.41734924e+02, 4.86823425e+02, 9.41808655e+02,
    4.61525177e+02, 9.42122009e+02, 4.36182526e+02, 9.42390625e+02,
    5.36810120e+02, 9.16860901e+02, 5.11582184e+02, 9.16963623e+02,
    4.86297668e+02, 9.17124207e+02, 4.60853577e+02, 9.17287109e+02,
    4.35435883e+02, 9.17556396e+02 ]
