%YAML:1.0
---
points: [ 4.65917908e+02, 9.17155457e+02, 4.91454041e+02, 9.16842468e+02,
    5.16834900e+02, 9.16639099e+02, 5.42110657e+02, 9.16510864e+02,
    5.67101562e+02, 9.16463989e+02, 4.66510895e+02, 9.41870300e+02,
    4.92040131e+02, 9.41582703e+02, 5.17367676e+02, 9.41361877e+02,
    5.42492432e+02, 9.41283936e+02, 5.67526489e+02, 9.41234192e+02,
    4.66937439e+02, 9.66749634e+02, 4.92327454e+02, 9.66444397e+02,
    5.17650635e+02, 9.66315918e+02, 5.42750122e+02, 9.66263550e+02,
    5.67819763e+02, 9.66324768e+02, 4.67322906e+02, 9.91874207e+02,
    4.92550293e+02, 9.91582947e+02, 5.17851013e+02, 9.91459595e+02,
    5.43026978e+02, 9.91382751e+02, 5.68098145e+02, 9.91444946e+02,
    4.67627136e+02, 1.01687103e+03, 4.92781433e+02, 1.01666248e+03,
    5.18150879e+02, 1.01650354e+03, 5.43177429e+02, 1.01650983e+03,
    5.68262939e+02, 1.01656335e+03, 4.67859497e+02, 1.04185718e+03,
    4.93014496e+02, 1.04167236e+03, 5.18230835e+02, 1.04156348e+03,
    5.43268555e+02, 1.04156018e+03, 5.68304504e+02, 1.04163184e+03,
    4.68096161e+02, 1.06688599e+03, 4.93076477e+02, 1.06673230e+03,
    5.18250549e+02, 1.06669482e+03, 5.43250793e+02, 1.06669958e+03,
    5.68362549e+02, 1.06673022e+03 ]
