%YAML:1.0
---
points: [ 6.03205322e+02, 1.06554578e+03, 5.78208984e+02, 1.06556128e+03,
    5.53180481e+02, 1.06563037e+03, 5.27929077e+02, 1.06576453e+03,
    5.02716217e+02, 1.06602075e+03, 6.03195923e+02, 1.04039661e+03,
    5.78200134e+02, 1.04037122e+03, 5.53252441e+02, 1.04045728e+03,
    5.27906860e+02, 1.04060254e+03, 5.02606567e+02, 1.04086731e+03,
    6.03158752e+02, 1.01530371e+03, 5.78170654e+02, 1.01531744e+03,
    5.53157776e+02, 1.01537030e+03, 5.27755554e+02, 1.01565393e+03,
    5.02470306e+02, 1.01599500e+03, 6.03010986e+02, 9.90286499e+02,
    5.77968079e+02, 9.90323608e+02, 5.52978088e+02, 9.90414429e+02,
    5.27643250e+02, 9.90666504e+02, 5.02309235e+02, 9.91002014e+02,
    6.02882446e+02, 9.65210815e+02, 5.77782410e+02, 9.65203857e+02,
    5.52724487e+02, 9.65369385e+02, 5.27416809e+02, 9.65570801e+02,
    5.02057892e+02, 9.65868103e+02, 6.02676025e+02, 9.40106140e+02,
    5.77508179e+02, 9.40173462e+02, 5.52524231e+02, 9.40292236e+02,
    5.27200867e+02, 9.40553955e+02, 5.01626251e+02, 9.40987305e+02,
    6.02402283e+02, 9.15234985e+02, 5.77162537e+02, 9.15394897e+02,
    5.52035645e+02, 9.15566284e+02, 5.26650635e+02, 9.15954834e+02,
    5.01133514e+02, 9.16313293e+02 ]
