%YAML:1.0
---
points: [ 6.32971130e+02, 1.06531824e+03, 6.07793152e+02, 1.06529883e+03,
    5.82689819e+02, 1.06546057e+03, 5.57580566e+02, 1.06563782e+03,
    5.32472717e+02, 1.06578613e+03, 6.32948547e+02, 1.04015955e+03,
    6.07814819e+02, 1.04011841e+03, 5.82749451e+02, 1.04025659e+03,
    5.57616638e+02, 1.04042419e+03, 5.32404175e+02, 1.04071533e+03,
    6.32959595e+02, 1.01499512e+03, 6.07819092e+02, 1.01503503e+03,
    5.82701416e+02, 1.01518030e+03, 5.57574402e+02, 1.01542126e+03,
    5.32282715e+02, 1.01577966e+03, 6.32847046e+02, 9.90169189e+02,
    6.07709900e+02, 9.90178223e+02, 5.82597046e+02, 9.90286865e+02,
    5.57430054e+02, 9.90480225e+02, 5.32091003e+02, 9.90817566e+02,
    6.32738281e+02, 9.64927979e+02, 6.07533569e+02, 9.65053101e+02,
    5.82413269e+02, 9.65239563e+02, 5.57163147e+02, 9.65428528e+02,
    5.31766052e+02, 9.65710876e+02, 6.32571655e+02, 9.39860291e+02,
    6.07358948e+02, 9.39994385e+02, 5.82168030e+02, 9.40194702e+02,
    5.56745972e+02, 9.40442749e+02, 5.31436890e+02, 9.40791260e+02,
    6.32278015e+02, 9.15075928e+02, 6.07014221e+02, 9.15236267e+02,
    5.81706360e+02, 9.15459106e+02, 5.56380127e+02, 9.15731873e+02,
    5.31053955e+02, 9.16244019e+02 ]
