%YAML:1.0
---
points: [ 5.81046631e+02, 9.16475830e+02, 6.06505615e+02, 9.16161316e+02,
    6.31846985e+02, 9.15716370e+02, 6.57066772e+02, 9.15498840e+02,
    6.82227295e+02, 9.15381226e+02, 5.81375183e+02, 9.41187256e+02,
    6.06755798e+02, 9.40681702e+02, 6.32239685e+02, 9.40410339e+02,
    6.57281311e+02, 9.40267151e+02, 6.82400574e+02, 9.40225220e+02,
    5.81600708e+02, 9.66048706e+02, 6.06981079e+02, 9.65691162e+02,
    6.32426331e+02, 9.65433777e+02, 6.57480835e+02, 9.65324646e+02,
    6.82527954e+02, 9.65297974e+02, 5.81731445e+02, 9.91184509e+02,
    6.07187866e+02, 9.90780701e+02, 6.32518616e+02, 9.90576416e+02,
    6.57582825e+02, 9.90442871e+02, 6.82604065e+02, 9.90384277e+02,
    5.81883911e+02, 1.01620239e+03, 6.07285339e+02, 1.01591467e+03,
    6.32594177e+02, 1.01553674e+03, 6.57687683e+02, 1.01543726e+03,
    6.82619690e+02, 1.01542212e+03, 5.82017639e+02, 1.04119031e+03,
    6.07348389e+02, 1.04083875e+03, 6.32601746e+02, 1.04059998e+03,
    6.57627625e+02, 1.04049902e+03, 6.82607910e+02, 1.04048999e+03,
    5.82049561e+02, 1.06629102e+03, 6.07322632e+02, 1.06604871e+03,
    6.32545532e+02, 1.06586084e+03, 6.57573730e+02, 1.06574890e+03,
    6.82572998e+02, 1.06566638e+03 ]
