%YAML:1.0
---
points: [ 6.85576904e+02, 1.06563562e+03, 6.60470093e+02, 1.06561829e+03,
    6.35354309e+02, 1.06573779e+03, 6.10261108e+02, 1.06598340e+03,
    5.85113708e+02, 1.06617493e+03, 6.85618835e+02, 1.04038599e+03,
    6.60492493e+02, 1.04041174e+03, 6.35446838e+02, 1.04048291e+03,
    6.10325317e+02, 1.04067236e+03, 5.85105835e+02, 1.04102649e+03,
    6.85603882e+02, 1.01532379e+03, 6.60518860e+02, 1.01532013e+03,
    6.35412842e+02, 1.01545740e+03, 6.10266052e+02, 1.01573779e+03,
    5.84977051e+02, 1.01609778e+03, 6.85587036e+02, 9.90299377e+02,
    6.60488342e+02, 9.90325439e+02, 6.35362915e+02, 9.90469788e+02,
    6.10233093e+02, 9.90709290e+02, 5.84858398e+02, 9.91060059e+02,
    6.85504883e+02, 9.65209717e+02, 6.60390991e+02, 9.65215698e+02,
    6.35258728e+02, 9.65333313e+02, 6.10063293e+02, 9.65571167e+02,
    5.84640320e+02, 9.65890076e+02, 6.85420471e+02, 9.40102722e+02,
    6.60240479e+02, 9.40166931e+02, 6.35066040e+02, 9.40316589e+02,
    6.09750061e+02, 9.40580994e+02, 5.84441345e+02, 9.41007812e+02,
    6.85286865e+02, 9.15215515e+02, 6.60006226e+02, 9.15372009e+02,
    6.34712097e+02, 9.15583069e+02, 6.09431824e+02, 9.15946777e+02,
    5.84064819e+02, 9.16307068e+02 ]
