%YAML:1.0
---
points: [ 7.26841309e+02, 1.06542651e+03, 7.01614807e+02, 1.06556543e+03,
    6.76400085e+02, 1.06588245e+03, 6.51058777e+02, 1.06624890e+03,
    6.25869812e+02, 1.06659778e+03, 7.26974609e+02, 1.04016492e+03,
    7.01732483e+02, 1.04034814e+03, 6.76505310e+02, 1.04060229e+03,
    6.51189331e+02, 1.04106067e+03, 6.25882874e+02, 1.04148889e+03,
    7.26975830e+02, 1.01504852e+03, 7.01776001e+02, 1.01523193e+03,
    6.76501831e+02, 1.01552161e+03, 6.51196106e+02, 1.01603912e+03,
    6.25797791e+02, 1.01649774e+03, 7.27013794e+02, 9.90124146e+02,
    7.01743713e+02, 9.90259705e+02, 6.76485779e+02, 9.90522034e+02,
    6.51116699e+02, 9.90853638e+02, 6.25730408e+02, 9.91403076e+02,
    7.26942993e+02, 9.64966003e+02, 7.01684753e+02, 9.65139587e+02,
    6.76437378e+02, 9.65356018e+02, 6.50996216e+02, 9.65693359e+02,
    6.25531677e+02, 9.66287781e+02, 7.26795654e+02, 9.39854370e+02,
    7.01586548e+02, 9.40075073e+02, 6.76305542e+02, 9.40335999e+02,
    6.50772339e+02, 9.40713867e+02, 6.25360779e+02, 9.41325623e+02,
    7.26705261e+02, 9.14986084e+02, 7.01397095e+02, 9.15284119e+02,
    6.76036194e+02, 9.15595398e+02, 6.50539429e+02, 9.16127869e+02,
    6.25147461e+02, 9.16591125e+02 ]
