%YAML:1.0
---
points: [ 7.62014709e+02, 1.06442676e+03, 7.37004883e+02, 1.06447095e+03,
    7.11879822e+02, 1.06464124e+03, 6.86617493e+02, 1.06484741e+03,
    6.61556641e+02, 1.06520288e+03, 7.62122681e+02, 1.03922217e+03,
    7.37097229e+02, 1.03925952e+03, 7.12012085e+02, 1.03934692e+03,
    6.86699707e+02, 1.03957910e+03, 6.61599487e+02, 1.03991003e+03,
    7.62117188e+02, 1.01400525e+03, 7.37174866e+02, 1.01403961e+03,
    7.12029175e+02, 1.01419537e+03, 6.86759521e+02, 1.01443683e+03,
    6.61598755e+02, 1.01484180e+03, 7.62169128e+02, 9.88890015e+02,
    7.37140564e+02, 9.88961121e+02, 7.12031494e+02, 9.89194885e+02,
    6.86697754e+02, 9.89488525e+02, 6.61515930e+02, 9.90039795e+02,
    7.62049561e+02, 9.63918274e+02, 7.37043762e+02, 9.63963989e+02,
    7.11887024e+02, 9.64180359e+02, 6.86612732e+02, 9.64453979e+02,
    6.61377869e+02, 9.64885559e+02, 7.61885376e+02, 9.38822815e+02,
    7.36854553e+02, 9.38973022e+02, 7.11780090e+02, 9.39181824e+02,
    6.86502747e+02, 9.39488403e+02, 6.61239502e+02, 9.39886536e+02,
    7.61720947e+02, 9.14004517e+02, 7.36737671e+02, 9.14143982e+02,
    7.11537842e+02, 9.14367188e+02, 6.86305237e+02, 9.14646301e+02,
    6.60967529e+02, 9.15039612e+02 ]
