%YAML:1.0
---
points: [ 7.05531677e+02, 9.14194458e+02, 7.30558533e+02, 9.13909485e+02,
    7.55598145e+02, 9.13748657e+02, 7.80598450e+02, 9.13705872e+02,
    8.05628418e+02, 9.13752563e+02, 7.05689270e+02, 9.38952515e+02,
    7.30739319e+02, 9.38735718e+02, 7.55776001e+02, 9.38555176e+02,
    7.80729065e+02, 9.38583191e+02, 8.05726807e+02, 9.38646484e+02,
    7.05816040e+02, 9.63877686e+02, 7.30839966e+02, 9.63684448e+02,
    7.55874573e+02, 9.63610535e+02, 7.80825317e+02, 9.63585938e+02,
    8.05801025e+02, 9.63699341e+02, 7.05878479e+02, 9.88836609e+02,
    7.30936279e+02, 9.88619751e+02, 7.56023315e+02, 9.88520325e+02,
    7.80942322e+02, 9.88541077e+02, 8.05837463e+02, 9.88685059e+02,
    7.05963318e+02, 1.01384875e+03, 7.30975342e+02, 1.01361823e+03,
    7.55944458e+02, 1.01354175e+03, 7.80976074e+02, 1.01358685e+03,
    8.05837646e+02, 1.01376276e+03, 7.05953430e+02, 1.03893628e+03,
    7.30933411e+02, 1.03879163e+03, 7.55929504e+02, 1.03873352e+03,
    7.80917053e+02, 1.03882629e+03, 8.05826965e+02, 1.03899463e+03,
    7.05909668e+02, 1.06414905e+03, 7.30851440e+02, 1.06407849e+03,
    7.55807617e+02, 1.06405762e+03, 7.80786743e+02, 1.06410327e+03,
    8.05761169e+02, 1.06425073e+03 ]
