%YAML:1.0
---
points: [ 7.12175964e+02, 9.13892578e+02, 7.37338074e+02, 9.13609558e+02,
    7.62379944e+02, 9.13463806e+02, 7.87253784e+02, 9.13428894e+02,
    8.12322266e+02, 9.13401306e+02, 7.12344238e+02, 9.38726196e+02,
    7.37486633e+02, 9.38496582e+02, 7.62526855e+02, 9.38362183e+02,
    7.87392517e+02, 9.38323792e+02, 8.12409363e+02, 9.38366943e+02,
    7.12439880e+02, 9.63681824e+02, 7.37578369e+02, 9.63463562e+02,
    7.62623169e+02, 9.63326721e+02, 7.87474915e+02, 9.63289124e+02,
    8.12490906e+02, 9.63341980e+02, 7.12492432e+02, 9.88596069e+02,
    7.37621277e+02, 9.88368164e+02, 7.62695496e+02, 9.88231445e+02,
    7.87522217e+02, 9.88229126e+02, 8.12547058e+02, 9.88315735e+02,
    7.12501709e+02, 1.01359326e+03, 7.37660522e+02, 1.01339539e+03,
    7.62712891e+02, 1.01328851e+03, 7.87564575e+02, 1.01330365e+03,
    8.12543762e+02, 1.01340765e+03, 7.12523682e+02, 1.03868518e+03,
    7.37620056e+02, 1.03853259e+03, 7.62640442e+02, 1.03843420e+03,
    7.87496277e+02, 1.03850330e+03, 8.12497314e+02, 1.03858875e+03,
    7.12489685e+02, 1.06393420e+03, 7.37526306e+02, 1.06374512e+03,
    7.62574097e+02, 1.06369653e+03, 7.87432068e+02, 1.06369360e+03,
    8.12473328e+02, 1.06383618e+03 ]
