%YAML:1.0
---
points: [ 8.66028442e+02, 1.06330078e+03, 8.41115173e+02, 1.06323291e+03,
    8.16267761e+02, 1.06323840e+03, 7.91239502e+02, 1.06331726e+03,
    7.66193726e+02, 1.06343604e+03, 8.66116821e+02, 1.03816345e+03,
    8.41185303e+02, 1.03804895e+03, 8.16349243e+02, 1.03802307e+03,
    7.91284729e+02, 1.03815942e+03, 7.66270020e+02, 1.03832751e+03,
    8.66096313e+02, 1.01290088e+03, 8.41197144e+02, 1.01279663e+03,
    8.16333862e+02, 1.01283063e+03, 7.91291382e+02, 1.01305267e+03,
    7.66221313e+02, 1.01325610e+03, 8.66081909e+02, 9.87795898e+02,
    8.41190491e+02, 9.87710266e+02, 8.16347900e+02, 9.87768860e+02,
    7.91259949e+02, 9.87903992e+02, 7.66218994e+02, 9.88264221e+02,
    8.66001221e+02, 9.62845154e+02, 8.41091370e+02, 9.62723206e+02,
    8.16309143e+02, 9.62809998e+02, 7.91191101e+02, 9.63065247e+02,
    7.66082092e+02, 9.63373047e+02, 8.65904480e+02, 9.37979065e+02,
    8.40955383e+02, 9.37931824e+02, 8.16241638e+02, 9.38057068e+02,
    7.91076294e+02, 9.38219727e+02, 7.65949036e+02, 9.38442017e+02,
    8.65783508e+02, 9.13174438e+02, 8.40812927e+02, 9.13176392e+02,
    8.15972778e+02, 9.13229553e+02, 7.90863159e+02, 9.13395325e+02,
    7.65740173e+02, 9.13621338e+02 ]
