%YAML:1.0
---
points: [ 9.01435547e+02, 1.06270203e+03, 8.76393250e+02, 1.06280200e+03,
    8.51424255e+02, 1.06297351e+03, 8.26546997e+02, 1.06321521e+03,
    8.01505188e+02, 1.06347205e+03, 9.01408264e+02, 1.03766370e+03,
    8.76393372e+02, 1.03766809e+03, 8.51490601e+02, 1.03775647e+03,
    8.26569458e+02, 1.03804419e+03, 8.01522278e+02, 1.03834814e+03,
    9.01405518e+02, 1.01251624e+03, 8.76385376e+02, 1.01253540e+03,
    8.51470398e+02, 1.01265857e+03, 8.26557495e+02, 1.01288123e+03,
    8.01461853e+02, 1.01329944e+03, 9.01395996e+02, 9.87427917e+02,
    8.76317993e+02, 9.87434082e+02, 8.51412170e+02, 9.87555298e+02,
    8.26482178e+02, 9.87807434e+02, 8.01485413e+02, 9.88313477e+02,
    9.01351868e+02, 9.62421570e+02, 8.76264648e+02, 9.62465576e+02,
    8.51327454e+02, 9.62612427e+02, 8.26419678e+02, 9.63012756e+02,
    8.01369873e+02, 9.63435852e+02, 9.01257446e+02, 9.37613098e+02,
    8.76200867e+02, 9.37655151e+02, 8.51247375e+02, 9.37855103e+02,
    8.26358704e+02, 9.38207336e+02, 8.01296936e+02, 9.38502319e+02,
    9.01163513e+02, 9.12802307e+02, 8.76025635e+02, 9.12951965e+02,
    8.51074646e+02, 9.13130066e+02, 8.26200989e+02, 9.13371094e+02,
    8.01103577e+02, 9.13683594e+02 ]
