%YAML:1.0
---
points: [ 9.42753784e+02, 1.06227686e+03, 9.17728333e+02, 1.06232288e+03,
    8.92750793e+02, 1.06253967e+03, 8.67915100e+02, 1.06277368e+03,
    8.42940369e+02, 1.06314673e+03, 9.42737305e+02, 1.03729248e+03,
    9.17662476e+02, 1.03736255e+03, 8.92764038e+02, 1.03746924e+03,
    8.67960388e+02, 1.03773352e+03, 8.42989136e+02, 1.03809790e+03,
    9.42651489e+02, 1.01229163e+03, 9.17623535e+02, 1.01230988e+03,
    8.92706604e+02, 1.01239111e+03, 8.67834045e+02, 1.01261566e+03,
    8.42876404e+02, 1.01302002e+03, 9.42612732e+02, 9.87172852e+02,
    9.17577759e+02, 9.87218750e+02, 8.92694946e+02, 9.87319275e+02,
    8.67768494e+02, 9.87585144e+02, 8.42806213e+02, 9.88058533e+02,
    9.42548523e+02, 9.62107788e+02, 9.17493774e+02, 9.62171509e+02,
    8.92534668e+02, 9.62355530e+02, 8.67659546e+02, 9.62667175e+02,
    8.42699280e+02, 9.63224304e+02, 9.42463135e+02, 9.37325867e+02,
    9.17448975e+02, 9.37410217e+02, 8.92466980e+02, 9.37601746e+02,
    8.67523743e+02, 9.37912598e+02, 8.42617737e+02, 9.38373230e+02,
    9.42387634e+02, 9.12591248e+02, 9.17336670e+02, 9.12676758e+02,
    8.92355225e+02, 9.12922852e+02, 8.67347351e+02, 9.13238342e+02,
    8.42466980e+02, 9.13520630e+02 ]
