%YAML:1.0
---
points: [ 9.10488953e+02, 9.13146851e+02, 9.35309998e+02, 9.12830688e+02,
    9.60320984e+02, 9.12548706e+02, 9.85243896e+02, 9.12430420e+02,
    1.01021643e+03, 9.12387390e+02, 9.10600220e+02, 9.37896301e+02,
    9.35465515e+02, 9.37537476e+02, 9.60377258e+02, 9.37321472e+02,
    9.85323181e+02, 9.37203369e+02, 1.01031525e+03, 9.37185181e+02,
    9.10675293e+02, 9.62642456e+02, 9.35540039e+02, 9.62301697e+02,
    9.60479858e+02, 9.62014587e+02, 9.85409485e+02, 9.61892639e+02,
    1.01040356e+03, 9.61900146e+02, 9.10705750e+02, 9.87559998e+02,
    9.35606079e+02, 9.87304626e+02, 9.60517395e+02, 9.87092102e+02,
    9.85523438e+02, 9.86909363e+02, 1.01049036e+03, 9.86985352e+02,
    9.10780396e+02, 1.01259180e+03, 9.35697021e+02, 1.01237781e+03,
    9.60564392e+02, 1.01217572e+03, 9.85538208e+02, 1.01202905e+03,
    1.01056927e+03, 1.01212402e+03, 9.10865112e+02, 1.03770728e+03,
    9.35721191e+02, 1.03743066e+03, 9.60653137e+02, 1.03723547e+03,
    9.85600403e+02, 1.03716785e+03, 1.01061493e+03, 1.03716272e+03,
    9.10861267e+02, 1.06275415e+03, 9.35789673e+02, 1.06244702e+03,
    9.60677002e+02, 1.06229382e+03, 9.85637451e+02, 1.06216174e+03,
    1.01062585e+03, 1.06217542e+03 ]
