%YAML:1.0
---
points: [ 9.61240173e+02, 9.12218994e+02, 9.86135986e+02, 9.12141968e+02,
    1.01100250e+03, 9.12119751e+02, 1.03581384e+03, 9.12201233e+02,
    1.06069812e+03, 9.12381104e+02, 9.61304993e+02, 9.36919189e+02,
    9.86207458e+02, 9.36710999e+02, 1.01113599e+03, 9.36727905e+02,
    1.03591455e+03, 9.36893250e+02, 1.06080835e+03, 9.37107544e+02,
    9.61391724e+02, 9.61537964e+02, 9.86283875e+02, 9.61444824e+02,
    1.01121454e+03, 9.61468872e+02, 1.03593774e+03, 9.61591858e+02,
    1.06087646e+03, 9.61863525e+02, 9.61447693e+02, 9.86447693e+02,
    9.86321533e+02, 9.86391296e+02, 1.01130164e+03, 9.86464355e+02,
    1.03605798e+03, 9.86548828e+02, 1.06101355e+03, 9.86967896e+02,
    9.61493530e+02, 1.01141345e+03, 9.86367065e+02, 1.01138251e+03,
    1.01133459e+03, 1.01143402e+03, 1.03621606e+03, 1.01167206e+03,
    1.06106140e+03, 1.01200580e+03, 9.61528625e+02, 1.03625378e+03,
    9.86405701e+02, 1.03626587e+03, 1.01137750e+03, 1.03638196e+03,
    1.03624927e+03, 1.03661365e+03, 1.06111755e+03, 1.03700281e+03,
    9.61557129e+02, 1.06128772e+03, 9.86417175e+02, 1.06130237e+03,
    1.01139545e+03, 1.06141528e+03, 1.03628528e+03, 1.06163342e+03,
    1.06117517e+03, 1.06196057e+03 ]
