%YAML:1.0
---
points: [ 1.01947577e+03, 9.12691650e+02, 1.04438196e+03, 9.12537476e+02,
    1.06937109e+03, 9.12447998e+02, 1.09418420e+03, 9.12504211e+02,
    1.11909094e+03, 9.12548096e+02, 1.01952075e+03, 9.37441895e+02,
    1.04440771e+03, 9.37252197e+02, 1.06938855e+03, 9.37223572e+02,
    1.09421045e+03, 9.37221436e+02, 1.11913184e+03, 9.37323792e+02,
    1.01960010e+03, 9.62098877e+02, 1.04447437e+03, 9.61938721e+02,
    1.06943054e+03, 9.61824646e+02, 1.09426282e+03, 9.61895447e+02,
    1.11920740e+03, 9.62133667e+02, 1.01969714e+03, 9.87108154e+02,
    1.04451184e+03, 9.86881287e+02, 1.06948096e+03, 9.86863159e+02,
    1.09439465e+03, 9.86921204e+02, 1.11927759e+03, 9.87169373e+02,
    1.01968701e+03, 1.01213690e+03, 1.04455139e+03, 1.01198956e+03,
    1.06952356e+03, 1.01185803e+03, 1.09442175e+03, 1.01203424e+03,
    1.11936682e+03, 1.01227130e+03, 1.01976508e+03, 1.03709229e+03,
    1.04457910e+03, 1.03689722e+03, 1.06953455e+03, 1.03688171e+03,
    1.09453125e+03, 1.03707007e+03, 1.11945569e+03, 1.03727173e+03,
    1.01978821e+03, 1.06195020e+03, 1.04465051e+03, 1.06184900e+03,
    1.06960632e+03, 1.06185828e+03, 1.09459644e+03, 1.06198865e+03,
    1.11947327e+03, 1.06221069e+03 ]
