%YAML:1.0
---
points: [ 1.06204150e+03, 9.12647766e+02, 1.08675671e+03, 9.12493408e+02,
    1.11171948e+03, 9.12420410e+02, 1.13671106e+03, 9.12421509e+02,
    1.16165747e+03, 9.12501465e+02, 1.06209656e+03, 9.37392578e+02,
    1.08678833e+03, 9.37175842e+02, 1.11173792e+03, 9.37063110e+02,
    1.13670813e+03, 9.37187500e+02, 1.16171924e+03, 9.37310547e+02,
    1.06213318e+03, 9.62102539e+02, 1.08681824e+03, 9.61937317e+02,
    1.11181763e+03, 9.61871094e+02, 1.13678979e+03, 9.61908142e+02,
    1.16176501e+03, 9.62114380e+02, 1.06220557e+03, 9.87154297e+02,
    1.08692761e+03, 9.86913940e+02, 1.11189526e+03, 9.86897278e+02,
    1.13685046e+03, 9.87002014e+02, 1.16188330e+03, 9.87192383e+02,
    1.06225366e+03, 1.01215198e+03, 1.08699609e+03, 1.01196442e+03,
    1.11200366e+03, 1.01192316e+03, 1.13695667e+03, 1.01203625e+03,
    1.16195007e+03, 1.01221582e+03, 1.06234790e+03, 1.03716504e+03,
    1.08711584e+03, 1.03705151e+03, 1.11215222e+03, 1.03699146e+03,
    1.13709814e+03, 1.03714319e+03, 1.16209924e+03, 1.03731750e+03,
    1.06242834e+03, 1.06214490e+03, 1.08719324e+03, 1.06201526e+03,
    1.11222131e+03, 1.06197266e+03, 1.13719897e+03, 1.06205383e+03,
    1.16214478e+03, 1.06229077e+03 ]
