%YAML:1.0
---
points: [ 1.07929761e+03, 9.12508728e+02, 1.10389185e+03, 9.12329468e+02,
    1.12875256e+03, 9.12221069e+02, 1.15371045e+03, 9.12230225e+02,
    1.17876062e+03, 9.12232117e+02, 1.07929492e+03, 9.37269043e+02,
    1.10393652e+03, 9.37002747e+02, 1.12878479e+03, 9.36871826e+02,
    1.15374182e+03, 9.36897522e+02, 1.17882886e+03, 9.36942627e+02,
    1.07934290e+03, 9.61901489e+02, 1.10400928e+03, 9.61685120e+02,
    1.12881555e+03, 9.61582458e+02, 1.15375525e+03, 9.61619385e+02,
    1.17888953e+03, 9.61727966e+02, 1.07941943e+03, 9.86977112e+02,
    1.10412268e+03, 9.86690552e+02, 1.12888220e+03, 9.86571167e+02,
    1.15382446e+03, 9.86626892e+02, 1.17900720e+03, 9.86839233e+02,
    1.07949756e+03, 1.01199475e+03, 1.10422705e+03, 1.01176062e+03,
    1.12909534e+03, 1.01162231e+03, 1.15396826e+03, 1.01170227e+03,
    1.17910278e+03, 1.01182886e+03, 1.07951721e+03, 1.03692627e+03,
    1.10434888e+03, 1.03666199e+03, 1.12917529e+03, 1.03662537e+03,
    1.15414819e+03, 1.03668091e+03, 1.17924902e+03, 1.03688879e+03,
    1.07957520e+03, 1.06185583e+03, 1.10442188e+03, 1.06168835e+03,
    1.12927942e+03, 1.06161707e+03, 1.15425415e+03, 1.06168115e+03,
    1.17933972e+03, 1.06180078e+03 ]
