%YAML:1.0
---
points: [ 1.14792078e+03, 9.12952881e+02, 1.17259814e+03, 9.12681396e+02,
    1.19743884e+03, 9.12546692e+02, 1.22240686e+03, 9.12497009e+02,
    1.24749524e+03, 9.12504395e+02, 1.14784290e+03, 9.37656494e+02,
    1.17260010e+03, 9.37365662e+02, 1.19739148e+03, 9.37284058e+02,
    1.22236877e+03, 9.37191528e+02, 1.24746741e+03, 9.37294128e+02,
    1.14784729e+03, 9.62354492e+02, 1.17260083e+03, 9.62157593e+02,
    1.19741064e+03, 9.61950684e+02, 1.22234839e+03, 9.61929199e+02,
    1.24749023e+03, 9.62081055e+02, 1.14792798e+03, 9.87345581e+02,
    1.17261646e+03, 9.87135315e+02, 1.19743323e+03, 9.86946533e+02,
    1.22240613e+03, 9.86915588e+02, 1.24749792e+03, 9.87087830e+02,
    1.14792603e+03, 1.01234296e+03, 1.17270959e+03, 1.01215973e+03,
    1.19747363e+03, 1.01198938e+03, 1.22243689e+03, 1.01199316e+03,
    1.24755786e+03, 1.01207361e+03, 1.14808057e+03, 1.03737439e+03,
    1.17270654e+03, 1.03716357e+03, 1.19757361e+03, 1.03698108e+03,
    1.22253320e+03, 1.03694714e+03, 1.24766553e+03, 1.03705371e+03,
    1.14812537e+03, 1.06228040e+03, 1.17282422e+03, 1.06202649e+03,
    1.19764844e+03, 1.06198291e+03, 1.22260864e+03, 1.06188647e+03,
    1.24769873e+03, 1.06188318e+03 ]
