%YAML:1.0
---
points: [ 1.18775525e+03, 9.12550293e+02, 1.21257764e+03, 9.12453369e+02,
    1.23756323e+03, 9.12405090e+02, 1.26262500e+03, 9.12461609e+02,
    1.28764148e+03, 9.12543518e+02, 1.18775781e+03, 9.37275940e+02,
    1.21255493e+03, 9.37144714e+02, 1.23752258e+03, 9.37105957e+02,
    1.26254431e+03, 9.37132874e+02, 1.28762024e+03, 9.37313538e+02,
    1.18775415e+03, 9.61918823e+02, 1.21254492e+03, 9.61747375e+02,
    1.23754443e+03, 9.61738037e+02, 1.26254260e+03, 9.61826660e+02,
    1.28764990e+03, 9.62080444e+02, 1.18779480e+03, 9.86865601e+02,
    1.21258118e+03, 9.86697937e+02, 1.23757898e+03, 9.86684570e+02,
    1.26260645e+03, 9.86810669e+02, 1.28771875e+03, 9.87138245e+02,
    1.18782275e+03, 1.01179645e+03, 1.21261804e+03, 1.01168762e+03,
    1.23760986e+03, 1.01167065e+03, 1.26267993e+03, 1.01180444e+03,
    1.28770166e+03, 1.01213586e+03, 1.18796777e+03, 1.03670898e+03,
    1.21270581e+03, 1.03662805e+03, 1.23767908e+03, 1.03663843e+03,
    1.26277197e+03, 1.03674841e+03, 1.28789685e+03, 1.03713672e+03,
    1.18811218e+03, 1.06159839e+03, 1.21278613e+03, 1.06154700e+03,
    1.23779663e+03, 1.06164429e+03, 1.26287061e+03, 1.06170483e+03,
    1.28793433e+03, 1.06194409e+03 ]
