%YAML:1.0
---
points: [ 1.20631128e+03, 9.12518616e+02, 1.23108923e+03, 9.12396301e+02,
    1.25590112e+03, 9.12322815e+02, 1.28090723e+03, 9.12308655e+02,
    1.30615112e+03, 9.12386292e+02, 1.20628418e+03, 9.37234253e+02,
    1.23107642e+03, 9.37020691e+02, 1.25583459e+03, 9.37004272e+02,
    1.28086731e+03, 9.36962952e+02, 1.30614990e+03, 9.37120972e+02,
    1.20629150e+03, 9.61867615e+02, 1.23107239e+03, 9.61709045e+02,
    1.25582532e+03, 9.61611694e+02, 1.28081567e+03, 9.61689819e+02,
    1.30610095e+03, 9.61865845e+02, 1.20629980e+03, 9.86827209e+02,
    1.23110730e+03, 9.86634521e+02, 1.25590955e+03, 9.86595581e+02,
    1.28086707e+03, 9.86645020e+02, 1.30616992e+03, 9.86879333e+02,
    1.20636230e+03, 1.01172681e+03, 1.23120569e+03, 1.01164398e+03,
    1.25596985e+03, 1.01154614e+03, 1.28103564e+03, 1.01162634e+03,
    1.30623975e+03, 1.01182507e+03, 1.20643506e+03, 1.03663684e+03,
    1.23129309e+03, 1.03647656e+03, 1.25616968e+03, 1.03646545e+03,
    1.28116260e+03, 1.03652124e+03, 1.30637476e+03, 1.03674658e+03,
    1.20652234e+03, 1.06154700e+03, 1.23141760e+03, 1.06143640e+03,
    1.25628210e+03, 1.06141003e+03, 1.28126135e+03, 1.06146948e+03,
    1.30641296e+03, 1.06156104e+03 ]
