%YAML:1.0
---
points: [ 1.23921558e+03, 9.12952637e+02, 1.26403198e+03, 9.12645691e+02,
    1.28881226e+03, 9.12460938e+02, 1.31355420e+03, 9.12398254e+02,
    1.33862012e+03, 9.12332153e+02, 1.23912305e+03, 9.37652100e+02,
    1.26388464e+03, 9.37346497e+02, 1.28875903e+03, 9.37118103e+02,
    1.31350647e+03, 9.37035461e+02, 1.33855872e+03, 9.36959778e+02,
    1.23916919e+03, 9.62346985e+02, 1.26394397e+03, 9.62071899e+02,
    1.28873462e+03, 9.61801270e+02, 1.31349255e+03, 9.61710876e+02,
    1.33861743e+03, 9.61676025e+02, 1.23923547e+03, 9.87289185e+02,
    1.26404626e+03, 9.87026428e+02, 1.28884094e+03, 9.86772522e+02,
    1.31354590e+03, 9.86653992e+02, 1.33862329e+03, 9.86654358e+02,
    1.23928638e+03, 1.01230853e+03, 1.26409485e+03, 1.01203290e+03,
    1.28891785e+03, 1.01171222e+03, 1.31364893e+03, 1.01161151e+03,
    1.33870471e+03, 1.01166211e+03, 1.23935620e+03, 1.03730042e+03,
    1.26423376e+03, 1.03690527e+03, 1.28913525e+03, 1.03665417e+03,
    1.31373193e+03, 1.03653955e+03, 1.33885254e+03, 1.03654272e+03,
    1.23944373e+03, 1.06218701e+03, 1.26433655e+03, 1.06179346e+03,
    1.28931018e+03, 1.06155591e+03, 1.31396033e+03, 1.06144556e+03,
    1.33894556e+03, 1.06139722e+03 ]
