%YAML:1.0
---
points: [ 1.25827759e+03, 9.13170593e+02, 1.28281873e+03, 9.12751953e+02,
    1.30768494e+03, 9.12508789e+02, 1.33258508e+03, 9.12404907e+02,
    1.35758911e+03, 9.12318176e+02, 1.25821753e+03, 9.37787292e+02,
    1.28271887e+03, 9.37462891e+02, 1.30759302e+03, 9.37249817e+02,
    1.33247363e+03, 9.37050720e+02, 1.35754236e+03, 9.37008850e+02,
    1.25824121e+03, 9.62529419e+02, 1.28274023e+03, 9.62149231e+02,
    1.30760449e+03, 9.61874390e+02, 1.33246289e+03, 9.61733093e+02,
    1.35749036e+03, 9.61721802e+02, 1.25828430e+03, 9.87393372e+02,
    1.28283813e+03, 9.87106445e+02, 1.30764417e+03, 9.86844238e+02,
    1.33251978e+03, 9.86648621e+02, 1.35755457e+03, 9.86678772e+02,
    1.25835498e+03, 1.01242065e+03, 1.28291577e+03, 1.01213275e+03,
    1.30771411e+03, 1.01176764e+03, 1.33259814e+03, 1.01161395e+03,
    1.35761084e+03, 1.01161804e+03, 1.25842847e+03, 1.03740955e+03,
    1.28306470e+03, 1.03705347e+03, 1.30788428e+03, 1.03665747e+03,
    1.33269238e+03, 1.03652087e+03, 1.35774609e+03, 1.03647229e+03,
    1.25852502e+03, 1.06234033e+03, 1.28321765e+03, 1.06192078e+03,
    1.30808789e+03, 1.06163513e+03, 1.33284546e+03, 1.06141138e+03,
    1.35789429e+03, 1.06133020e+03 ]
