%YAML:1.0
---
points: [ 1.29681445e+03, 9.12625549e+02, 1.32172961e+03, 9.12512451e+02,
    1.34674207e+03, 9.12448303e+02, 1.37171240e+03, 9.12452576e+02,
    1.39698816e+03, 9.12521240e+02, 1.29671204e+03, 9.37348938e+02,
    1.32164600e+03, 9.37185425e+02, 1.34665833e+03, 9.37153992e+02,
    1.37159631e+03, 9.37148254e+02, 1.39688013e+03, 9.37261047e+02,
    1.29671106e+03, 9.61951172e+02, 1.32163074e+03, 9.61807190e+02,
    1.34662720e+03, 9.61722351e+02, 1.37155566e+03, 9.61808167e+02,
    1.39687402e+03, 9.61965576e+02, 1.29677380e+03, 9.86909485e+02,
    1.32169739e+03, 9.86733032e+02, 1.34669653e+03, 9.86670166e+02,
    1.37163171e+03, 9.86712952e+02, 1.39689661e+03, 9.86926208e+02,
    1.29680444e+03, 1.01183759e+03, 1.32170056e+03, 1.01164221e+03,
    1.34669934e+03, 1.01159302e+03, 1.37166833e+03, 1.01166028e+03,
    1.39691431e+03, 1.01186340e+03, 1.29690601e+03, 1.03662976e+03,
    1.32179919e+03, 1.03651343e+03, 1.34686523e+03, 1.03644958e+03,
    1.37177039e+03, 1.03652051e+03, 1.39709351e+03, 1.03671301e+03,
    1.29710352e+03, 1.06148022e+03, 1.32194128e+03, 1.06138684e+03,
    1.34705603e+03, 1.06139612e+03, 1.37194421e+03, 1.06142041e+03,
    1.39714978e+03, 1.06152722e+03 ]
