%YAML:1.0
---
points: [ 1.31610315e+03, 9.12944702e+02, 1.34068628e+03, 9.12683411e+02,
    1.36557654e+03, 9.12496338e+02, 1.39064575e+03, 9.12472412e+02,
    1.41577661e+03, 9.12462097e+02, 1.31593115e+03, 9.37584351e+02,
    1.34058228e+03, 9.37348755e+02, 1.36546069e+03, 9.37223206e+02,
    1.39051941e+03, 9.37104919e+02, 1.41575806e+03, 9.37146301e+02,
    1.31592957e+03, 9.62274780e+02, 1.34055530e+03, 9.62033691e+02,
    1.36544702e+03, 9.61792664e+02, 1.39046814e+03, 9.61762939e+02,
    1.41570825e+03, 9.61802856e+02, 1.31600781e+03, 9.87218384e+02,
    1.34061316e+03, 9.86974304e+02, 1.36547839e+03, 9.86754639e+02,
    1.39050049e+03, 9.86686646e+02, 1.41571472e+03, 9.86759644e+02,
    1.31601086e+03, 1.01216510e+03, 1.34065491e+03, 1.01190552e+03,
    1.36548401e+03, 1.01165161e+03, 1.39054016e+03, 1.01162262e+03,
    1.41571252e+03, 1.01169861e+03, 1.31614917e+03, 1.03700537e+03,
    1.34083557e+03, 1.03673413e+03, 1.36565283e+03, 1.03653918e+03,
    1.39061926e+03, 1.03647205e+03, 1.41578479e+03, 1.03649988e+03,
    1.31631958e+03, 1.06175562e+03, 1.34103467e+03, 1.06159302e+03,
    1.36580457e+03, 1.06144775e+03, 1.39076318e+03, 1.06133411e+03,
    1.41588428e+03, 1.06135938e+03 ]
