%YAML:1.0
---
points: [ 1.44878894e+03, 1.06106738e+03, 1.42371973e+03, 1.06103845e+03,
    1.39884827e+03, 1.06114392e+03, 1.37392700e+03, 1.06126526e+03,
    1.34919861e+03, 1.06143188e+03, 1.44873364e+03, 1.03606909e+03,
    1.42355310e+03, 1.03614111e+03, 1.39867725e+03, 1.03615906e+03,
    1.37376147e+03, 1.03633472e+03, 1.34905566e+03, 1.03658276e+03,
    1.44859180e+03, 1.01132452e+03, 1.42345129e+03, 1.01130212e+03,
    1.39854309e+03, 1.01131781e+03, 1.37368237e+03, 1.01149469e+03,
    1.34888928e+03, 1.01177570e+03, 1.44857837e+03, 9.86445129e+02,
    1.42337964e+03, 9.86384949e+02, 1.39848193e+03, 9.86441711e+02,
    1.37364038e+03, 9.86594421e+02, 1.34878943e+03, 9.86866882e+02,
    1.44855139e+03, 9.61461304e+02, 1.42336926e+03, 9.61451233e+02,
    1.39846069e+03, 9.61475586e+02, 1.37360400e+03, 9.61672791e+02,
    1.34878613e+03, 9.61939880e+02, 1.44860803e+03, 9.36759705e+02,
    1.42338501e+03, 9.36733032e+02, 1.39848145e+03, 9.36836792e+02,
    1.37365369e+03, 9.36982361e+02, 1.34882739e+03, 9.37307373e+02,
    1.44873315e+03, 9.12135132e+02, 1.42354602e+03, 9.12173706e+02,
    1.39863123e+03, 9.12241882e+02, 1.37371643e+03, 9.12376953e+02,
    1.34894421e+03, 9.12613098e+02 ]
