%YAML:1.0
---
points: [ 1.36695178e+03, 9.12624146e+02, 1.39168530e+03, 9.12452637e+02,
    1.41669165e+03, 9.12315979e+02, 1.44171094e+03, 9.12308105e+02,
    1.46678418e+03, 9.12296143e+02, 1.36679456e+03, 9.37350891e+02,
    1.39157495e+03, 9.37082764e+02, 1.41653088e+03, 9.36966614e+02,
    1.44152686e+03, 9.36852783e+02, 1.46664587e+03, 9.36910156e+02,
    1.36674353e+03, 9.61939148e+02, 1.39150342e+03, 9.61726013e+02,
    1.41649402e+03, 9.61549316e+02, 1.44144250e+03, 9.61556152e+02,
    1.46657434e+03, 9.61595276e+02, 1.36677344e+03, 9.86870422e+02,
    1.39155750e+03, 9.86586670e+02, 1.41652917e+03, 9.86500000e+02,
    1.44149890e+03, 9.86458984e+02, 1.46656177e+03, 9.86531799e+02,
    1.36682812e+03, 1.01174457e+03, 1.39157202e+03, 1.01151379e+03,
    1.41653333e+03, 1.01137805e+03, 1.44154431e+03, 1.01135217e+03,
    1.46658765e+03, 1.01139716e+03, 1.36692126e+03, 1.03650977e+03,
    1.39172314e+03, 1.03630627e+03, 1.41665210e+03, 1.03613159e+03,
    1.44162610e+03, 1.03610327e+03, 1.46670776e+03, 1.03618909e+03,
    1.36710266e+03, 1.06136145e+03, 1.39186450e+03, 1.06122546e+03,
    1.41683813e+03, 1.06114917e+03, 1.44177039e+03, 1.06106848e+03,
    1.46670557e+03, 1.06108472e+03 ]
