%YAML:1.0
---
points: [ 1.41231055e+03, 9.12615479e+02, 1.43713977e+03, 9.12441895e+02,
    1.46203174e+03, 9.12339905e+02, 1.48683398e+03, 9.12284668e+02,
    1.51206201e+03, 9.12263794e+02, 1.41217480e+03, 9.37328979e+02,
    1.43684021e+03, 9.37040039e+02, 1.46164685e+03, 9.36876465e+02,
    1.48658484e+03, 9.36796082e+02, 1.51181750e+03, 9.36875366e+02,
    1.41204504e+03, 9.61907776e+02, 1.43669678e+03, 9.61618896e+02,
    1.46152661e+03, 9.61453003e+02, 1.48645386e+03, 9.61422058e+02,
    1.51167639e+03, 9.61461914e+02, 1.41195532e+03, 9.86737244e+02,
    1.43668787e+03, 9.86488892e+02, 1.46146814e+03, 9.86359375e+02,
    1.48637170e+03, 9.86324646e+02, 1.51157983e+03, 9.86371948e+02,
    1.41195068e+03, 1.01155341e+03, 1.43664685e+03, 1.01135364e+03,
    1.46140979e+03, 1.01115912e+03, 1.48636633e+03, 1.01113690e+03,
    1.51154712e+03, 1.01120148e+03, 1.41202649e+03, 1.03622937e+03,
    1.43669568e+03, 1.03600781e+03, 1.46147437e+03, 1.03586719e+03,
    1.48642566e+03, 1.03579053e+03, 1.51158411e+03, 1.03581299e+03,
    1.41207849e+03, 1.06114636e+03, 1.43676807e+03, 1.06089172e+03,
    1.46162122e+03, 1.06079907e+03, 1.48648730e+03, 1.06066748e+03,
    1.51161414e+03, 1.06064160e+03 ]
