%YAML:1.0
---
points: [ 1.45276636e+03, 9.11638489e+02, 1.47752600e+03, 9.11497742e+02,
    1.50233289e+03, 9.11412598e+02, 1.52737048e+03, 9.11408325e+02,
    1.55251233e+03, 9.11427917e+02, 1.45259546e+03, 9.35975586e+02,
    1.47714136e+03, 9.35707947e+02, 1.50188989e+03, 9.35665955e+02,
    1.52694885e+03, 9.35705139e+02, 1.55220215e+03, 9.35736328e+02,
    1.45244568e+03, 9.60575745e+02, 1.47684290e+03, 9.60457092e+02,
    1.50170789e+03, 9.60408386e+02, 1.52668274e+03, 9.60379700e+02,
    1.55192798e+03, 9.60475464e+02, 1.45233179e+03, 9.85480591e+02,
    1.47667346e+03, 9.85324036e+02, 1.50158289e+03, 9.85260193e+02,
    1.52658459e+03, 9.85249878e+02, 1.55175256e+03, 9.85319031e+02,
    1.45226709e+03, 1.01000128e+03, 1.47666565e+03, 1.00987726e+03,
    1.50149207e+03, 1.00970178e+03, 1.52654968e+03, 1.00971252e+03,
    1.55166882e+03, 1.00989600e+03, 1.45225293e+03, 1.03466980e+03,
    1.47663733e+03, 1.03454663e+03, 1.50148987e+03, 1.03449939e+03,
    1.52654382e+03, 1.03452930e+03, 1.55159399e+03, 1.03457800e+03,
    1.45225000e+03, 1.05956177e+03, 1.47662598e+03, 1.05944922e+03,
    1.50153552e+03, 1.05944006e+03, 1.52652271e+03, 1.05940930e+03,
    1.55154456e+03, 1.05947693e+03 ]
