%YAML:1.0
---
points: [ 1.49166235e+03, 9.11661987e+02, 1.51645605e+03, 9.11493286e+02,
    1.54121899e+03, 9.11398254e+02, 1.56589038e+03, 9.11345154e+02,
    1.59097314e+03, 9.11357117e+02, 1.49139685e+03, 9.36110779e+02,
    1.51609570e+03, 9.35789429e+02, 1.54067944e+03, 9.35672485e+02,
    1.56544263e+03, 9.35623779e+02, 1.59060632e+03, 9.35633850e+02,
    1.49116284e+03, 9.60666321e+02, 1.51570886e+03, 9.60473450e+02,
    1.54036877e+03, 9.60390625e+02, 1.56530420e+03, 9.60371582e+02,
    1.59042761e+03, 9.60402832e+02, 1.49094763e+03, 9.85516235e+02,
    1.51560046e+03, 9.85358582e+02, 1.54019836e+03, 9.85196716e+02,
    1.56505505e+03, 9.85141174e+02, 1.59021997e+03, 9.85227539e+02,
    1.49077356e+03, 1.01015216e+03, 1.51537891e+03, 1.00987054e+03,
    1.54002832e+03, 1.00966333e+03, 1.56487415e+03, 1.00961707e+03,
    1.59001245e+03, 1.00963989e+03, 1.49064172e+03, 1.03468445e+03,
    1.51533887e+03, 1.03456274e+03, 1.53996545e+03, 1.03445898e+03,
    1.56480115e+03, 1.03442676e+03, 1.58981787e+03, 1.03442651e+03,
    1.49062219e+03, 1.05958752e+03, 1.51530481e+03, 1.05946375e+03,
    1.54000085e+03, 1.05938306e+03, 1.56475708e+03, 1.05926099e+03,
    1.58970642e+03, 1.05929773e+03 ]
