%YAML:1.0
---
points: [ 1.51390723e+03, 9.11386597e+02, 1.53850134e+03, 9.11232483e+02,
    1.56346802e+03, 9.11156250e+02, 1.58825354e+03, 9.11122192e+02,
    1.61320862e+03, 9.11086426e+02, 1.51345691e+03, 9.35640564e+02,
    1.53817932e+03, 9.35429077e+02, 1.56290112e+03, 9.35370300e+02,
    1.58759973e+03, 9.35369507e+02, 1.61264233e+03, 9.35411255e+02,
    1.51322681e+03, 9.60313538e+02, 1.53778882e+03, 9.60227234e+02,
    1.56253235e+03, 9.60105652e+02, 1.58728918e+03, 9.60090271e+02,
    1.61240002e+03, 9.60211365e+02, 1.51291345e+03, 9.85095581e+02,
    1.53759143e+03, 9.84848022e+02, 1.56228625e+03, 9.84749329e+02,
    1.58706616e+03, 9.84759888e+02, 1.61216443e+03, 9.84849304e+02,
    1.51273108e+03, 1.00955566e+03, 1.53735474e+03, 1.00939355e+03,
    1.56212109e+03, 1.00926935e+03, 1.58682251e+03, 1.00930292e+03,
    1.61185974e+03, 1.00937482e+03, 1.51257520e+03, 1.03432629e+03,
    1.53726807e+03, 1.03420447e+03, 1.56196851e+03, 1.03413281e+03,
    1.58667444e+03, 1.03409717e+03, 1.61170325e+03, 1.03417993e+03,
    1.51251184e+03, 1.05913635e+03, 1.53716150e+03, 1.05895056e+03,
    1.56198425e+03, 1.05881335e+03, 1.58658032e+03, 1.05876599e+03,
    1.61152698e+03, 1.05877368e+03 ]
