%YAML:1.0
---
points: [ 1.56561853e+03, 9.11544006e+02, 1.59029614e+03, 9.11367371e+02,
    1.61483020e+03, 9.11277283e+02, 1.63943250e+03, 9.11194885e+02,
    1.66443933e+03, 9.11237061e+02, 1.56520190e+03, 9.35818970e+02,
    1.58958606e+03, 9.35618164e+02, 1.61413159e+03, 9.35477417e+02,
    1.63884863e+03, 9.35416931e+02, 1.66381445e+03, 9.35423706e+02,
    1.56466321e+03, 9.60438232e+02, 1.58914099e+03, 9.60306885e+02,
    1.61365234e+03, 9.60190247e+02, 1.63837000e+03, 9.60146301e+02,
    1.66337073e+03, 9.60178650e+02, 1.56433838e+03, 9.85261292e+02,
    1.58880017e+03, 9.84975220e+02, 1.61331970e+03, 9.84804626e+02,
    1.63791357e+03, 9.84719360e+02, 1.66289941e+03, 9.84777222e+02,
    1.56400916e+03, 1.00965649e+03, 1.58848596e+03, 1.00945300e+03,
    1.61287366e+03, 1.00930206e+03, 1.63765356e+03, 1.00926093e+03,
    1.66259595e+03, 1.00927960e+03, 1.56372424e+03, 1.03436206e+03,
    1.58827917e+03, 1.03421228e+03, 1.61264880e+03, 1.03404858e+03,
    1.63751953e+03, 1.03399890e+03, 1.66231641e+03, 1.03392041e+03,
    1.56362317e+03, 1.05914160e+03, 1.58804822e+03, 1.05894751e+03,
    1.61261133e+03, 1.05876074e+03, 1.63730322e+03, 1.05862500e+03,
    1.66201465e+03, 1.05857886e+03 ]
