%YAML:1.0
---
points: [ 1.59357959e+03, 9.11561035e+02, 1.61780322e+03, 9.11343811e+02,
    1.64258801e+03, 9.11218506e+02, 1.66716248e+03, 9.11124207e+02,
    1.69171277e+03, 9.11118408e+02, 1.59277014e+03, 9.35765320e+02,
    1.61727734e+03, 9.35560608e+02, 1.64180640e+03, 9.35427551e+02,
    1.66632312e+03, 9.35348877e+02, 1.69129443e+03, 9.35350220e+02,
    1.59234009e+03, 9.60415833e+02, 1.61672742e+03, 9.60267334e+02,
    1.64128625e+03, 9.60075256e+02, 1.66576648e+03, 9.59956421e+02,
    1.69067834e+03, 9.59975098e+02, 1.59189270e+03, 9.85180786e+02,
    1.61635083e+03, 9.84875732e+02, 1.64077539e+03, 9.84662842e+02,
    1.66538391e+03, 9.84604187e+02, 1.69021838e+03, 9.84610291e+02,
    1.59159460e+03, 1.00956989e+03, 1.61590735e+03, 1.00934650e+03,
    1.64044092e+03, 1.00922815e+03, 1.66494470e+03, 1.00916309e+03,
    1.68977258e+03, 1.00914111e+03, 1.59132410e+03, 1.03431946e+03,
    1.61570471e+03, 1.03411523e+03, 1.64012598e+03, 1.03385620e+03,
    1.66465417e+03, 1.03377771e+03, 1.68949988e+03, 1.03371045e+03,
    1.59101416e+03, 1.05900977e+03, 1.61554431e+03, 1.05871045e+03,
    1.63985144e+03, 1.05853943e+03, 1.66446899e+03, 1.05840271e+03,
    1.68916394e+03, 1.05833545e+03 ]
