%YAML:1.0
---
points: [ 1.62314551e+03, 9.11705383e+02, 1.64747595e+03, 9.11507507e+02,
    1.67164075e+03, 9.11331177e+02, 1.69625940e+03, 9.11234192e+02,
    1.72083484e+03, 9.11067322e+02, 1.62243958e+03, 9.36126404e+02,
    1.64659497e+03, 9.35700684e+02, 1.67089111e+03, 9.35524109e+02,
    1.69543933e+03, 9.35382568e+02, 1.72015649e+03, 9.35353027e+02,
    1.62192749e+03, 9.60626831e+02, 1.64603223e+03, 9.60386780e+02,
    1.67036694e+03, 9.60189819e+02, 1.69478711e+03, 9.60043945e+02,
    1.71947534e+03, 9.59909973e+02, 1.62139795e+03, 9.85432678e+02,
    1.64555212e+03, 9.85037781e+02, 1.66977222e+03, 9.84790833e+02,
    1.69433435e+03, 9.84617310e+02, 1.71873071e+03, 9.84555481e+02,
    1.62092603e+03, 1.00986316e+03, 1.64494482e+03, 1.00948956e+03,
    1.66940833e+03, 1.00926904e+03, 1.69376648e+03, 1.00911005e+03,
    1.71833130e+03, 1.00900995e+03, 1.62064417e+03, 1.03445911e+03,
    1.64466052e+03, 1.03426782e+03, 1.66911316e+03, 1.03390247e+03,
    1.69344543e+03, 1.03373865e+03, 1.71788464e+03, 1.03361377e+03,
    1.62035266e+03, 1.05924536e+03, 1.64442554e+03, 1.05882007e+03,
    1.66889343e+03, 1.05859570e+03, 1.69309644e+03, 1.05839111e+03,
    1.71750208e+03, 1.05818298e+03 ]
