%YAML:1.0
---
points: [ 1.77743225e+03, 1.05705725e+03, 1.75345435e+03, 1.05747021e+03,
    1.72932825e+03, 1.05801111e+03, 1.70534424e+03, 1.05849585e+03,
    1.68133801e+03, 1.05915430e+03, 1.77797119e+03, 1.03263855e+03,
    1.75369104e+03, 1.03296167e+03, 1.72955823e+03, 1.03340247e+03,
    1.70564258e+03, 1.03392261e+03, 1.68161499e+03, 1.03442493e+03,
    1.77839197e+03, 1.00803082e+03, 1.75394263e+03, 1.00836804e+03,
    1.72987109e+03, 1.00871381e+03, 1.70594653e+03, 1.00926752e+03,
    1.68206946e+03, 1.00973163e+03, 1.77883533e+03, 9.83513062e+02,
    1.75446729e+03, 9.83923828e+02, 1.73039661e+03, 9.84342651e+02,
    1.70640466e+03, 9.84744629e+02, 1.68249829e+03, 9.85391052e+02,
    1.77939124e+03, 9.59019653e+02, 1.75492981e+03, 9.59351379e+02,
    1.73097986e+03, 9.59655029e+02, 1.70681042e+03, 9.60168579e+02,
    1.68311523e+03, 9.60570679e+02, 1.78005542e+03, 9.34484375e+02,
    1.75555566e+03, 9.34782776e+02, 1.73159619e+03, 9.35171082e+02,
    1.70746667e+03, 9.35533142e+02, 1.68363501e+03, 9.36103149e+02,
    1.78066528e+03, 9.10205444e+02, 1.75653833e+03, 9.10495667e+02,
    1.73241846e+03, 9.10855835e+02, 1.70823267e+03, 9.11326050e+02,
    1.68447375e+03, 9.11727966e+02 ]
