%YAML:1.0
---
points: [ 1.81989941e+03, 1.05461279e+03, 1.79611829e+03, 1.05519189e+03,
    1.77249243e+03, 1.05577673e+03, 1.74866382e+03, 1.05646545e+03,
    1.72528918e+03, 1.05736536e+03, 1.82042664e+03, 1.03020825e+03,
    1.79639307e+03, 1.03071143e+03, 1.77270898e+03, 1.03141370e+03,
    1.74901184e+03, 1.03221362e+03, 1.72558044e+03, 1.03279565e+03,
    1.82079980e+03, 1.00594641e+03, 1.79674951e+03, 1.00642151e+03,
    1.77324817e+03, 1.00700128e+03, 1.74945020e+03, 1.00759052e+03,
    1.72601794e+03, 1.00837494e+03, 1.82131458e+03, 9.81536316e+02,
    1.79723059e+03, 9.81935669e+02, 1.77372729e+03, 9.82479919e+02,
    1.74990063e+03, 9.83188477e+02, 1.72654175e+03, 9.83958923e+02,
    1.82186633e+03, 9.57186951e+02, 1.79778918e+03, 9.57543457e+02,
    1.77423315e+03, 9.58250305e+02, 1.75042407e+03, 9.58736633e+02,
    1.72703979e+03, 9.59445984e+02, 1.82251013e+03, 9.32830017e+02,
    1.79865332e+03, 9.33321960e+02, 1.77487927e+03, 9.33690735e+02,
    1.75128613e+03, 9.34294617e+02, 1.72771814e+03, 9.34884033e+02,
    1.82341760e+03, 9.08589783e+02, 1.79960803e+03, 9.08967529e+02,
    1.77567139e+03, 9.09451904e+02, 1.75214893e+03, 9.10012512e+02,
    1.72849658e+03, 9.10617310e+02 ]
