%YAML:1.0
---
points: [ 1.84435071e+03, 1.05386792e+03, 1.82079993e+03, 1.05455627e+03,
    1.79722156e+03, 1.05528809e+03, 1.77370618e+03, 1.05592529e+03,
    1.75015747e+03, 1.05664807e+03, 1.84471045e+03, 1.02952844e+03,
    1.82113745e+03, 1.03015393e+03, 1.79742590e+03, 1.03076270e+03,
    1.77394861e+03, 1.03154553e+03, 1.75044519e+03, 1.03247278e+03,
    1.84528711e+03, 1.00537769e+03, 1.82150745e+03, 1.00581995e+03,
    1.79776465e+03, 1.00648218e+03, 1.77436694e+03, 1.00721533e+03,
    1.75092468e+03, 1.00787140e+03, 1.84585107e+03, 9.81041260e+02,
    1.82197070e+03, 9.81477417e+02, 1.79842957e+03, 9.82047729e+02,
    1.77494275e+03, 9.82589844e+02, 1.75152576e+03, 9.83514221e+02,
    1.84650732e+03, 9.56589478e+02, 1.82252246e+03, 9.57115723e+02,
    1.79910083e+03, 9.57657471e+02, 1.77544580e+03, 9.58401245e+02,
    1.75221289e+03, 9.59115540e+02, 1.84732764e+03, 9.32403259e+02,
    1.82332312e+03, 9.32858948e+02, 1.79973706e+03, 9.33408142e+02,
    1.77613611e+03, 9.33850098e+02, 1.75282739e+03, 9.34577637e+02,
    1.84811035e+03, 9.08156189e+02, 1.82423596e+03, 9.08522034e+02,
    1.80066077e+03, 9.09134583e+02, 1.77699634e+03, 9.09637878e+02,
    1.75366968e+03, 9.10341492e+02 ]
