%YAML:1.0
---
points: [ 1.89086450e+03, 1.05333362e+03, 1.86770081e+03, 1.05406262e+03,
    1.84438904e+03, 1.05487317e+03, 1.82125513e+03, 1.05586353e+03,
    1.79818921e+03, 1.05677698e+03, 1.89132495e+03, 1.02906042e+03,
    1.86793262e+03, 1.02962866e+03, 1.84460083e+03, 1.03044800e+03,
    1.82157214e+03, 1.03150183e+03, 1.79853442e+03, 1.03258215e+03,
    1.89164819e+03, 1.00460193e+03, 1.86836255e+03, 1.00545367e+03,
    1.84503320e+03, 1.00627386e+03, 1.82190369e+03, 1.00712457e+03,
    1.79901904e+03, 1.00803137e+03, 1.89227087e+03, 9.80474976e+02,
    1.86879858e+03, 9.81158936e+02, 1.84560339e+03, 9.81728882e+02,
    1.82242737e+03, 9.82549500e+02, 1.79947974e+03, 9.83662598e+02,
    1.89287512e+03, 9.56002563e+02, 1.86945300e+03, 9.56646362e+02,
    1.84626624e+03, 9.57442810e+02, 1.82290833e+03, 9.58325745e+02,
    1.80018884e+03, 9.59268616e+02, 1.89365393e+03, 9.31766663e+02,
    1.87018530e+03, 9.32465637e+02, 1.84695837e+03, 9.33224548e+02,
    1.82370911e+03, 9.33866882e+02, 1.80077124e+03, 9.34722534e+02,
    1.89454858e+03, 9.07610962e+02, 1.87113232e+03, 9.08280090e+02,
    1.84789697e+03, 9.08864014e+02, 1.82471045e+03, 9.09630371e+02,
    1.80166223e+03, 9.10490784e+02 ]
