%YAML:1.0
---
points: [ 1.89426318e+03, 1.05305420e+03, 1.87101160e+03, 1.05385400e+03,
    1.84806921e+03, 1.05473230e+03, 1.82491919e+03, 1.05581042e+03,
    1.80195105e+03, 1.05683057e+03, 1.89463403e+03, 1.02873657e+03,
    1.87131396e+03, 1.02949841e+03, 1.84827832e+03, 1.03036279e+03,
    1.82535889e+03, 1.03144458e+03, 1.80229785e+03, 1.03262402e+03,
    1.89503796e+03, 1.00438177e+03, 1.87159021e+03, 1.00524243e+03,
    1.84863757e+03, 1.00615002e+03, 1.82569836e+03, 1.00714124e+03,
    1.80262500e+03, 1.00816388e+03, 1.89553357e+03, 9.80258667e+02,
    1.87224219e+03, 9.80905762e+02, 1.84916187e+03, 9.81651062e+02,
    1.82623303e+03, 9.82495361e+02, 1.80331995e+03, 9.83756958e+02,
    1.89623511e+03, 9.55676514e+02, 1.87286584e+03, 9.56458618e+02,
    1.84964954e+03, 9.57370789e+02, 1.82672473e+03, 9.58356323e+02,
    1.80388525e+03, 9.59331055e+02, 1.89677563e+03, 9.31582825e+02,
    1.87359424e+03, 9.32327881e+02, 1.85040625e+03, 9.33136963e+02,
    1.82744678e+03, 9.33798828e+02, 1.80465186e+03, 9.34793335e+02,
    1.89759375e+03, 9.07437500e+02, 1.87455566e+03, 9.08180603e+02,
    1.85148083e+03, 9.08761963e+02, 1.82838611e+03, 9.09577942e+02,
    1.80563611e+03, 9.10506348e+02 ]
