%YAML:1.0
---
points: [ 1.90185876e+03, 1.05251025e+03, 1.87884558e+03, 1.05338525e+03,
    1.85552356e+03, 1.05429761e+03, 1.83245703e+03, 1.05507812e+03,
    1.80932239e+03, 1.05613342e+03, 1.90245020e+03, 1.02837231e+03,
    1.87914526e+03, 1.02909961e+03, 1.85577197e+03, 1.02972339e+03,
    1.83272839e+03, 1.03067163e+03, 1.80965283e+03, 1.03178894e+03,
    1.90278174e+03, 1.00406567e+03, 1.87951538e+03, 1.00464551e+03,
    1.85619812e+03, 1.00555701e+03, 1.83302893e+03, 1.00643329e+03,
    1.81031592e+03, 1.00744257e+03, 1.90333813e+03, 9.79762756e+02,
    1.87986499e+03, 9.80527161e+02, 1.85674927e+03, 9.81251343e+02,
    1.83362451e+03, 9.82024353e+02, 1.81077686e+03, 9.82925476e+02,
    1.90419067e+03, 9.55427917e+02, 1.88053809e+03, 9.56023743e+02,
    1.85749463e+03, 9.56757507e+02, 1.83419958e+03, 9.57698120e+02,
    1.81137317e+03, 9.58634583e+02, 1.90482666e+03, 9.31130127e+02,
    1.88126904e+03, 9.31872009e+02, 1.85814441e+03, 9.32583374e+02,
    1.83486035e+03, 9.33448730e+02, 1.81206384e+03, 9.34184265e+02,
    1.90563245e+03, 9.07121887e+02, 1.88228650e+03, 9.07729370e+02,
    1.85919312e+03, 9.08409363e+02, 1.83597034e+03, 9.09155884e+02,
    1.81285962e+03, 9.09898315e+02 ]
