%YAML:1.0
---
points: [ 1.90626538e+03, 1.05243274e+03, 1.88283936e+03, 1.05321985e+03,
    1.85952966e+03, 1.05406653e+03, 1.83639026e+03, 1.05483704e+03,
    1.81316565e+03, 1.05576746e+03, 1.90661255e+03, 1.02816357e+03,
    1.88325012e+03, 1.02884204e+03, 1.85970557e+03, 1.02956128e+03,
    1.83668140e+03, 1.03048486e+03, 1.81353442e+03, 1.03153467e+03,
    1.90693091e+03, 1.00388055e+03, 1.88351733e+03, 1.00450281e+03,
    1.86018518e+03, 1.00539801e+03, 1.83718091e+03, 1.00629254e+03,
    1.81397900e+03, 1.00730780e+03, 1.90748389e+03, 9.79690186e+02,
    1.88408679e+03, 9.80403259e+02, 1.86070251e+03, 9.81142090e+02,
    1.83760083e+03, 9.81802490e+02, 1.81459106e+03, 9.82652527e+02,
    1.90807532e+03, 9.55363770e+02, 1.88463171e+03, 9.55874268e+02,
    1.86133691e+03, 9.56625488e+02, 1.83816772e+03, 9.57486694e+02,
    1.81535400e+03, 9.58512085e+02, 1.90882751e+03, 9.31034485e+02,
    1.88535938e+03, 9.31727905e+02, 1.86222168e+03, 9.32475525e+02,
    1.83882678e+03, 9.33290161e+02, 1.81603369e+03, 9.33972717e+02,
    1.90974390e+03, 9.06962097e+02, 1.88630750e+03, 9.07579956e+02,
    1.86318567e+03, 9.08280457e+02, 1.83980835e+03, 9.08947693e+02,
    1.81689563e+03, 9.09721252e+02 ]
