%YAML:1.0
---
points: [ 1.90661975e+03, 1.06327148e+03, 1.88243652e+03, 1.06379028e+03,
    1.85841699e+03, 1.06451794e+03, 1.83423950e+03, 1.06521033e+03,
    1.81049585e+03, 1.06586206e+03, 1.90710083e+03, 1.03845959e+03,
    1.88276880e+03, 1.03898682e+03, 1.85864453e+03, 1.03950854e+03,
    1.83452539e+03, 1.04034424e+03, 1.81081348e+03, 1.04102112e+03,
    1.90742664e+03, 1.01360309e+03, 1.88317480e+03, 1.01415070e+03,
    1.85915320e+03, 1.01459045e+03, 1.83494592e+03, 1.01550525e+03,
    1.81127124e+03, 1.01636871e+03, 1.90793884e+03, 9.88973389e+02,
    1.88359460e+03, 9.89430481e+02, 1.85951416e+03, 9.90072937e+02,
    1.83559033e+03, 9.90710999e+02, 1.81172791e+03, 9.91463440e+02,
    1.90851697e+03, 9.64164490e+02, 1.88432788e+03, 9.64588318e+02,
    1.86008655e+03, 9.65248657e+02, 1.83615662e+03, 9.65752686e+02,
    1.81232581e+03, 9.66484436e+02, 1.90943555e+03, 9.39350891e+02,
    1.88490906e+03, 9.39757629e+02, 1.86078613e+03, 9.40328674e+02,
    1.83690857e+03, 9.40928467e+02, 1.81301599e+03, 9.41773804e+02,
    1.91029932e+03, 9.14643555e+02, 1.88588232e+03, 9.15166199e+02,
    1.86187415e+03, 9.15727478e+02, 1.83778479e+03, 9.16465210e+02,
    1.81395850e+03, 9.17075745e+02 ]
