%YAML:1.0
---
points: [ 1.90638940e+03, 1.06758252e+03, 1.88151831e+03, 1.06788684e+03,
    1.85712146e+03, 1.06846973e+03, 1.83246082e+03, 1.06908313e+03,
    1.80789221e+03, 1.06959460e+03, 1.90677368e+03, 1.04276428e+03,
    1.88183154e+03, 1.04312244e+03, 1.85746082e+03, 1.04352893e+03,
    1.83278845e+03, 1.04411731e+03, 1.80842798e+03, 1.04452332e+03,
    1.90728955e+03, 1.01776501e+03, 1.88242932e+03, 1.01807410e+03,
    1.85783533e+03, 1.01847150e+03, 1.83322644e+03, 1.01900391e+03,
    1.80898804e+03, 1.01948102e+03, 1.90780591e+03, 9.92770630e+02,
    1.88309497e+03, 9.93133423e+02, 1.85845215e+03, 9.93490051e+02,
    1.83382959e+03, 9.93983765e+02, 1.80956006e+03, 9.94610596e+02,
    1.90850806e+03, 9.67751953e+02, 1.88369189e+03, 9.68184265e+02,
    1.85916650e+03, 9.68615845e+02, 1.83446936e+03, 9.69108337e+02,
    1.81041895e+03, 9.69641541e+02, 1.90946863e+03, 9.42977051e+02,
    1.88451038e+03, 9.43328003e+02, 1.85967517e+03, 9.43625122e+02,
    1.83538318e+03, 9.44103333e+02, 1.81112183e+03, 9.44604919e+02,
    1.91036926e+03, 9.18116394e+02, 1.88553967e+03, 9.18399292e+02,
    1.86078455e+03, 9.18722595e+02, 1.83638660e+03, 9.19258789e+02,
    1.81193457e+03, 9.19716858e+02 ]
