%YAML:1.0
---
points: [ 1.90616736e+03, 1.06979761e+03, 1.88135840e+03, 1.07022266e+03,
    1.85673132e+03, 1.07067310e+03, 1.83230859e+03, 1.07129346e+03,
    1.80762891e+03, 1.07177600e+03, 1.90658728e+03, 1.04464490e+03,
    1.88157324e+03, 1.04510217e+03, 1.85722278e+03, 1.04545483e+03,
    1.83258240e+03, 1.04619067e+03, 1.80816687e+03, 1.04671094e+03,
    1.90700671e+03, 1.01957147e+03, 1.88212659e+03, 1.01992822e+03,
    1.85761633e+03, 1.02047223e+03, 1.83297607e+03, 1.02113239e+03,
    1.80862354e+03, 1.02170251e+03, 1.90755042e+03, 9.94628723e+02,
    1.88266772e+03, 9.95102234e+02, 1.85817651e+03, 9.95516907e+02,
    1.83358716e+03, 9.96011475e+02, 1.80926855e+03, 9.96624634e+02,
    1.90831421e+03, 9.69608887e+02, 1.88342627e+03, 9.69947937e+02,
    1.85880994e+03, 9.70424011e+02, 1.83417969e+03, 9.70795776e+02,
    1.81010278e+03, 9.71465393e+02, 1.90914929e+03, 9.44483948e+02,
    1.88429541e+03, 9.44806396e+02, 1.85949683e+03, 9.45278442e+02,
    1.83502417e+03, 9.45689270e+02, 1.81076160e+03, 9.46362793e+02,
    1.91004346e+03, 9.19506226e+02, 1.88514453e+03, 9.19852112e+02,
    1.86049988e+03, 9.20359131e+02, 1.83604089e+03, 9.20899231e+02,
    1.81164905e+03, 9.21511047e+02 ]
