%YAML:1.0
---
points: [ 1.89901550e+03, 9.86579163e+02, 1.87513281e+03, 9.86976807e+02,
    1.85146606e+03, 9.87470093e+02, 1.82768835e+03, 9.88004028e+02,
    1.80427649e+03, 9.88609497e+02, 1.89943726e+03, 9.62257751e+02,
    1.87540173e+03, 9.62655640e+02, 1.85168567e+03, 9.63225403e+02,
    1.82792847e+03, 9.63760620e+02, 1.80451550e+03, 9.64284241e+02,
    1.89972485e+03, 9.38002991e+02, 1.87567029e+03, 9.38432068e+02,
    1.85216528e+03, 9.38762817e+02, 1.82833459e+03, 9.39347107e+02,
    1.80499561e+03, 9.39864868e+02, 1.90018152e+03, 9.13598816e+02,
    1.87612415e+03, 9.13931030e+02, 1.85254932e+03, 9.14370178e+02,
    1.82876831e+03, 9.14925171e+02, 1.80547156e+03, 9.15532898e+02,
    1.90073206e+03, 8.89314453e+02, 1.87655359e+03, 8.89658875e+02,
    1.85302563e+03, 8.90138672e+02, 1.82932910e+03, 8.90578796e+02,
    1.80586267e+03, 8.91216431e+02, 1.90138232e+03, 8.64985657e+02,
    1.87743677e+03, 8.65375122e+02, 1.85366846e+03, 8.65700073e+02,
    1.82992432e+03, 8.66217957e+02, 1.80659546e+03, 8.66627563e+02,
    1.90213611e+03, 8.40692444e+02, 1.87837781e+03, 8.41080627e+02,
    1.85450977e+03, 8.41471863e+02, 1.83089709e+03, 8.41967712e+02,
    1.80740918e+03, 8.42506531e+02 ]
