%YAML:1.0
---
points: [ 1.90668896e+03, 9.86409180e+02, 1.88292944e+03, 9.86795349e+02,
    1.85921936e+03, 9.87379944e+02, 1.83547705e+03, 9.87797729e+02,
    1.81181665e+03, 9.88485046e+02, 1.90711816e+03, 9.62077148e+02,
    1.88318164e+03, 9.62501404e+02, 1.85940186e+03, 9.62978699e+02,
    1.83571497e+03, 9.63590881e+02, 1.81213574e+03, 9.64144958e+02,
    1.90740417e+03, 9.37901428e+02, 1.88346277e+03, 9.38319458e+02,
    1.85962048e+03, 9.38676575e+02, 1.83608606e+03, 9.39186707e+02,
    1.81244446e+03, 9.39708008e+02, 1.90780078e+03, 9.13510681e+02,
    1.88392371e+03, 9.13846313e+02, 1.86007947e+03, 9.14262085e+02,
    1.83654944e+03, 9.14755859e+02, 1.81293457e+03, 9.15346741e+02,
    1.90838391e+03, 8.89201843e+02, 1.88446997e+03, 8.89602478e+02,
    1.86060901e+03, 8.90064026e+02, 1.83715173e+03, 8.90532410e+02,
    1.81354199e+03, 8.91135620e+02, 1.90920154e+03, 8.64911194e+02,
    1.88508362e+03, 8.65287842e+02, 1.86126428e+03, 8.65577942e+02,
    1.83763367e+03, 8.66152405e+02, 1.81420239e+03, 8.66548096e+02,
    1.90999133e+03, 8.40635010e+02, 1.88595679e+03, 8.41044312e+02,
    1.86241284e+03, 8.41414124e+02, 1.83853723e+03, 8.41897888e+02,
    1.81520984e+03, 8.42456787e+02 ]
