%YAML:1.0
---
points: [ 1.84986731e+03, 9.88954712e+02, 1.82560974e+03, 9.89080933e+02,
    1.80125769e+03, 9.89284973e+02, 1.77673816e+03, 9.89451538e+02,
    1.75274451e+03, 9.89751282e+02, 1.85040369e+03, 9.64614685e+02,
    1.82588489e+03, 9.64684021e+02, 1.80144666e+03, 9.64771057e+02,
    1.77708411e+03, 9.65074341e+02, 1.75308325e+03, 9.65265503e+02,
    1.85073938e+03, 9.40171021e+02, 1.82622839e+03, 9.40224854e+02,
    1.80169421e+03, 9.40328735e+02, 1.77744153e+03, 9.40495056e+02,
    1.75343005e+03, 9.40678162e+02, 1.85127026e+03, 9.15768494e+02,
    1.82666638e+03, 9.15800598e+02, 1.80217053e+03, 9.15916382e+02,
    1.77797485e+03, 9.16191833e+02, 1.75379553e+03, 9.16475891e+02,
    1.85190784e+03, 8.91354187e+02, 1.82723633e+03, 8.91370056e+02,
    1.80268652e+03, 8.91481384e+02, 1.77852148e+03, 8.91586914e+02,
    1.75443079e+03, 8.91842590e+02, 1.85260547e+03, 8.66715881e+02,
    1.82780298e+03, 8.66779358e+02, 1.80347021e+03, 8.66882385e+02,
    1.77912634e+03, 8.67140015e+02, 1.75496533e+03, 8.67390381e+02,
    1.85340540e+03, 8.42523438e+02, 1.82872058e+03, 8.42624817e+02,
    1.80438818e+03, 8.42745361e+02, 1.77999011e+03, 8.42887695e+02,
    1.75571179e+03, 8.43113586e+02 ]
