%YAML:1.0
---
points: [ 1.69737292e+03, 8.43660950e+02, 1.72188696e+03, 8.43690918e+02,
    1.74678674e+03, 8.43746216e+02, 1.77164087e+03, 8.43835449e+02,
    1.79663464e+03, 8.44100891e+02, 1.69649561e+03, 8.68086426e+02,
    1.72121350e+03, 8.68081543e+02, 1.74588269e+03, 8.68117004e+02,
    1.77063342e+03, 8.68276306e+02, 1.79584851e+03, 8.68444275e+02,
    1.69595190e+03, 8.92537842e+02, 1.72045642e+03, 8.92562622e+02,
    1.74521826e+03, 8.92621521e+02, 1.77005518e+03, 8.92752197e+02,
    1.79531616e+03, 8.93006775e+02, 1.69537146e+03, 9.17226379e+02,
    1.71996643e+03, 9.17246765e+02, 1.74462109e+03, 9.17267700e+02,
    1.76945752e+03, 9.17437500e+02, 1.79460901e+03, 9.17575684e+02,
    1.69486951e+03, 9.41652466e+02, 1.71937695e+03, 9.41674133e+02,
    1.74403259e+03, 9.41785339e+02, 1.76890222e+03, 9.41972107e+02,
    1.79413818e+03, 9.42246582e+02, 1.69447998e+03, 9.66157837e+02,
    1.71890283e+03, 9.66293396e+02, 1.74362268e+03, 9.66315918e+02,
    1.76860400e+03, 9.66434509e+02, 1.79364014e+03, 9.66610901e+02,
    1.69414685e+03, 9.90781250e+02, 1.71853271e+03, 9.90823181e+02,
    1.74343787e+03, 9.90934814e+02, 1.76829968e+03, 9.91022461e+02,
    1.79320276e+03, 9.91229736e+02 ]
