%YAML:1.0
---
points: [ 1.63588867e+03, 8.43216858e+02, 1.66076233e+03, 8.43458069e+02,
    1.68601270e+03, 8.43745117e+02, 1.71142822e+03, 8.44202332e+02,
    1.73686731e+03, 8.44479736e+02, 1.63501343e+03, 8.67506409e+02,
    1.65983130e+03, 8.67757324e+02, 1.68515759e+03, 8.68076599e+02,
    1.71050635e+03, 8.68489380e+02, 1.73613855e+03, 8.68997375e+02,
    1.63438440e+03, 8.92075867e+02, 1.65935352e+03, 8.92315430e+02,
    1.68460083e+03, 8.92624573e+02, 1.70979871e+03, 8.93074097e+02,
    1.73534436e+03, 8.93442017e+02, 1.63383411e+03, 9.16703918e+02,
    1.65882996e+03, 9.16923523e+02, 1.68401965e+03, 9.17322266e+02,
    1.70921497e+03, 9.17701721e+02, 1.73466003e+03, 9.18219727e+02,
    1.63336963e+03, 9.41087036e+02, 1.65838110e+03, 9.41435181e+02,
    1.68345117e+03, 9.41809937e+02, 1.70855310e+03, 9.42293945e+02,
    1.73409863e+03, 9.42826111e+02, 1.63292578e+03, 9.65618164e+02,
    1.65798035e+03, 9.65941406e+02, 1.68314380e+03, 9.66355957e+02,
    1.70817566e+03, 9.66803650e+02, 1.73362805e+03, 9.67330444e+02,
    1.63262183e+03, 9.90343323e+02, 1.65765881e+03, 9.90700012e+02,
    1.68274011e+03, 9.91090698e+02, 1.70778638e+03, 9.91483887e+02,
    1.73326477e+03, 9.91998169e+02 ]
