%YAML:1.0
---
points: [ 1.59343896e+03, 8.42666260e+02, 1.61826892e+03, 8.42910828e+02,
    1.64347485e+03, 8.43275818e+02, 1.66863086e+03, 8.43570251e+02,
    1.69422681e+03, 8.43829895e+02, 1.59261572e+03, 8.67029175e+02,
    1.61752612e+03, 8.67267212e+02, 1.64270850e+03, 8.67553711e+02,
    1.66794812e+03, 8.67955811e+02, 1.69335938e+03, 8.68380066e+02,
    1.59217712e+03, 8.91507935e+02, 1.61713770e+03, 8.91737305e+02,
    1.64227380e+03, 8.92129089e+02, 1.66738794e+03, 8.92441284e+02,
    1.69279199e+03, 8.92917236e+02, 1.59169775e+03, 9.16200562e+02,
    1.61663660e+03, 9.16454956e+02, 1.64166980e+03, 9.16715881e+02,
    1.66675830e+03, 9.17164062e+02, 1.69223511e+03, 9.17580933e+02,
    1.59132520e+03, 9.40475281e+02, 1.61624036e+03, 9.40826965e+02,
    1.64125513e+03, 9.41211487e+02, 1.66641016e+03, 9.41653015e+02,
    1.69169751e+03, 9.42200134e+02, 1.59092004e+03, 9.65169861e+02,
    1.61585144e+03, 9.65460999e+02, 1.64094324e+03, 9.65707886e+02,
    1.66610706e+03, 9.66214539e+02, 1.69144556e+03, 9.66648926e+02,
    1.59067505e+03, 9.89673279e+02, 1.61570129e+03, 9.90066406e+02,
    1.64072473e+03, 9.90473999e+02, 1.66576880e+03, 9.90869141e+02,
    1.69116443e+03, 9.91389038e+02 ]
