%YAML:1.0
---
points: [ 1.51568506e+03, 8.42230530e+02, 1.54036755e+03, 8.42307556e+02,
    1.56525220e+03, 8.42426453e+02, 1.59039343e+03, 8.42586426e+02,
    1.61550513e+03, 8.42733887e+02, 1.51529333e+03, 8.66451782e+02,
    1.53978625e+03, 8.66475769e+02, 1.56472058e+03, 8.66609924e+02,
    1.58974719e+03, 8.66752014e+02, 1.61501550e+03, 8.67089661e+02,
    1.51491785e+03, 8.91105103e+02, 1.53943054e+03, 8.91173462e+02,
    1.56433142e+03, 8.91304443e+02, 1.58934753e+03, 8.91460693e+02,
    1.61446509e+03, 8.91636292e+02, 1.51458215e+03, 9.15548584e+02,
    1.53917273e+03, 9.15585083e+02, 1.56402356e+03, 9.15772705e+02,
    1.58900330e+03, 9.16048523e+02, 1.61413794e+03, 9.16345337e+02,
    1.51430396e+03, 9.40074829e+02, 1.53886377e+03, 9.40177856e+02,
    1.56379248e+03, 9.40239990e+02, 1.58877832e+03, 9.40431458e+02,
    1.61375903e+03, 9.40716309e+02, 1.51417212e+03, 9.64565247e+02,
    1.53872302e+03, 9.64684082e+02, 1.56364673e+03, 9.64834167e+02,
    1.58863550e+03, 9.65192200e+02, 1.61363708e+03, 9.65428528e+02,
    1.51396130e+03, 9.89146912e+02, 1.53858569e+03, 9.89243164e+02,
    1.56361230e+03, 9.89442200e+02, 1.58849634e+03, 9.89650696e+02,
    1.61345874e+03, 9.90099426e+02 ]
