%YAML:1.0
---
points: [ 1.45449255e+03, 8.42431885e+02, 1.47927747e+03, 8.42388550e+02,
    1.50383765e+03, 8.42370300e+02, 1.52866040e+03, 8.42419434e+02,
    1.55371912e+03, 8.42484863e+02, 1.45426160e+03, 8.66637695e+02,
    1.47878894e+03, 8.66569763e+02, 1.50348486e+03, 8.66551025e+02,
    1.52833264e+03, 8.66628540e+02, 1.55349829e+03, 8.66767639e+02,
    1.45406592e+03, 8.91328979e+02, 1.47853516e+03, 8.91309753e+02,
    1.50326160e+03, 8.91303284e+02, 1.52816223e+03, 8.91377258e+02,
    1.55333557e+03, 8.91466492e+02, 1.45382275e+03, 9.15884399e+02,
    1.47841650e+03, 9.15784912e+02, 1.50311108e+03, 9.15823792e+02,
    1.52794409e+03, 9.15869202e+02, 1.55309314e+03, 9.16132263e+02,
    1.45369116e+03, 9.40311523e+02, 1.47834973e+03, 9.40319885e+02,
    1.50295557e+03, 9.40278503e+02, 1.52779590e+03, 9.40354553e+02,
    1.55289746e+03, 9.40502441e+02, 1.45367041e+03, 9.64977539e+02,
    1.47831213e+03, 9.64948242e+02, 1.50289709e+03, 9.64942078e+02,
    1.52774390e+03, 9.65064758e+02, 1.55281982e+03, 9.65236511e+02,
    1.45367920e+03, 9.89564636e+02, 1.47829236e+03, 9.89532654e+02,
    1.50292517e+03, 9.89560425e+02, 1.52776147e+03, 9.89640442e+02,
    1.55272900e+03, 9.89812866e+02 ]
