%YAML:1.0
---
points: [ 1.40281030e+03, 8.42197510e+02, 1.42745618e+03, 8.42013000e+02,
    1.45226013e+03, 8.41854553e+02, 1.47671069e+03, 8.41874634e+02,
    1.50169543e+03, 8.41896240e+02, 1.40256555e+03, 8.66425415e+02,
    1.42728174e+03, 8.66281921e+02, 1.45196289e+03, 8.66245361e+02,
    1.47647290e+03, 8.66255798e+02, 1.50148755e+03, 8.66285522e+02,
    1.40246436e+03, 8.91076660e+02, 1.42716052e+03, 8.90848816e+02,
    1.45169434e+03, 8.90738708e+02, 1.47635229e+03, 8.90759521e+02,
    1.50138037e+03, 8.90818054e+02, 1.40244153e+03, 9.15512695e+02,
    1.42711499e+03, 9.15319946e+02, 1.45166284e+03, 9.15253967e+02,
    1.47630981e+03, 9.15289307e+02, 1.50136438e+03, 9.15404297e+02,
    1.40241711e+03, 9.40046143e+02, 1.42709888e+03, 9.39921387e+02,
    1.45161096e+03, 9.39791138e+02, 1.47633301e+03, 9.39866943e+02,
    1.50132349e+03, 9.39957520e+02, 1.40243286e+03, 9.64630371e+02,
    1.42711218e+03, 9.64540222e+02, 1.45173865e+03, 9.64473877e+02,
    1.47637537e+03, 9.64499146e+02, 1.50135583e+03, 9.64613037e+02,
    1.40249927e+03, 9.89225403e+02, 1.42728625e+03, 9.89136353e+02,
    1.45183618e+03, 9.89068115e+02, 1.47642200e+03, 9.89070068e+02,
    1.50133191e+03, 9.89082703e+02 ]
