%YAML:1.0
---
points: [ 1.32562866e+03, 8.42362366e+02, 1.35022302e+03, 8.42274475e+02,
    1.37503442e+03, 8.42226746e+02, 1.40000793e+03, 8.42268494e+02,
    1.42481067e+03, 8.42343750e+02, 1.32550012e+03, 8.66562134e+02,
    1.35008716e+03, 8.66455383e+02, 1.37487000e+03, 8.66438110e+02,
    1.39972729e+03, 8.66460266e+02, 1.42472156e+03, 8.66613037e+02,
    1.32548694e+03, 8.91255554e+02, 1.35007947e+03, 8.91150269e+02,
    1.37483960e+03, 8.91134583e+02, 1.39972766e+03, 8.91192139e+02,
    1.42465942e+03, 8.91358948e+02, 1.32554041e+03, 9.15781311e+02,
    1.35011584e+03, 9.15645203e+02, 1.37492993e+03, 9.15613831e+02,
    1.39975586e+03, 9.15745483e+02, 1.42471448e+03, 9.15989807e+02,
    1.32557910e+03, 9.40257324e+02, 1.35015417e+03, 9.40230835e+02,
    1.37503833e+03, 9.40220398e+02, 1.39983167e+03, 9.40296692e+02,
    1.42475366e+03, 9.40458130e+02, 1.32574268e+03, 9.64937195e+02,
    1.35028943e+03, 9.64892334e+02, 1.37516248e+03, 9.64953674e+02,
    1.40004993e+03, 9.65092529e+02, 1.42492322e+03, 9.65244324e+02,
    1.32587170e+03, 9.89583801e+02, 1.35038733e+03, 9.89571777e+02,
    1.37530261e+03, 9.89588745e+02, 1.40024609e+03, 9.89743652e+02,
    1.42504871e+03, 9.89882812e+02 ]
