%YAML:1.0
---
points: [ 1.26819934e+03, 8.42014099e+02, 1.29269983e+03, 8.41989075e+02,
    1.31750781e+03, 8.42170898e+02, 1.34251416e+03, 8.42338745e+02,
    1.36758594e+03, 8.42513855e+02, 1.26814551e+03, 8.66333801e+02,
    1.29255054e+03, 8.66344116e+02, 1.31744348e+03, 8.66442871e+02,
    1.34239417e+03, 8.66539490e+02, 1.36750623e+03, 8.66875000e+02,
    1.26806763e+03, 8.90892761e+02, 1.29258472e+03, 8.90924622e+02,
    1.31741650e+03, 8.91117737e+02, 1.34238525e+03, 8.91319824e+02,
    1.36745557e+03, 8.91503784e+02, 1.26812000e+03, 9.15421204e+02,
    1.29258838e+03, 9.15420166e+02, 1.31744385e+03, 9.15648010e+02,
    1.34237769e+03, 9.15895386e+02, 1.36746252e+03, 9.16373047e+02,
    1.26816858e+03, 9.40057556e+02, 1.29266260e+03, 9.40156189e+02,
    1.31748145e+03, 9.40219421e+02, 1.34246411e+03, 9.40435608e+02,
    1.36752405e+03, 9.40794922e+02, 1.26826270e+03, 9.64678467e+02,
    1.29274048e+03, 9.64774170e+02, 1.31763757e+03, 9.65012024e+02,
    1.34252332e+03, 9.65317749e+02, 1.36765137e+03, 9.65574890e+02,
    1.26835107e+03, 9.89319458e+02, 1.29285217e+03, 9.89460388e+02,
    1.31770496e+03, 9.89707397e+02, 1.34271375e+03, 9.90043457e+02,
    1.36769250e+03, 9.90450256e+02 ]
