%YAML:1.0
---
points: [ 1.21639636e+03, 8.42320557e+02, 1.24102747e+03, 8.42402527e+02,
    1.26571912e+03, 8.42465149e+02, 1.29056824e+03, 8.42604187e+02,
    1.31564697e+03, 8.42820618e+02, 1.21635376e+03, 8.66578003e+02,
    1.24081506e+03, 8.66578125e+02, 1.26560681e+03, 8.66658997e+02,
    1.29049683e+03, 8.66895447e+02, 1.31557617e+03, 8.67268066e+02,
    1.21630237e+03, 8.91311523e+02, 1.24081067e+03, 8.91346619e+02,
    1.26557507e+03, 8.91411194e+02, 1.29045569e+03, 8.91570374e+02,
    1.31551392e+03, 8.91847595e+02, 1.21633276e+03, 9.15915039e+02,
    1.24084460e+03, 9.15932251e+02, 1.26560254e+03, 9.16189758e+02,
    1.29044141e+03, 9.16413269e+02, 1.31552966e+03, 9.16711304e+02,
    1.21630542e+03, 9.40331665e+02, 1.24088013e+03, 9.40463806e+02,
    1.26558081e+03, 9.40579651e+02, 1.29051025e+03, 9.40863159e+02,
    1.31552734e+03, 9.41409180e+02, 1.21638623e+03, 9.65229248e+02,
    1.24092542e+03, 9.65332825e+02, 1.26567371e+03, 9.65419250e+02,
    1.29055432e+03, 9.65632080e+02, 1.31565149e+03, 9.66050110e+02,
    1.21643530e+03, 9.89907959e+02, 1.24107031e+03, 9.90142151e+02,
    1.26575598e+03, 9.90337402e+02, 1.29066589e+03, 9.90560425e+02,
    1.31569153e+03, 9.90854858e+02 ]
