%YAML:1.0
---
points: [ 1.15381042e+03, 8.42706421e+02, 1.17845508e+03, 8.42654663e+02,
    1.20304590e+03, 8.42668823e+02, 1.22778320e+03, 8.42721802e+02,
    1.25273730e+03, 8.42872803e+02, 1.15372815e+03, 8.67099731e+02,
    1.17842041e+03, 8.66920227e+02, 1.20295239e+03, 8.66981567e+02,
    1.22771423e+03, 8.67134705e+02, 1.25272375e+03, 8.67353455e+02,
    1.15369336e+03, 8.91691284e+02, 1.17836108e+03, 8.91616089e+02,
    1.20294397e+03, 8.91640381e+02, 1.22767285e+03, 8.91792236e+02,
    1.25271826e+03, 8.92018555e+02, 1.15372449e+03, 9.16484131e+02,
    1.17838904e+03, 9.16404785e+02, 1.20291113e+03, 9.16468811e+02,
    1.22774329e+03, 9.16631653e+02, 1.25272302e+03, 9.16803833e+02,
    1.15369666e+03, 9.41039368e+02, 1.17844617e+03, 9.41033569e+02,
    1.20295862e+03, 9.41059631e+02, 1.22778809e+03, 9.41242371e+02,
    1.25274866e+03, 9.41559448e+02, 1.15378564e+03, 9.65733704e+02,
    1.17849170e+03, 9.65735901e+02, 1.20310400e+03, 9.65777344e+02,
    1.22786560e+03, 9.66062988e+02, 1.25283093e+03, 9.66251038e+02,
    1.15381958e+03, 9.90633179e+02, 1.17852625e+03, 9.90693176e+02,
    1.20321655e+03, 9.90743530e+02, 1.22801648e+03, 9.90890808e+02,
    1.25287097e+03, 9.91164490e+02 ]
