%YAML:1.0
---
points: [ 1.08438135e+03, 8.42858643e+02, 1.10871033e+03, 8.42760132e+02,
    1.13349011e+03, 8.42697998e+02, 1.15827515e+03, 8.42732056e+02,
    1.18290955e+03, 8.42802063e+02, 1.08436328e+03, 8.67287842e+02,
    1.10868774e+03, 8.67096313e+02, 1.13344482e+03, 8.67051514e+02,
    1.15820386e+03, 8.67055603e+02, 1.18286621e+03, 8.67180237e+02,
    1.08438818e+03, 8.91846191e+02, 1.10874695e+03, 8.91700867e+02,
    1.13346973e+03, 8.91668274e+02, 1.15825696e+03, 8.91744080e+02,
    1.18292590e+03, 8.91870789e+02, 1.08440149e+03, 9.16679626e+02,
    1.10873694e+03, 9.16570007e+02, 1.13350293e+03, 9.16544189e+02,
    1.15829358e+03, 9.16563232e+02, 1.18297766e+03, 9.16725769e+02,
    1.08443140e+03, 9.41297302e+02, 1.10877795e+03, 9.41213379e+02,
    1.13350134e+03, 9.41145630e+02, 1.15834595e+03, 9.41268494e+02,
    1.18298474e+03, 9.41483704e+02, 1.08445508e+03, 9.66032471e+02,
    1.10882080e+03, 9.65923096e+02, 1.13357629e+03, 9.65915344e+02,
    1.15840881e+03, 9.66032349e+02, 1.18317932e+03, 9.66191284e+02,
    1.08450098e+03, 9.90910583e+02, 1.10888013e+03, 9.90824829e+02,
    1.13364307e+03, 9.90841370e+02, 1.15845776e+03, 9.90900269e+02,
    1.18322949e+03, 9.91130188e+02 ]
