%YAML:1.0
---
points: [ 1.02958606e+03, 8.43695435e+02, 1.05433459e+03, 8.43525879e+02,
    1.07909473e+03, 8.43428162e+02, 1.10363928e+03, 8.43450378e+02,
    1.12849182e+03, 8.43476013e+02, 1.02960498e+03, 8.68214294e+02,
    1.05433228e+03, 8.67948669e+02, 1.07904858e+03, 8.67857422e+02,
    1.10360132e+03, 8.67840210e+02, 1.12848132e+03, 8.67945435e+02,
    1.02960608e+03, 8.92813965e+02, 1.05433997e+03, 8.92600952e+02,
    1.07912024e+03, 8.92490234e+02, 1.10363550e+03, 8.92554199e+02,
    1.12852197e+03, 8.92628662e+02, 1.02960901e+03, 9.17580261e+02,
    1.05437244e+03, 9.17434082e+02, 1.07915186e+03, 9.17388550e+02,
    1.10367078e+03, 9.17437195e+02, 1.12854224e+03, 9.17541199e+02,
    1.02963623e+03, 9.42398926e+02, 1.05443030e+03, 9.42303223e+02,
    1.07915576e+03, 9.42180542e+02, 1.10376221e+03, 9.42237305e+02,
    1.12855786e+03, 9.42375916e+02, 1.02970325e+03, 9.67165344e+02,
    1.05442590e+03, 9.67038269e+02, 1.07924683e+03, 9.66942261e+02,
    1.10380103e+03, 9.67052673e+02, 1.12865405e+03, 9.67151245e+02,
    1.02969312e+03, 9.92155762e+02, 1.05444604e+03, 9.92048523e+02,
    1.07930786e+03, 9.91999390e+02, 1.10393225e+03, 9.92034607e+02,
    1.12868958e+03, 9.92180908e+02 ]
