%YAML:1.0
---
points: [ 1.05745593e+03, 9.92519409e+02, 1.03256909e+03, 9.92513000e+02,
    1.00774023e+03, 9.92584106e+02, 9.82923035e+02, 9.92665833e+02,
    9.58388550e+02, 9.92887390e+02, 1.05742126e+03, 9.67611206e+02,
    1.03254272e+03, 9.67504333e+02, 1.00772064e+03, 9.67558044e+02,
    9.82983704e+02, 9.67739136e+02, 9.58375671e+02, 9.68050720e+02,
    1.05734607e+03, 9.42754517e+02, 1.03250952e+03, 9.42720215e+02,
    1.00770557e+03, 9.42788147e+02, 9.82954102e+02, 9.43052246e+02,
    9.58331604e+02, 9.43268982e+02, 1.05731775e+03, 9.17969971e+02,
    1.03247363e+03, 9.17880676e+02, 1.00765344e+03, 9.17963257e+02,
    9.82888489e+02, 9.18156250e+02, 9.58346375e+02, 9.18404480e+02,
    1.05724902e+03, 8.93092285e+02, 1.03241895e+03, 8.93040222e+02,
    1.00758759e+03, 8.93079346e+02, 9.82804626e+02, 8.93229065e+02,
    9.58265991e+02, 8.93449585e+02, 1.05721118e+03, 8.68337463e+02,
    1.03235889e+03, 8.68306091e+02, 1.00755151e+03, 8.68402710e+02,
    9.82788086e+02, 8.68608215e+02, 9.58203430e+02, 8.68891418e+02,
    1.05716284e+03, 8.43795288e+02, 1.03236731e+03, 8.43811401e+02,
    1.00751971e+03, 8.43856201e+02, 9.82698547e+02, 8.44096375e+02,
    9.58163635e+02, 8.44288513e+02 ]
