%YAML:1.0
---
points: [ 8.87503418e+02, 8.44197449e+02, 9.12336426e+02, 8.44157776e+02,
    9.37187805e+02, 8.44130554e+02, 9.61785583e+02, 8.44180603e+02,
    9.86541687e+02, 8.44278198e+02, 8.87593079e+02, 8.68701355e+02,
    9.12442139e+02, 8.68620056e+02, 9.37298889e+02, 8.68621399e+02,
    9.61810303e+02, 8.68686584e+02, 9.86631531e+02, 8.68866272e+02,
    8.87684509e+02, 8.93320374e+02, 9.12453857e+02, 8.93305725e+02,
    9.37377319e+02, 8.93258484e+02, 9.61911377e+02, 8.93328552e+02,
    9.86705750e+02, 8.93502014e+02, 8.87769165e+02, 9.18278503e+02,
    9.12501465e+02, 9.18216492e+02, 9.37404114e+02, 9.18236267e+02,
    9.62006287e+02, 9.18260071e+02, 9.86726074e+02, 9.18435059e+02,
    8.87758179e+02, 9.43150574e+02, 9.12507996e+02, 9.43074219e+02,
    9.37428162e+02, 9.43077576e+02, 9.62165222e+02, 9.43258972e+02,
    9.86785767e+02, 9.43454651e+02, 8.87767273e+02, 9.67737976e+02,
    9.12537964e+02, 9.67788635e+02, 9.37468506e+02, 9.67805176e+02,
    9.62138184e+02, 9.68131531e+02, 9.86850464e+02, 9.68343811e+02,
    8.87788635e+02, 9.92709778e+02, 9.12511292e+02, 9.92693604e+02,
    9.37426086e+02, 9.92797913e+02, 9.62126587e+02, 9.93001038e+02,
    9.86839539e+02, 9.93244263e+02 ]
