%YAML:1.0
---
points: [ 9.29394104e+02, 9.93577820e+02, 9.04707397e+02, 9.93295776e+02,
    8.79974792e+02, 9.93191528e+02, 8.55126099e+02, 9.93072021e+02,
    8.30460022e+02, 9.92961487e+02, 9.29382629e+02, 9.68696655e+02,
    9.04692810e+02, 9.68425903e+02, 8.80079163e+02, 9.68254211e+02,
    8.55142334e+02, 9.68200256e+02, 8.30498596e+02, 9.68203064e+02,
    9.29391296e+02, 9.43687256e+02, 9.04697693e+02, 9.43510986e+02,
    8.80015198e+02, 9.43372864e+02, 8.55210449e+02, 9.43373169e+02,
    8.30452881e+02, 9.43363098e+02, 9.29335815e+02, 9.18720276e+02,
    9.04626831e+02, 9.18499573e+02, 8.79996399e+02, 9.18387939e+02,
    8.55157593e+02, 9.18375488e+02, 8.30452515e+02, 9.18468994e+02,
    9.29286926e+02, 8.93788513e+02, 9.04558960e+02, 8.93588135e+02,
    8.79865662e+02, 8.93499695e+02, 8.55113831e+02, 8.93519226e+02,
    8.30320496e+02, 8.93605408e+02, 9.29211548e+02, 8.69240173e+02,
    9.04483521e+02, 8.69060730e+02, 8.79804443e+02, 8.68868164e+02,
    8.54918091e+02, 8.68913574e+02, 8.30211121e+02, 8.69040833e+02,
    9.29089844e+02, 8.44491089e+02, 9.04345886e+02, 8.44401489e+02,
    8.79618469e+02, 8.44355652e+02, 8.54777039e+02, 8.44300293e+02,
    8.30034241e+02, 8.44413147e+02 ]
