%YAML:1.0
---
points: [ 7.81478638e+02, 8.44379211e+02, 8.06342224e+02, 8.44332825e+02,
    8.31099304e+02, 8.44281433e+02, 8.55556335e+02, 8.44400574e+02,
    8.80437256e+02, 8.44504517e+02, 7.81583557e+02, 8.68863831e+02,
    8.06467896e+02, 8.68808960e+02, 8.31283752e+02, 8.68831421e+02,
    8.55743652e+02, 8.68991394e+02, 8.80525513e+02, 8.69256348e+02,
    7.81689758e+02, 8.93464783e+02, 8.06527771e+02, 8.93433838e+02,
    8.31374634e+02, 8.93463318e+02, 8.55804688e+02, 8.93572144e+02,
    8.80629578e+02, 8.93823181e+02, 7.81746826e+02, 9.18345703e+02,
    8.06569092e+02, 9.18304871e+02, 8.31434875e+02, 9.18408447e+02,
    8.55904785e+02, 9.18501892e+02, 8.80623596e+02, 9.18742249e+02,
    7.81796448e+02, 9.43264771e+02, 8.06595398e+02, 9.43290833e+02,
    8.31392334e+02, 9.43327942e+02, 8.55946533e+02, 9.43474792e+02,
    8.80661133e+02, 9.43723938e+02, 7.81827576e+02, 9.67985779e+02,
    8.06574097e+02, 9.68067383e+02, 8.31433594e+02, 9.68227905e+02,
    8.55910034e+02, 9.68432922e+02, 8.80621155e+02, 9.68736755e+02,
    7.81739685e+02, 9.92796082e+02, 8.06553162e+02, 9.92860413e+02,
    8.31333252e+02, 9.93159912e+02, 8.55843018e+02, 9.93287903e+02,
    8.80603394e+02, 9.93636047e+02 ]
