%YAML:1.0
---
points: [ 7.41645630e+02, 8.42662598e+02, 7.66260071e+02, 8.42528748e+02,
    7.90962769e+02, 8.42547668e+02, 8.15575317e+02, 8.42547791e+02,
    8.40120728e+02, 8.42654480e+02, 7.41797729e+02, 8.66957336e+02,
    7.66421265e+02, 8.66787109e+02, 7.91176147e+02, 8.66771790e+02,
    8.15687805e+02, 8.66824768e+02, 8.40255188e+02, 8.67059753e+02,
    7.41940674e+02, 8.91604370e+02, 7.66499878e+02, 8.91523560e+02,
    7.91287231e+02, 8.91484131e+02, 8.15747498e+02, 8.91561462e+02,
    8.40318726e+02, 8.91689148e+02, 7.42143677e+02, 9.16418701e+02,
    7.66513794e+02, 9.16309692e+02, 7.91319824e+02, 9.16291443e+02,
    8.15804871e+02, 9.16400696e+02, 8.40348328e+02, 9.16556763e+02,
    7.42088501e+02, 9.40830200e+02, 7.66523621e+02, 9.40765320e+02,
    7.91312622e+02, 9.40730896e+02, 8.15815857e+02, 9.40930176e+02,
    8.40296448e+02, 9.41242798e+02, 7.42094482e+02, 9.65551758e+02,
    7.66493225e+02, 9.65566589e+02, 7.91253052e+02, 9.65634644e+02,
    8.15753296e+02, 9.65735657e+02, 8.40301147e+02, 9.65931396e+02,
    7.42016235e+02, 9.90463196e+02, 7.66413940e+02, 9.90476379e+02,
    7.91161194e+02, 9.90546143e+02, 8.15682495e+02, 9.90686035e+02,
    8.40208740e+02, 9.90884583e+02 ]
