%YAML:1.0
---
points: [ 7.04676208e+02, 8.41444336e+02, 7.29291931e+02, 8.41329224e+02,
    7.53966675e+02, 8.41318481e+02, 7.78394226e+02, 8.41363892e+02,
    8.02860840e+02, 8.41467651e+02, 7.04921936e+02, 8.65781372e+02,
    7.29435913e+02, 8.65649658e+02, 7.54200134e+02, 8.65658630e+02,
    7.78550598e+02, 8.65701111e+02, 8.03030762e+02, 8.65837952e+02,
    7.05072266e+02, 8.90299988e+02, 7.29492981e+02, 8.90266235e+02,
    7.54243164e+02, 8.90211853e+02, 7.78588989e+02, 8.90286682e+02,
    8.03099487e+02, 8.90481384e+02, 7.05192627e+02, 9.14745239e+02,
    7.29527405e+02, 9.14694519e+02, 7.54252197e+02, 9.14720398e+02,
    7.78613831e+02, 9.14774170e+02, 8.03076904e+02, 9.14968140e+02,
    7.05121521e+02, 9.39354370e+02, 7.29497131e+02, 9.39320312e+02,
    7.54229431e+02, 9.39338440e+02, 7.78563782e+02, 9.39409424e+02,
    8.02995728e+02, 9.39690918e+02, 7.05089844e+02, 9.64004150e+02,
    7.29372437e+02, 9.64036072e+02, 7.54138916e+02, 9.64071411e+02,
    7.78472839e+02, 9.64213867e+02, 8.02897644e+02, 9.64399048e+02,
    7.04915588e+02, 9.88620972e+02, 7.29315308e+02, 9.88576477e+02,
    7.53948914e+02, 9.88694214e+02, 7.78326355e+02, 9.88814575e+02,
    8.02798218e+02, 9.89080444e+02 ]
