%YAML:1.0
---
points: [ 6.67705200e+02, 8.40896606e+02, 6.92245850e+02, 8.40844238e+02,
    7.16878967e+02, 8.40818420e+02, 7.41299133e+02, 8.40894836e+02,
    7.65758301e+02, 8.40988770e+02, 6.67925781e+02, 8.65289001e+02,
    6.92428894e+02, 8.65243103e+02, 7.17128296e+02, 8.65247375e+02,
    7.41419983e+02, 8.65280518e+02, 7.65887878e+02, 8.65348083e+02,
    6.68123779e+02, 8.89752747e+02, 6.92466431e+02, 8.89629944e+02,
    7.17213501e+02, 8.89621826e+02, 7.41513489e+02, 8.89741821e+02,
    7.66000916e+02, 8.89908447e+02, 6.68228027e+02, 9.14200073e+02,
    6.92502991e+02, 9.14091431e+02, 7.17238098e+02, 9.14122375e+02,
    7.41505371e+02, 9.14247070e+02, 7.65948730e+02, 9.14433777e+02,
    6.68151123e+02, 9.38701904e+02, 6.92469666e+02, 9.38652954e+02,
    7.17189331e+02, 9.38648132e+02, 7.41446594e+02, 9.38742981e+02,
    7.65819885e+02, 9.39098267e+02, 6.68160461e+02, 9.63357178e+02,
    6.92391602e+02, 9.63354919e+02, 7.17090149e+02, 9.63379272e+02,
    7.41358093e+02, 9.63520996e+02, 7.65735840e+02, 9.63705078e+02,
    6.67963196e+02, 9.87743896e+02, 6.92334778e+02, 9.87793945e+02,
    7.16828064e+02, 9.87922974e+02, 7.41243530e+02, 9.88122925e+02,
    7.65626404e+02, 9.88332581e+02 ]
