%YAML:1.0
---
points: [ 7.22421021e+02, 9.88725525e+02, 6.97696472e+02, 9.88670837e+02,
    6.73396973e+02, 9.88592224e+02, 6.48688843e+02, 9.88611389e+02,
    6.24184692e+02, 9.88667480e+02, 7.22519348e+02, 9.64218811e+02,
    6.97863647e+02, 9.64101257e+02, 6.73565247e+02, 9.63918274e+02,
    6.48823853e+02, 9.64063232e+02, 6.24287048e+02, 9.64156677e+02,
    7.22557312e+02, 9.39479553e+02, 6.98084412e+02, 9.39352417e+02,
    6.73615601e+02, 9.39346558e+02, 6.48903625e+02, 9.39363159e+02,
    6.24310486e+02, 9.39477600e+02, 7.22569946e+02, 9.14748291e+02,
    6.98107361e+02, 9.14687561e+02, 6.73644531e+02, 9.14683167e+02,
    6.48906250e+02, 9.14745789e+02, 6.24274597e+02, 9.14900757e+02,
    7.22621948e+02, 8.90396301e+02, 6.98030212e+02, 8.90248657e+02,
    6.73620544e+02, 8.90268677e+02, 6.48866211e+02, 8.90311768e+02,
    6.24162048e+02, 8.90491272e+02, 7.22545105e+02, 8.65743347e+02,
    6.97875244e+02, 8.65688843e+02, 6.73561768e+02, 8.65639709e+02,
    6.48779724e+02, 8.65805298e+02, 6.23968689e+02, 8.66003845e+02,
    7.22465698e+02, 8.41399170e+02, 6.97749268e+02, 8.41319214e+02,
    6.73350891e+02, 8.41348511e+02, 6.48595947e+02, 8.41457275e+02,
    6.23661499e+02, 8.41627625e+02 ]
