%YAML:1.0
---
points: [ 6.86476746e+02, 9.88685852e+02, 6.61918640e+02, 9.88641418e+02,
    6.37614319e+02, 9.88560791e+02, 6.12967346e+02, 9.88531067e+02,
    5.88419434e+02, 9.88643433e+02, 6.86570862e+02, 9.64224976e+02,
    6.62056274e+02, 9.64108704e+02, 6.37739441e+02, 9.63997559e+02,
    6.13129211e+02, 9.63999939e+02, 5.88467102e+02, 9.64160461e+02,
    6.86625549e+02, 9.39491516e+02, 6.62171448e+02, 9.39315186e+02,
    6.37775452e+02, 9.39309998e+02, 6.13207458e+02, 9.39385254e+02,
    5.88471985e+02, 9.39441345e+02, 6.86613647e+02, 9.14792725e+02,
    6.62159180e+02, 9.14739746e+02, 6.37801819e+02, 9.14687866e+02,
    6.13128235e+02, 9.14748901e+02, 5.88371643e+02, 9.14942871e+02,
    6.86602783e+02, 8.90376770e+02, 6.62126343e+02, 8.90273987e+02,
    6.37712402e+02, 8.90284973e+02, 6.13077515e+02, 8.90377991e+02,
    5.88251282e+02, 8.90523010e+02, 6.86513733e+02, 8.65761230e+02,
    6.61906311e+02, 8.65749634e+02, 6.37612488e+02, 8.65727051e+02,
    6.12832581e+02, 8.65826904e+02, 5.88058289e+02, 8.66064575e+02,
    6.86354614e+02, 8.41400269e+02, 6.61720642e+02, 8.41341187e+02,
    6.37360474e+02, 8.41375793e+02, 6.12576538e+02, 8.41499390e+02,
    5.87783447e+02, 8.41706482e+02 ]
