%YAML:1.0
---
points: [ 6.31011475e+02, 9.88766113e+02, 6.06518921e+02, 9.88596436e+02,
    5.82141907e+02, 9.88488831e+02, 5.57699341e+02, 9.88353088e+02,
    5.33262146e+02, 9.88359375e+02, 6.31077759e+02, 9.64217407e+02,
    6.06603577e+02, 9.64085449e+02, 5.82250916e+02, 9.63936523e+02,
    5.57731018e+02, 9.63899780e+02, 5.33244690e+02, 9.63936035e+02,
    6.31151245e+02, 9.39546997e+02, 6.06663757e+02, 9.39337524e+02,
    5.82220215e+02, 9.39278931e+02, 5.57753540e+02, 9.39294067e+02,
    5.33117249e+02, 9.39320068e+02, 6.31077271e+02, 9.14919434e+02,
    6.06596497e+02, 9.14755615e+02, 5.82205200e+02, 9.14721252e+02,
    5.57643677e+02, 9.14729248e+02, 5.32999817e+02, 9.14842651e+02,
    6.30883362e+02, 8.90461914e+02, 6.06529419e+02, 8.90365967e+02,
    5.81981445e+02, 8.90350098e+02, 5.57482788e+02, 8.90368774e+02,
    5.32740967e+02, 8.90509094e+02, 6.30747192e+02, 8.65838501e+02,
    6.06358704e+02, 8.65780640e+02, 5.81724487e+02, 8.65791748e+02,
    5.57241699e+02, 8.65851685e+02, 5.32524536e+02, 8.66012573e+02,
    6.30461182e+02, 8.41529480e+02, 6.06054871e+02, 8.41442444e+02,
    5.81442261e+02, 8.41464783e+02, 5.56711243e+02, 8.41526917e+02,
    5.32212708e+02, 8.41661011e+02 ]
