%YAML:1.0
---
points: [ 5.80776184e+02, 9.88502014e+02, 5.56305176e+02, 9.88367554e+02,
    5.31970764e+02, 9.88289795e+02, 5.07441101e+02, 9.88301086e+02,
    4.82840118e+02, 9.88378418e+02, 5.80777344e+02, 9.63973694e+02,
    5.56310486e+02, 9.63887573e+02, 5.32089050e+02, 9.63828613e+02,
    5.07410645e+02, 9.63859070e+02, 4.82792297e+02, 9.63970947e+02,
    5.80756653e+02, 9.39347595e+02, 5.56323120e+02, 9.39268982e+02,
    5.31959167e+02, 9.39248474e+02, 5.07336243e+02, 9.39334229e+02,
    4.82599457e+02, 9.39442749e+02, 5.80674805e+02, 9.14746033e+02,
    5.56202148e+02, 9.14706116e+02, 5.31793457e+02, 9.14697632e+02,
    5.07176208e+02, 9.14740967e+02, 4.82405762e+02, 9.15024475e+02,
    5.80524109e+02, 8.90394714e+02, 5.55995300e+02, 8.90282227e+02,
    5.31595886e+02, 8.90361267e+02, 5.06881744e+02, 8.90424744e+02,
    4.82132599e+02, 8.90609924e+02, 5.80293518e+02, 8.65781128e+02,
    5.55735962e+02, 8.65751038e+02, 5.31274353e+02, 8.65813110e+02,
    5.06646332e+02, 8.65900818e+02, 4.81741180e+02, 8.66188965e+02,
    5.79951111e+02, 8.41443909e+02, 5.55314270e+02, 8.41449463e+02,
    5.30739868e+02, 8.41556519e+02, 5.06173584e+02, 8.41674438e+02,
    4.81277435e+02, 8.41855652e+02 ]
