%YAML:1.0
---
points: [ 4.37758972e+02, 8.40114075e+02, 4.62324249e+02, 8.39835632e+02,
    4.86815369e+02, 8.39713562e+02, 5.11242004e+02, 8.39649780e+02,
    5.35600769e+02, 8.39648193e+02, 4.38384766e+02, 8.64322571e+02,
    4.63013092e+02, 8.64141296e+02, 4.87345856e+02, 8.63984253e+02,
    5.11776917e+02, 8.63920532e+02, 5.36035461e+02, 8.63872070e+02,
    4.38743378e+02, 8.88407593e+02, 4.63470978e+02, 8.88249695e+02,
    4.87718475e+02, 8.88193604e+02, 5.12209351e+02, 8.88126404e+02,
    5.36352844e+02, 8.88182434e+02, 4.39221893e+02, 9.12749878e+02,
    4.63720612e+02, 9.12629456e+02, 4.88195526e+02, 9.12512390e+02,
    5.12440308e+02, 9.12483887e+02, 5.36627319e+02, 9.12607361e+02,
    4.39521393e+02, 9.37110962e+02, 4.64115662e+02, 9.36895447e+02,
    4.88370117e+02, 9.36833008e+02, 5.12552612e+02, 9.36821533e+02,
    5.36809814e+02, 9.37012817e+02, 4.39776306e+02, 9.61188904e+02,
    4.64236359e+02, 9.61096680e+02, 4.88555115e+02, 9.61076599e+02,
    5.12643127e+02, 9.61158936e+02, 5.36980957e+02, 9.61237854e+02,
    4.39890778e+02, 9.85575073e+02, 4.64293976e+02, 9.85507812e+02,
    4.88532257e+02, 9.85548340e+02, 5.12659485e+02, 9.85615906e+02,
    5.37081787e+02, 9.85694153e+02 ]
