%YAML:1.0
---
points: [ 4.97495972e+02, 9.84672119e+02, 4.73478546e+02, 9.84613281e+02,
    4.49174286e+02, 9.84645752e+02, 4.24798462e+02, 9.84751404e+02,
    4.00643860e+02, 9.84789612e+02, 4.97414551e+02, 9.60268982e+02,
    4.73377838e+02, 9.60273438e+02, 4.49115265e+02, 9.60323425e+02,
    4.24656067e+02, 9.60419312e+02, 4.00392242e+02, 9.60553345e+02,
    4.97293945e+02, 9.35949524e+02, 4.73266724e+02, 9.35843811e+02,
    4.48844055e+02, 9.36028137e+02, 4.24447418e+02, 9.36219727e+02,
    4.00027710e+02, 9.36408386e+02, 4.97113800e+02, 9.11799194e+02,
    4.72830719e+02, 9.11778015e+02, 4.48603882e+02, 9.11868347e+02,
    4.24036591e+02, 9.12059387e+02, 3.99713135e+02, 9.12283142e+02,
    4.96738312e+02, 8.87411682e+02, 4.72440613e+02, 8.87429443e+02,
    4.48320770e+02, 8.87474365e+02, 4.23625153e+02, 8.87688904e+02,
    3.99085022e+02, 8.87933411e+02, 4.96418213e+02, 8.63246582e+02,
    4.71949341e+02, 8.63318237e+02, 4.47794678e+02, 8.63422607e+02,
    4.23229889e+02, 8.63637024e+02, 3.98448456e+02, 8.63875427e+02,
    4.95849762e+02, 8.39162903e+02, 4.71390991e+02, 8.39241516e+02,
    4.47128204e+02, 8.39305664e+02, 4.22552826e+02, 8.39478210e+02,
    3.97811401e+02, 8.39723633e+02 ]
