%YAML:1.0
---
points: [ 4.47405273e+02, 9.84710510e+02, 4.23083344e+02, 9.84745361e+02,
    3.98623993e+02, 9.84779846e+02, 3.74472015e+02, 9.84880188e+02,
    3.49877930e+02, 9.85156799e+02, 4.47274780e+02, 9.60417297e+02,
    4.22893494e+02, 9.60374084e+02, 3.98548950e+02, 9.60458191e+02,
    3.74331665e+02, 9.60572266e+02, 3.49668915e+02, 9.60698425e+02,
    4.47096802e+02, 9.36107361e+02, 4.22750183e+02, 9.36137878e+02,
    3.98359863e+02, 9.36209167e+02, 3.74132172e+02, 9.36439026e+02,
    3.49415222e+02, 9.36619751e+02, 4.46787598e+02, 9.11994995e+02,
    4.22519226e+02, 9.11928101e+02, 3.98170532e+02, 9.12109985e+02,
    3.73589813e+02, 9.12273254e+02, 3.49126190e+02, 9.12494141e+02,
    4.46585205e+02, 8.87565369e+02, 4.22219025e+02, 8.87584839e+02,
    3.97754974e+02, 8.87718323e+02, 3.73114258e+02, 8.87926086e+02,
    3.48483368e+02, 8.88222046e+02, 4.46130920e+02, 8.63420227e+02,
    4.21716187e+02, 8.63510681e+02, 3.97302673e+02, 8.63637573e+02,
    3.72645020e+02, 8.63809631e+02, 3.47915466e+02, 8.64185608e+02,
    4.45505035e+02, 8.39301697e+02, 4.21208130e+02, 8.39373474e+02,
    3.96580200e+02, 8.39473755e+02, 3.71798828e+02, 8.39695068e+02,
    3.47202240e+02, 8.39922424e+02 ]
