%YAML:1.0
---
points: [ 2.72982910e+02, 8.39328857e+02, 2.97571747e+02, 8.39311584e+02,
    3.22226196e+02, 8.39240356e+02, 3.46428314e+02, 8.39282043e+02,
    3.70877930e+02, 8.39289307e+02, 2.73873871e+02, 8.63306152e+02,
    2.98313721e+02, 8.63232544e+02, 3.22780762e+02, 8.63245972e+02,
    3.47163086e+02, 8.63248352e+02, 3.71364868e+02, 8.63418884e+02,
    2.74425476e+02, 8.87363525e+02, 2.98844452e+02, 8.87317200e+02,
    3.23342407e+02, 8.87282898e+02, 3.47675842e+02, 8.87364990e+02,
    3.71672882e+02, 8.87475342e+02, 2.75022949e+02, 9.11606689e+02,
    2.99297211e+02, 9.11582214e+02, 3.23751099e+02, 9.11581604e+02,
    3.47978027e+02, 9.11676086e+02, 3.72057129e+02, 9.11799561e+02,
    2.75379822e+02, 9.35551880e+02, 2.99713928e+02, 9.35502258e+02,
    3.24018066e+02, 9.35602783e+02, 3.48272186e+02, 9.35701416e+02,
    3.72282684e+02, 9.35809875e+02, 2.75712708e+02, 9.59666809e+02,
    2.99966339e+02, 9.59755493e+02, 3.24260223e+02, 9.59794922e+02,
    3.48352936e+02, 9.60029114e+02, 3.72414642e+02, 9.60197937e+02,
    2.75862915e+02, 9.83891846e+02, 3.00223083e+02, 9.83899719e+02,
    3.24241211e+02, 9.84118469e+02, 3.48408813e+02, 9.84286865e+02,
    3.72550781e+02, 9.84421875e+02 ]
