%YAML:1.0
---
points: [ 2.32022842e+02, 8.38680664e+02, 2.56652893e+02, 8.38606140e+02,
    2.81256958e+02, 8.38564331e+02, 3.05789062e+02, 8.38541260e+02,
    3.30271423e+02, 8.38595825e+02, 2.32733627e+02, 8.62635681e+02,
    2.57403717e+02, 8.62519714e+02, 2.82064423e+02, 8.62469971e+02,
    3.06471008e+02, 8.62464233e+02, 3.30820251e+02, 8.62576538e+02,
    2.33397079e+02, 8.86621582e+02, 2.58152557e+02, 8.86528625e+02,
    2.82456390e+02, 8.86516418e+02, 3.06902313e+02, 8.86503418e+02,
    3.31315094e+02, 8.86647583e+02, 2.33785797e+02, 9.10705078e+02,
    2.58564240e+02, 9.10678650e+02, 2.82809326e+02, 9.10649048e+02,
    3.07320740e+02, 9.10738892e+02, 3.31596558e+02, 9.10812439e+02,
    2.34315231e+02, 9.34705261e+02, 2.58839539e+02, 9.34677490e+02,
    2.83337952e+02, 9.34619263e+02, 3.07453796e+02, 9.34690918e+02,
    3.31805756e+02, 9.34841614e+02, 2.34719818e+02, 9.58763611e+02,
    2.59145538e+02, 9.58748535e+02, 2.83545013e+02, 9.58760620e+02,
    3.07600616e+02, 9.58889648e+02, 3.31926208e+02, 9.59063782e+02,
    2.34961258e+02, 9.82719116e+02, 2.59287262e+02, 9.82729858e+02,
    2.83613556e+02, 9.82754211e+02, 3.07668549e+02, 9.82837891e+02,
    3.32124023e+02, 9.83137146e+02 ]
