%YAML:1.0
---
points: [ 1.92499146e+02, 8.38329773e+02, 2.17380890e+02, 8.38269775e+02,
    2.42154007e+02, 8.38230957e+02, 2.66527283e+02, 8.38183960e+02,
    2.91078461e+02, 8.38215393e+02, 1.93286377e+02, 8.62214905e+02,
    2.18228500e+02, 8.62028442e+02, 2.42972885e+02, 8.61964355e+02,
    2.67276489e+02, 8.61859802e+02, 2.91772552e+02, 8.62004089e+02,
    1.94003876e+02, 8.86228943e+02, 2.18752701e+02, 8.86150696e+02,
    2.43503433e+02, 8.86082764e+02, 2.67794617e+02, 8.86150024e+02,
    2.92220215e+02, 8.86225403e+02, 1.94777756e+02, 9.10213135e+02,
    2.19295288e+02, 9.10068237e+02, 2.43827759e+02, 9.10113281e+02,
    2.68349579e+02, 9.10125183e+02, 2.92447021e+02, 9.10271301e+02,
    1.95245285e+02, 9.34187744e+02, 2.19779083e+02, 9.34125916e+02,
    2.44206741e+02, 9.34054016e+02, 2.68646027e+02, 9.34135864e+02,
    2.92678406e+02, 9.34244873e+02, 1.95727570e+02, 9.58226807e+02,
    2.20007889e+02, 9.58231079e+02, 2.44471115e+02, 9.58227295e+02,
    2.68754364e+02, 9.58295410e+02, 2.92839203e+02, 9.58393738e+02,
    1.96067719e+02, 9.82057922e+02, 2.20242828e+02, 9.82084534e+02,
    2.44588272e+02, 9.82181396e+02, 2.68850525e+02, 9.82195923e+02,
    2.93073212e+02, 9.82294312e+02 ]
