%YAML:1.0
---
points: [ 1.55881561e+02, 8.37789978e+02, 1.80652771e+02, 8.37699646e+02,
    2.05423508e+02, 8.37663025e+02, 2.29908325e+02, 8.37603088e+02,
    2.54502823e+02, 8.37596191e+02, 1.56583771e+02, 8.61583130e+02,
    1.81522583e+02, 8.61506165e+02, 2.06368607e+02, 8.61393799e+02,
    2.30540665e+02, 8.61421326e+02, 2.55176239e+02, 8.61428650e+02,
    1.57555923e+02, 8.85686157e+02, 1.82202560e+02, 8.85567078e+02,
    2.06749817e+02, 8.85480225e+02, 2.31356171e+02, 8.85434692e+02,
    2.55543106e+02, 8.85478027e+02, 1.58305145e+02, 9.09555054e+02,
    1.82711105e+02, 9.09463013e+02, 2.07328857e+02, 9.09424255e+02,
    2.31803116e+02, 9.09424561e+02, 2.56009033e+02, 9.09445129e+02,
    1.58689270e+02, 9.33587891e+02, 1.83257965e+02, 9.33539429e+02,
    2.07752991e+02, 9.33453674e+02, 2.32240051e+02, 9.33484436e+02,
    2.56401581e+02, 9.33523071e+02, 1.59290131e+02, 9.57455750e+02,
    1.83564392e+02, 9.57380249e+02, 2.08164536e+02, 9.57329224e+02,
    2.32402710e+02, 9.57346497e+02, 2.56621948e+02, 9.57450806e+02,
    1.59558807e+02, 9.81468933e+02, 1.83908020e+02, 9.81411255e+02,
    2.08302170e+02, 9.81382935e+02, 2.32515213e+02, 9.81405640e+02,
    2.56822876e+02, 9.81453247e+02 ]
