%YAML:1.0
---
points: [ 2.23209869e+02, 9.81496704e+02, 1.98823288e+02, 9.81403564e+02,
    1.74712234e+02, 9.81407532e+02, 1.50381882e+02, 9.81382446e+02,
    1.26202515e+02, 9.81393616e+02, 2.22889542e+02, 9.57524963e+02,
    1.98557678e+02, 9.57382629e+02, 1.74617401e+02, 9.57363098e+02,
    1.50018799e+02, 9.57344055e+02, 1.25766602e+02, 9.57388184e+02,
    2.22582855e+02, 9.33565613e+02, 1.98354355e+02, 9.33503296e+02,
    1.74312225e+02, 9.33413330e+02, 1.49670868e+02, 9.33491577e+02,
    1.25091095e+02, 9.33559326e+02, 2.22248810e+02, 9.09535156e+02,
    1.97938156e+02, 9.09444824e+02, 1.73674377e+02, 9.09391296e+02,
    1.49252396e+02, 9.09427551e+02, 1.24472954e+02, 9.09552734e+02,
    2.21793076e+02, 8.85551514e+02, 1.97368088e+02, 8.85490295e+02,
    1.73119080e+02, 8.85500732e+02, 1.48541153e+02, 8.85519470e+02,
    1.23821869e+02, 8.85620300e+02, 2.21310959e+02, 8.61444824e+02,
    1.96717392e+02, 8.61420715e+02, 1.72388214e+02, 8.61426636e+02,
    1.47889160e+02, 8.61476501e+02, 1.22910088e+02, 8.61537109e+02,
    2.20398590e+02, 8.37632874e+02, 1.96063156e+02, 8.37613281e+02,
    1.71456802e+02, 8.37665039e+02, 1.46712784e+02, 8.37712585e+02,
    1.22134315e+02, 8.37757446e+02 ]
