%YAML:1.0
---
points: [ 5.73380699e+01, 8.36448303e+02, 8.17840576e+01, 8.36282043e+02,
    1.06129738e+02, 8.36318542e+02, 1.30136154e+02, 8.36317444e+02,
    1.54491058e+02, 8.36378052e+02, 5.86239128e+01, 8.60239197e+02,
    8.28397675e+01, 8.60207520e+02, 1.07322189e+02, 8.60164978e+02,
    1.31210022e+02, 8.60202271e+02, 1.55203445e+02, 8.60284851e+02,
    5.94555359e+01, 8.84017639e+02, 8.39462051e+01, 8.83956421e+02,
    1.08018768e+02, 8.83866150e+02, 1.32128815e+02, 8.84091797e+02,
    1.55962677e+02, 8.84234497e+02, 6.03336868e+01, 9.07985046e+02,
    8.45658493e+01, 9.07958374e+02, 1.08750252e+02, 9.07888611e+02,
    1.32779968e+02, 9.08100891e+02, 1.56459106e+02, 9.08217102e+02,
    6.09453545e+01, 9.31826843e+02, 8.53334427e+01, 9.31752258e+02,
    1.09300789e+02, 9.31862549e+02, 1.33293091e+02, 9.31944092e+02,
    1.57010025e+02, 9.32162109e+02, 6.16610222e+01, 9.55547607e+02,
    8.57388535e+01, 9.55538452e+02, 1.09706703e+02, 9.55575562e+02,
    1.33656601e+02, 9.55733826e+02, 1.57477325e+02, 9.55813110e+02,
    6.20642014e+01, 9.79497986e+02, 8.61391296e+01, 9.79521912e+02,
    1.10080627e+02, 9.79551758e+02, 1.34116150e+02, 9.79682922e+02,
    1.57911499e+02, 9.79825439e+02 ]
