%YAML:1.0
---
points: [ 5.75609741e+01, 8.36450134e+02, 8.20572662e+01, 8.36399048e+02,
    1.06312943e+02, 8.36453979e+02, 1.30402542e+02, 8.36485413e+02,
    1.54597900e+02, 8.36600159e+02, 5.88012314e+01, 8.60296631e+02,
    8.30739594e+01, 8.60247437e+02, 1.07417068e+02, 8.60301392e+02,
    1.31395462e+02, 8.60360657e+02, 1.55407410e+02, 8.60477478e+02,
    5.96741524e+01, 8.84167664e+02, 8.41469498e+01, 8.84115051e+02,
    1.08132980e+02, 8.84172852e+02, 1.32310745e+02, 8.84254822e+02,
    1.56089462e+02, 8.84412354e+02, 6.04248581e+01, 9.08118713e+02,
    8.47745209e+01, 9.08046692e+02, 1.08867226e+02, 9.08130493e+02,
    1.32862137e+02, 9.08232666e+02, 1.56467026e+02, 9.08352051e+02,
    6.10356903e+01, 9.31900818e+02, 8.54507141e+01, 9.31925781e+02,
    1.09377312e+02, 9.32029053e+02, 1.33320145e+02, 9.32171936e+02,
    1.57112076e+02, 9.32328125e+02, 6.17257233e+01, 9.55605408e+02,
    8.58241806e+01, 9.55660889e+02, 1.09788979e+02, 9.55706665e+02,
    1.33729889e+02, 9.55851746e+02, 1.57563324e+02, 9.56162903e+02,
    6.21512108e+01, 9.79589661e+02, 8.62011337e+01, 9.79623840e+02,
    1.10174835e+02, 9.79730225e+02, 1.34112671e+02, 9.79882019e+02,
    1.57915253e+02, 9.80145325e+02 ]
