%YAML:1.0
---
points: [ 1.98332577e+01, 8.35775146e+02, 4.44420280e+01, 8.35619507e+02,
    6.90187225e+01, 8.35468811e+02, 9.31119003e+01, 8.35356995e+02,
    1.17443039e+02, 8.35348572e+02, 2.10822144e+01, 8.59612671e+02,
    4.55177612e+01, 8.59415100e+02, 7.01944351e+01, 8.59332397e+02,
    9.41460724e+01, 8.59229126e+02, 1.18296234e+02, 8.59229614e+02,
    2.19877510e+01, 8.83275696e+02, 4.65412788e+01, 8.83179504e+02,
    7.08928604e+01, 8.82987061e+02, 9.51493073e+01, 8.82984924e+02,
    1.19064079e+02, 8.82983337e+02, 2.28614407e+01, 9.07246399e+02,
    4.73720207e+01, 9.07148376e+02, 7.17010040e+01, 9.06916199e+02,
    9.58680115e+01, 9.06863403e+02, 1.19668961e+02, 9.06936829e+02,
    2.35366116e+01, 9.30838013e+02, 4.81795082e+01, 9.30700684e+02,
    7.22517014e+01, 9.30650208e+02, 9.63902206e+01, 9.30574219e+02,
    1.20409050e+02, 9.30664856e+02, 2.41855907e+01, 9.54825684e+02,
    4.86821518e+01, 9.54689026e+02, 7.27281418e+01, 9.54533630e+02,
    9.68527756e+01, 9.54517639e+02, 1.20834122e+02, 9.54605164e+02,
    2.47463245e+01, 9.78667969e+02, 4.89604950e+01, 9.78489197e+02,
    7.31920624e+01, 9.78356079e+02, 9.73185806e+01, 9.78307800e+02,
    1.21298279e+02, 9.78332031e+02 ]
