%YAML:1.0
---
points: [ 1.34276800e+01, 8.35620361e+02, 3.81560974e+01, 8.35433105e+02,
    6.23571281e+01, 8.35285095e+02, 8.66081696e+01, 8.35295349e+02,
    1.10906059e+02, 8.35263977e+02, 1.45696173e+01, 8.59455261e+02,
    3.91611710e+01, 8.59252869e+02, 6.37272949e+01, 8.59186462e+02,
    8.75591583e+01, 8.59145935e+02, 1.11770981e+02, 8.59178162e+02,
    1.55645580e+01, 8.83148804e+02, 4.01587677e+01, 8.82972351e+02,
    6.44366302e+01, 8.82822449e+02, 8.85014648e+01, 8.82799133e+02,
    1.12495949e+02, 8.82835510e+02, 1.66148224e+01, 9.07102295e+02,
    4.07800522e+01, 9.06851074e+02, 6.52407150e+01, 9.06782288e+02,
    8.92898407e+01, 9.06743652e+02, 1.13100739e+02, 9.06783325e+02,
    1.71905499e+01, 9.30710876e+02, 4.16342125e+01, 9.30547241e+02,
    6.56662750e+01, 9.30451599e+02, 8.98415604e+01, 9.30403564e+02,
    1.13755516e+02, 9.30555420e+02, 1.79461269e+01, 9.54634277e+02,
    4.22226982e+01, 9.54471924e+02, 6.62911530e+01, 9.54387939e+02,
    9.03638382e+01, 9.54428284e+02, 1.14252716e+02, 9.54482117e+02,
    1.83436146e+01, 9.78321350e+02, 4.26214104e+01, 9.78235046e+02,
    6.66884232e+01, 9.78158752e+02, 9.07352371e+01, 9.78198059e+02,
    1.14533356e+02, 9.78212830e+02 ]
