%YAML:1.0
---
points: [ 8.65493965e+00, 8.35302429e+02, 3.33865051e+01, 8.35203430e+02,
    5.74331398e+01, 8.35098694e+02, 8.15152740e+01, 8.35137085e+02,
    1.05673294e+02, 8.35124817e+02, 9.94369030e+00, 8.59177429e+02,
    3.43280563e+01, 8.58975403e+02, 5.87266045e+01, 8.58877258e+02,
    8.24601440e+01, 8.58838318e+02, 1.06542206e+02, 8.58883423e+02,
    1.10471592e+01, 8.82828735e+02, 3.52603798e+01, 8.82673950e+02,
    5.95616074e+01, 8.82549011e+02, 8.34906693e+01, 8.82580933e+02,
    1.07360138e+02, 8.82683411e+02, 1.18581867e+01, 9.06796692e+02,
    3.61219177e+01, 9.06611389e+02, 6.03227806e+01, 9.06568420e+02,
    8.42740707e+01, 9.06597595e+02, 1.07869743e+02, 9.06687866e+02,
    1.26190519e+01, 9.30301086e+02, 3.69385071e+01, 9.30303589e+02,
    6.08197136e+01, 9.30228821e+02, 8.48752747e+01, 9.30264465e+02,
    1.08534019e+02, 9.30376038e+02, 1.33003273e+01, 9.54292053e+02,
    3.73821602e+01, 9.54191467e+02, 6.13465233e+01, 9.54110352e+02,
    8.53202362e+01, 9.54198303e+02, 1.09001801e+02, 9.54278198e+02,
    1.36410036e+01, 9.77866699e+02, 3.77714958e+01, 9.77790894e+02,
    6.16308784e+01, 9.77810181e+02, 8.57148285e+01, 9.77807434e+02,
    1.09375931e+02, 9.77959961e+02 ]
