%YAML:1.0
---
points: [ 1.43117630e+02, 9.60702759e+02, 1.16071754e+02, 9.63628174e+02,
    8.87807312e+01, 9.66263916e+02, 6.08486671e+01, 9.69257141e+02,
    3.30814590e+01, 9.71951294e+02, 1.42335709e+02, 9.37846069e+02,
    1.15070213e+02, 9.40328857e+02, 8.77406616e+01, 9.43112244e+02,
    6.00925064e+01, 9.45713745e+02, 3.19888821e+01, 9.48639709e+02,
    1.41187180e+02, 9.14698730e+02, 1.14222946e+02, 9.17365540e+02,
    8.69291534e+01, 9.19674500e+02, 5.90516281e+01, 9.22499817e+02,
    3.07149448e+01, 9.25111633e+02, 1.40300247e+02, 8.91775452e+02,
    1.13051765e+02, 8.94199158e+02, 8.57817307e+01, 8.96612427e+02,
    5.79533234e+01, 8.99089966e+02, 2.96093559e+01, 9.01752380e+02,
    1.39318848e+02, 8.68796936e+02, 1.12208008e+02, 8.70999268e+02,
    8.46663742e+01, 8.73303528e+02, 5.66190147e+01, 8.75711182e+02,
    2.83997173e+01, 8.78131897e+02, 1.38218002e+02, 8.45703796e+02,
    1.11051842e+02, 8.47961426e+02, 8.34381866e+01, 8.50004883e+02,
    5.54103050e+01, 8.52371155e+02, 2.70876942e+01, 8.54700378e+02,
    1.37088531e+02, 8.22793701e+02, 1.09461830e+02, 8.24787720e+02,
    8.20258179e+01, 8.27020813e+02, 5.41246910e+01, 8.29114929e+02,
    2.54651146e+01, 8.31364258e+02 ]
