%YAML:1.0
---
points: [ 1.31447372e+02, 9.55990967e+02, 1.02882820e+02, 9.60074463e+02,
    7.42037277e+01, 9.64338928e+02, 4.46271477e+01, 9.68510498e+02,
    1.47235670e+01, 9.72786255e+02, 1.30677231e+02, 9.33237793e+02,
    1.02275558e+02, 9.36924072e+02, 7.35006790e+01, 9.40725403e+02,
    4.38776436e+01, 9.44843140e+02, 1.37807846e+01, 9.49251343e+02,
    1.29777145e+02, 9.10206970e+02, 1.01428604e+02, 9.13705566e+02,
    7.24606094e+01, 9.17557983e+02, 4.32051773e+01, 9.21487488e+02,
    1.30295248e+01, 9.25403381e+02, 1.29109406e+02, 8.87214966e+02,
    1.00667267e+02, 8.90706848e+02, 7.16342316e+01, 8.94280640e+02,
    4.21230736e+01, 8.97797974e+02, 1.21296997e+01, 9.01756226e+02,
    1.28160873e+02, 8.64327393e+02, 9.95910950e+01, 8.67434875e+02,
    7.06860504e+01, 8.70843323e+02, 4.11717834e+01, 8.74505554e+02,
    1.10550632e+01, 8.77805176e+02, 1.27360718e+02, 8.41313416e+02,
    9.86658936e+01, 8.44413818e+02, 6.97863922e+01, 8.47655945e+02,
    4.00593987e+01, 8.50788269e+02, 9.95935726e+00, 8.54417664e+02,
    1.26291328e+02, 8.18459961e+02, 9.75352783e+01, 8.21477173e+02,
    6.87554245e+01, 8.24408813e+02, 3.89879761e+01, 8.27656128e+02,
    8.74990368e+00, 8.30654053e+02 ]
