%YAML:1.0
---
points: [ 1.40726227e+02, 9.52127747e+02, 1.12028046e+02, 9.56720520e+02,
    8.26147385e+01, 9.61595459e+02, 5.28328819e+01, 9.66648193e+02,
    2.21813641e+01, 9.71838074e+02, 1.39747681e+02, 9.29379578e+02,
    1.11226402e+02, 9.33898499e+02, 8.19621582e+01, 9.38572632e+02,
    5.19601555e+01, 9.43457275e+02, 2.15161495e+01, 9.48373169e+02,
    1.39133789e+02, 9.06753723e+02, 1.10483345e+02, 9.11018127e+02,
    8.10173950e+01, 9.15404663e+02, 5.10168839e+01, 9.19838684e+02,
    2.03739796e+01, 9.24486694e+02, 1.38296951e+02, 8.83898987e+02,
    1.09431221e+02, 8.87819397e+02, 8.03493347e+01, 8.92147400e+02,
    5.01663857e+01, 8.96522644e+02, 1.95368366e+01, 9.01155701e+02,
    1.37543045e+02, 8.61128479e+02, 1.08565430e+02, 8.65101807e+02,
    7.93159180e+01, 8.69040710e+02, 4.92181892e+01, 8.72920288e+02,
    1.84611301e+01, 8.77188232e+02, 1.36483932e+02, 8.38497192e+02,
    1.07654167e+02, 8.42159729e+02, 7.83476715e+01, 8.45691101e+02,
    4.83429642e+01, 8.49636047e+02, 1.75284195e+01, 8.53687134e+02,
    1.35625061e+02, 8.15905090e+02, 1.06718491e+02, 8.19239990e+02,
    7.72812042e+01, 8.22827820e+02, 4.72799721e+01, 8.26420593e+02,
    1.66107254e+01, 8.29893250e+02 ]
