%YAML:1.0
---
points: [ 1.34920151e+02, 9.51654480e+02, 1.06419022e+02, 9.55959778e+02,
    7.72337341e+01, 9.60344543e+02, 4.74830170e+01, 9.64881897e+02,
    1.71812916e+01, 9.69532715e+02, 1.34592575e+02, 9.28716431e+02,
    1.06133736e+02, 9.32739014e+02, 7.70063934e+01, 9.36882568e+02,
    4.72475357e+01, 9.41087219e+02, 1.68907032e+01, 9.45440857e+02,
    1.34357101e+02, 9.05755554e+02, 1.05822929e+02, 9.09409119e+02,
    7.65807114e+01, 9.13421997e+02, 4.68887749e+01, 9.17484619e+02,
    1.66042042e+01, 9.21617126e+02, 1.34106125e+02, 8.82711426e+02,
    1.05475006e+02, 8.86341125e+02, 7.62352142e+01, 8.90100403e+02,
    4.65283966e+01, 8.93693970e+02, 1.62526627e+01, 8.97614746e+02,
    1.33570648e+02, 8.59842407e+02, 1.04925789e+02, 8.63203430e+02,
    7.57669907e+01, 8.66561829e+02, 4.59541817e+01, 8.70272888e+02,
    1.57032146e+01, 8.73851624e+02, 1.33151382e+02, 8.36933655e+02,
    1.04392815e+02, 8.39935486e+02, 7.54632721e+01, 8.43378357e+02,
    4.54833679e+01, 8.46616760e+02, 1.52179193e+01, 8.50095947e+02,
    1.32689545e+02, 8.14085083e+02, 1.03944664e+02, 8.17227966e+02,
    7.48451385e+01, 8.20067017e+02, 4.51524658e+01, 8.23314697e+02,
    1.47201195e+01, 8.26437683e+02 ]
