%YAML:1.0
---
points: [ 1.43183146e+01, 7.05893494e+02, 3.84255333e+01, 7.06258850e+02,
    6.21273575e+01, 7.06592285e+02, 8.58226242e+01, 7.06887756e+02,
    1.09339989e+02, 7.07272095e+02, 1.43903570e+01, 7.29690369e+02,
    3.84342880e+01, 7.30038452e+02, 6.22149086e+01, 7.30330811e+02,
    8.57778015e+01, 7.30657104e+02, 1.09276909e+02, 7.31145264e+02,
    1.42001638e+01, 7.53765381e+02, 3.82973938e+01, 7.54135193e+02,
    6.19816208e+01, 7.54425720e+02, 8.55674438e+01, 7.54745300e+02,
    1.09047295e+02, 7.55207703e+02, 1.38136177e+01, 7.77688843e+02,
    3.78830643e+01, 7.77982056e+02, 6.16048088e+01, 7.78409180e+02,
    8.53339233e+01, 7.78843506e+02, 1.08641151e+02, 7.79267883e+02,
    1.35503454e+01, 8.01768799e+02, 3.75030899e+01, 8.02205444e+02,
    6.10582848e+01, 8.02474670e+02, 8.47010498e+01, 8.02800537e+02,
    1.08045990e+02, 8.03314148e+02, 1.31408291e+01, 8.25752991e+02,
    3.68854332e+01, 8.26181030e+02, 6.04687576e+01, 8.26616272e+02,
    8.40265198e+01, 8.27103088e+02, 1.07461227e+02, 8.27568970e+02,
    1.24479313e+01, 8.49864990e+02, 3.59270058e+01, 8.50282959e+02,
    5.97005196e+01, 8.50699402e+02, 8.31041489e+01, 8.51165466e+02,
    1.06866623e+02, 8.51514099e+02 ]
