%YAML:1.0
---
points: [ 1.32790537e+01, 7.07087463e+02, 3.71993675e+01, 7.07363220e+02,
    6.06525917e+01, 7.07693848e+02, 8.42699280e+01, 7.08190369e+02,
    1.07702560e+02, 7.08474854e+02, 1.34709749e+01, 7.30894104e+02,
    3.74082184e+01, 7.31296082e+02, 6.08579140e+01, 7.31750305e+02,
    8.44129868e+01, 7.32231934e+02, 1.07763954e+02, 7.32642334e+02,
    1.35569868e+01, 7.55095764e+02, 3.74233055e+01, 7.55395325e+02,
    6.08722229e+01, 7.55728210e+02, 8.44409714e+01, 7.56163696e+02,
    1.07728607e+02, 7.56652344e+02, 1.34729919e+01, 7.79171021e+02,
    3.72584877e+01, 7.79588318e+02, 6.07212601e+01, 7.79994812e+02,
    8.42974625e+01, 7.80478394e+02, 1.07564621e+02, 7.80903564e+02,
    1.32774897e+01, 8.03214233e+02, 3.71031761e+01, 8.03591736e+02,
    6.05092392e+01, 8.04033203e+02, 8.40232773e+01, 8.04505249e+02,
    1.07299782e+02, 8.05079224e+02, 1.31307011e+01, 8.27402039e+02,
    3.66470947e+01, 8.27798950e+02, 6.02204742e+01, 8.28252930e+02,
    8.34748917e+01, 8.28745361e+02, 1.06798615e+02, 8.29297058e+02,
    1.26560812e+01, 8.51376343e+02, 3.59711952e+01, 8.51860291e+02,
    5.95281792e+01, 8.52457764e+02, 8.27735977e+01, 8.53039429e+02,
    1.06319748e+02, 8.53595154e+02 ]
