%YAML:1.0
---
points: [ 9.15981579e+00, 7.08664612e+02, 3.54327164e+01, 7.08536682e+02,
    6.15237427e+01, 7.08499451e+02, 8.73396301e+01, 7.08450623e+02,
    1.13005684e+02, 7.08416077e+02, 9.42340660e+00, 7.33016785e+02,
    3.56401024e+01, 7.32790710e+02, 6.18351784e+01, 7.32696289e+02,
    8.74581528e+01, 7.32520020e+02, 1.13180573e+02, 7.32514282e+02,
    9.53369236e+00, 7.57203613e+02, 3.57029915e+01, 7.56946655e+02,
    6.17918549e+01, 7.56759094e+02, 8.74886322e+01, 7.56626526e+02,
    1.13132767e+02, 7.56505310e+02, 9.49662495e+00, 7.81618958e+02,
    3.55613594e+01, 7.81316101e+02, 6.17019348e+01, 7.81126892e+02,
    8.74207764e+01, 7.80879822e+02, 1.12877441e+02, 7.80750854e+02,
    9.26884270e+00, 8.05927734e+02, 3.54249649e+01, 8.05690613e+02,
    6.14344101e+01, 8.05318115e+02, 8.72348022e+01, 8.05146729e+02,
    1.12716118e+02, 8.04861694e+02, 9.01312065e+00, 8.30214294e+02,
    3.51644096e+01, 8.29857727e+02, 6.11023979e+01, 8.29557190e+02,
    8.67882996e+01, 8.29330566e+02, 1.12365913e+02, 8.29189026e+02,
    8.65798283e+00, 8.54680298e+02, 3.47078590e+01, 8.54339172e+02,
    6.05874329e+01, 8.53910278e+02, 8.63760147e+01, 8.53668396e+02,
    1.12052887e+02, 8.53325684e+02 ]
