%YAML:1.0
---
points: [ 9.20486641e+00, 7.08665466e+02, 3.54481850e+01, 7.08576233e+02,
    6.15805550e+01, 7.08478760e+02, 8.73956757e+01, 7.08424255e+02,
    1.13080627e+02, 7.08367065e+02, 9.43784046e+00, 7.33010681e+02,
    3.56835213e+01, 7.32807922e+02, 6.18596878e+01, 7.32683533e+02,
    8.74955750e+01, 7.32610962e+02, 1.13195290e+02, 7.32494751e+02,
    9.54010391e+00, 7.57227112e+02, 3.57002258e+01, 7.56889038e+02,
    6.18811073e+01, 7.56732544e+02, 8.74942627e+01, 7.56570129e+02,
    1.13203621e+02, 7.56433777e+02, 9.54616737e+00, 7.81569702e+02,
    3.56364250e+01, 7.81295959e+02, 6.17331848e+01, 7.81117676e+02,
    8.74213409e+01, 7.80845703e+02, 1.12934570e+02, 7.80737366e+02,
    9.32382488e+00, 8.05958496e+02, 3.54655762e+01, 8.05679504e+02,
    6.15431252e+01, 8.05314087e+02, 8.72533875e+01, 8.05076843e+02,
    1.12769051e+02, 8.04847473e+02, 9.10849094e+00, 8.30220703e+02,
    3.51923370e+01, 8.29778809e+02, 6.11549797e+01, 8.29559875e+02,
    8.68850861e+01, 8.29285950e+02, 1.12392212e+02, 8.29164246e+02,
    8.68135262e+00, 8.54659729e+02, 3.47674370e+01, 8.54365601e+02,
    6.06071815e+01, 8.54002075e+02, 8.63529510e+01, 8.53645081e+02,
    1.12123070e+02, 8.53384399e+02 ]
