%YAML:1.0
---
points: [ 9.62939606e+01, 7.07818176e+02, 1.22260178e+02, 7.07756714e+02,
    1.47923569e+02, 7.07629333e+02, 1.73402847e+02, 7.07571716e+02,
    1.98752014e+02, 7.07495728e+02, 9.64715805e+01, 7.32087341e+02,
    1.22431946e+02, 7.31845520e+02, 1.48183884e+02, 7.31688721e+02,
    1.73530579e+02, 7.31529114e+02, 1.98815277e+02, 7.31333069e+02,
    9.65038834e+01, 7.56096375e+02, 1.22453392e+02, 7.55795105e+02,
    1.48170502e+02, 7.55687012e+02, 1.73442154e+02, 7.55534851e+02,
    1.98708603e+02, 7.55432007e+02, 9.65073471e+01, 7.80469727e+02,
    1.22357475e+02, 7.80178040e+02, 1.47977371e+02, 7.79916687e+02,
    1.73313248e+02, 7.79741943e+02, 1.98517075e+02, 7.79579224e+02,
    9.63561249e+01, 8.04480652e+02, 1.22217773e+02, 8.04262390e+02,
    1.47799408e+02, 8.04004700e+02, 1.73105682e+02, 8.03726257e+02,
    1.98294617e+02, 8.03545837e+02, 9.61527634e+01, 8.28782288e+02,
    1.21744102e+02, 8.28505493e+02, 1.47482056e+02, 8.28304199e+02,
    1.72719116e+02, 8.27996582e+02, 1.98022736e+02, 8.27749207e+02,
    9.57903442e+01, 8.53194824e+02, 1.21386909e+02, 8.52799744e+02,
    1.46782028e+02, 8.52428467e+02, 1.72177887e+02, 8.52122314e+02,
    1.97586472e+02, 8.51757935e+02 ]
