%YAML:1.0
---
points: [ 2.41926270e+02, 8.51017761e+02, 2.16710556e+02, 8.51272278e+02,
    1.91381134e+02, 8.51577515e+02, 1.65956879e+02, 8.51861755e+02,
    1.40522583e+02, 8.52308105e+02, 2.42306854e+02, 8.27032288e+02,
    2.17084656e+02, 8.27255798e+02, 1.91823685e+02, 8.27521606e+02,
    1.66280701e+02, 8.27839417e+02, 1.40872742e+02, 8.28153748e+02,
    2.42651932e+02, 8.02831848e+02, 2.17496887e+02, 8.03096191e+02,
    1.92184662e+02, 8.03334961e+02, 1.66602783e+02, 8.03583069e+02,
    1.41076630e+02, 8.03867004e+02, 2.43017365e+02, 7.78877869e+02,
    2.17791992e+02, 7.79178833e+02, 1.92444901e+02, 7.79283875e+02,
    1.66765167e+02, 7.79556946e+02, 1.41262894e+02, 7.79821411e+02,
    2.43241547e+02, 7.54821411e+02, 2.17952164e+02, 7.54966553e+02,
    1.92573029e+02, 7.55203674e+02, 1.66929138e+02, 7.55382385e+02,
    1.41283615e+02, 7.55586182e+02, 2.43307266e+02, 7.30752991e+02,
    2.18018204e+02, 7.30885925e+02, 1.92682251e+02, 7.31085632e+02,
    1.67056244e+02, 7.31289490e+02, 1.41260574e+02, 7.31487793e+02,
    2.43241013e+02, 7.07041748e+02, 2.17842911e+02, 7.07141174e+02,
    1.92463654e+02, 7.07267151e+02, 1.66747391e+02, 7.07397888e+02,
    1.41047241e+02, 7.07491394e+02 ]
