%YAML:1.0
---
points: [ 1.57139679e+02, 7.07283936e+02, 1.82805740e+02, 7.07190674e+02,
    2.08323883e+02, 7.07106812e+02, 2.33653229e+02, 7.06904419e+02,
    2.59005524e+02, 7.06851868e+02, 1.57439667e+02, 7.31276489e+02,
    1.83016129e+02, 7.31037537e+02, 2.08472198e+02, 7.30787659e+02,
    2.33761581e+02, 7.30668396e+02, 2.59086182e+02, 7.30538452e+02,
    1.57448746e+02, 7.55298889e+02, 1.82955215e+02, 7.55134949e+02,
    2.08439819e+02, 7.54858948e+02, 2.33663345e+02, 7.54684265e+02,
    2.58914368e+02, 7.54570007e+02, 1.57408615e+02, 7.79505920e+02,
    1.82820007e+02, 7.79277649e+02, 2.08297867e+02, 7.79029968e+02,
    2.33561554e+02, 7.78810547e+02, 2.58724274e+02, 7.78533569e+02,
    1.57173218e+02, 8.03529602e+02, 1.82671692e+02, 8.03307373e+02,
    2.08093811e+02, 8.02987976e+02, 2.33377625e+02, 8.02736084e+02,
    2.58525085e+02, 8.02566101e+02, 1.56820740e+02, 8.27720215e+02,
    1.82356339e+02, 8.27501038e+02, 2.07748978e+02, 8.27261047e+02,
    2.33019791e+02, 8.26916992e+02, 2.58130035e+02, 8.26620361e+02,
    1.56482208e+02, 8.51849426e+02, 1.81777023e+02, 8.51471252e+02,
    2.07198914e+02, 8.51223022e+02, 2.32447952e+02, 8.50930847e+02,
    2.57627045e+02, 8.50613159e+02 ]
