%YAML:1.0
---
points: [ 1.96471588e+02, 7.06910461e+02, 2.22031494e+02, 7.06814880e+02,
    2.47358398e+02, 7.06685120e+02, 2.72454132e+02, 7.06548157e+02,
    2.97564453e+02, 7.06428345e+02, 1.96591187e+02, 7.30699463e+02,
    2.22187149e+02, 7.30552673e+02, 2.47565903e+02, 7.30373535e+02,
    2.72514587e+02, 7.30248169e+02, 2.97594635e+02, 7.30110901e+02,
    1.96597214e+02, 7.54779297e+02, 2.22132584e+02, 7.54563965e+02,
    2.47482574e+02, 7.54408203e+02, 2.72494354e+02, 7.54251160e+02,
    2.97522430e+02, 7.54087402e+02, 1.96526123e+02, 7.78888000e+02,
    2.22037674e+02, 7.78623657e+02, 2.47331726e+02, 7.78337219e+02,
    2.72359589e+02, 7.78103149e+02, 2.97374207e+02, 7.77875244e+02,
    1.96410477e+02, 8.02909790e+02, 2.21792450e+02, 8.02613708e+02,
    2.47096832e+02, 8.02387329e+02, 2.72137878e+02, 8.02192078e+02,
    2.97148499e+02, 8.01959229e+02, 1.96243683e+02, 8.27174927e+02,
    2.21515961e+02, 8.26739746e+02, 2.46743057e+02, 8.26385193e+02,
    2.71699554e+02, 8.26114929e+02, 2.96676056e+02, 8.25770264e+02,
    1.95751984e+02, 8.51145508e+02, 2.21062088e+02, 8.50762024e+02,
    2.46162323e+02, 8.50462219e+02, 2.71228455e+02, 8.50188110e+02,
    2.96295197e+02, 8.49842651e+02 ]
