%YAML:1.0
---
points: [ 3.25681732e+02, 8.49169128e+02, 3.00793945e+02, 8.49431335e+02,
    2.75749115e+02, 8.49690125e+02, 2.50596725e+02, 8.49977661e+02,
    2.25586563e+02, 8.50280884e+02, 3.26079956e+02, 8.25079285e+02,
    3.01270264e+02, 8.25271240e+02, 2.76314789e+02, 8.25602539e+02,
    2.51111572e+02, 8.25950684e+02, 2.26065292e+02, 8.26286255e+02,
    3.26405853e+02, 8.01302429e+02, 3.01587372e+02, 8.01452942e+02,
    2.76663086e+02, 8.01689453e+02, 2.51540009e+02, 8.02030212e+02,
    2.26356323e+02, 8.02286743e+02, 3.26697693e+02, 7.77299316e+02,
    3.01904114e+02, 7.77415161e+02, 2.76862213e+02, 7.77603210e+02,
    2.51780731e+02, 7.77892944e+02, 2.26519638e+02, 7.78274597e+02,
    3.26866974e+02, 7.53513672e+02, 3.02129822e+02, 7.53627869e+02,
    2.77048584e+02, 7.53867859e+02, 2.51845078e+02, 7.54043518e+02,
    2.26596405e+02, 7.54280151e+02, 3.27073517e+02, 7.29535889e+02,
    3.02171356e+02, 7.29684692e+02, 2.77138092e+02, 7.29849976e+02,
    2.51891708e+02, 7.30052490e+02, 2.26570908e+02, 7.30277954e+02,
    3.27018433e+02, 7.05966370e+02, 3.02055450e+02, 7.06104492e+02,
    2.76939728e+02, 7.06230591e+02, 2.51705185e+02, 7.06384338e+02,
    2.26444260e+02, 7.06508789e+02 ]
