%YAML:1.0
---
points: [ 2.69645416e+02, 7.05908203e+02, 2.94858276e+02, 7.05720154e+02,
    3.19743683e+02, 7.05582581e+02, 3.44594177e+02, 7.05449097e+02,
    3.69528229e+02, 7.05319519e+02, 2.69793854e+02, 7.29597229e+02,
    2.95064728e+02, 7.29397827e+02, 3.19905212e+02, 7.29261292e+02,
    3.44702393e+02, 7.29130371e+02, 3.69542938e+02, 7.28954651e+02,
    2.69799896e+02, 7.53600952e+02, 2.95044800e+02, 7.53354980e+02,
    3.19837616e+02, 7.53166931e+02, 3.44632568e+02, 7.52872009e+02,
    3.69443024e+02, 7.52708191e+02, 2.69687134e+02, 7.77402344e+02,
    2.94815826e+02, 7.77128479e+02, 3.19656128e+02, 7.76846252e+02,
    3.44481964e+02, 7.76653564e+02, 3.69289825e+02, 7.76490295e+02,
    2.69493073e+02, 8.01386047e+02, 2.94564453e+02, 8.01173706e+02,
    3.19425751e+02, 8.00856201e+02, 3.44312408e+02, 8.00588684e+02,
    3.68994812e+02, 8.00406860e+02, 2.69326111e+02, 8.25305542e+02,
    2.94200867e+02, 8.24904968e+02, 3.19170959e+02, 8.24596069e+02,
    3.43890228e+02, 8.24384338e+02, 3.68545471e+02, 8.24206848e+02,
    2.68955017e+02, 8.49391174e+02, 2.93763885e+02, 8.49063477e+02,
    3.18651886e+02, 8.48681213e+02, 3.43461578e+02, 8.48410278e+02,
    3.68119080e+02, 8.48148132e+02 ]
