%YAML:1.0
---
points: [ 3.02847931e+02, 7.05431152e+02, 3.27948120e+02, 7.05254150e+02,
    3.52920380e+02, 7.05080261e+02, 3.77437042e+02, 7.04882141e+02,
    4.02057709e+02, 7.04811523e+02, 3.02999573e+02, 7.29118286e+02,
    3.28116669e+02, 7.28891785e+02, 3.53053741e+02, 7.28720154e+02,
    3.77531616e+02, 7.28570129e+02, 4.02050079e+02, 7.28498230e+02,
    3.03007446e+02, 7.52969727e+02, 3.28082458e+02, 7.52643616e+02,
    3.52966400e+02, 7.52418823e+02, 3.77441711e+02, 7.52286255e+02,
    4.01932373e+02, 7.52113037e+02, 3.02930176e+02, 7.76730530e+02,
    3.27864563e+02, 7.76479675e+02, 3.52794922e+02, 7.76257019e+02,
    3.77298004e+02, 7.76118958e+02, 4.01744690e+02, 7.75854126e+02,
    3.02726196e+02, 8.00727539e+02, 3.27670654e+02, 8.00422363e+02,
    3.52617401e+02, 8.00139832e+02, 3.76980286e+02, 7.99780212e+02,
    4.01575592e+02, 7.99598572e+02, 3.02543854e+02, 8.24473999e+02,
    3.27448944e+02, 8.24170105e+02, 3.52282410e+02, 8.23880310e+02,
    3.76600037e+02, 8.23624695e+02, 4.01269287e+02, 8.23420166e+02,
    3.02310211e+02, 8.48490601e+02, 3.27063843e+02, 8.48201111e+02,
    3.51584534e+02, 8.47913208e+02, 3.76216370e+02, 8.47535706e+02,
    4.00856537e+02, 8.47283875e+02 ]
