%YAML:1.0
---
points: [ 3.50098114e+02, 7.04901611e+02, 3.74885071e+02, 7.04686157e+02,
    3.99635071e+02, 7.04514099e+02, 4.24034790e+02, 7.04410583e+02,
    4.48551086e+02, 7.04255981e+02, 3.50249817e+02, 7.28607605e+02,
    3.75067596e+02, 7.28434937e+02, 3.99804382e+02, 7.28224854e+02,
    4.24090210e+02, 7.28065491e+02, 4.48561127e+02, 7.27841370e+02,
    3.50234100e+02, 7.52324280e+02, 3.75006378e+02, 7.52059631e+02,
    3.99731781e+02, 7.51759155e+02, 4.24066467e+02, 7.51570435e+02,
    4.48506104e+02, 7.51395874e+02, 3.50158936e+02, 7.76166626e+02,
    3.74854126e+02, 7.75855469e+02, 3.99578186e+02, 7.75581726e+02,
    4.23837708e+02, 7.75452209e+02, 4.48403687e+02, 7.75283142e+02,
    3.49908600e+02, 8.00025452e+02, 3.74710632e+02, 7.99595581e+02,
    3.99345123e+02, 7.99264282e+02, 4.23604462e+02, 7.99049194e+02,
    4.48116455e+02, 7.98818298e+02, 3.49684601e+02, 8.23724915e+02,
    3.74485077e+02, 8.23410706e+02, 3.98905396e+02, 8.23119507e+02,
    4.23335144e+02, 8.22814880e+02, 4.47701752e+02, 8.22621948e+02,
    3.49437958e+02, 8.47708496e+02, 3.74215454e+02, 8.47313965e+02,
    3.98511261e+02, 8.46874207e+02, 4.22997711e+02, 8.46516357e+02,
    4.47373138e+02, 8.46326904e+02 ]
