%YAML:1.0
---
points: [ 3.94752350e+02, 7.04178528e+02, 4.19296204e+02, 7.04033691e+02,
    4.43829865e+02, 7.03844543e+02, 4.68198669e+02, 7.03702087e+02,
    4.92359283e+02, 7.03653992e+02, 3.94806488e+02, 7.27827576e+02,
    4.19377563e+02, 7.27655029e+02, 4.43840424e+02, 7.27503845e+02,
    4.68215912e+02, 7.27364502e+02, 4.92357086e+02, 7.27297729e+02,
    3.94768616e+02, 7.51351318e+02, 4.19319580e+02, 7.51210510e+02,
    4.43821960e+02, 7.50955322e+02, 4.68047516e+02, 7.50803406e+02,
    4.92206024e+02, 7.50698120e+02, 3.94598175e+02, 7.75304810e+02,
    4.19104156e+02, 7.75047302e+02, 4.43603149e+02, 7.74730530e+02,
    4.67831055e+02, 7.74634460e+02, 4.92014313e+02, 7.74507996e+02,
    3.94389160e+02, 7.98884094e+02, 4.18802124e+02, 7.98596619e+02,
    4.43393463e+02, 7.98344849e+02, 4.67543579e+02, 7.98180298e+02,
    4.91722931e+02, 7.98018005e+02, 3.94049133e+02, 8.22689514e+02,
    4.18465210e+02, 8.22487183e+02, 4.43123138e+02, 8.22249329e+02,
    4.67123810e+02, 8.22033813e+02, 4.91355011e+02, 8.21757385e+02,
    3.93579529e+02, 8.46443970e+02, 4.18173523e+02, 8.46179932e+02,
    4.42546387e+02, 8.45891724e+02, 4.66685852e+02, 8.45612000e+02,
    4.90907196e+02, 8.45454956e+02 ]
