%YAML:1.0
---
points: [ 4.47162964e+02, 7.03268555e+02, 4.71434906e+02, 7.03254150e+02,
    4.95741852e+02, 7.03191467e+02, 5.19698364e+02, 7.03179932e+02,
    5.43801208e+02, 7.03149536e+02, 4.47178558e+02, 7.26862793e+02,
    4.71483643e+02, 7.26721191e+02, 4.95746979e+02, 7.26629517e+02,
    5.19657593e+02, 7.26574890e+02, 5.43691284e+02, 7.26524231e+02,
    4.47036072e+02, 7.50389526e+02, 4.71337097e+02, 7.50291809e+02,
    4.95643433e+02, 7.50187378e+02, 5.19480835e+02, 7.50149475e+02,
    5.43537048e+02, 7.50078430e+02, 4.46825775e+02, 7.74202087e+02,
    4.70985474e+02, 7.74005920e+02, 4.95429443e+02, 7.73775330e+02,
    5.19240112e+02, 7.73729675e+02, 5.43269470e+02, 7.73673523e+02,
    4.46557831e+02, 7.97673950e+02, 4.70695312e+02, 7.97526428e+02,
    4.95093109e+02, 7.97360474e+02, 5.18990540e+02, 7.97312866e+02,
    5.42883972e+02, 7.97233826e+02, 4.46239502e+02, 8.21484741e+02,
    4.70414154e+02, 8.21287659e+02, 4.94642822e+02, 8.21097900e+02,
    5.18557373e+02, 8.20937256e+02, 5.42580261e+02, 8.20808899e+02,
    4.45669342e+02, 8.45134399e+02, 4.70082001e+02, 8.44891296e+02,
    4.94126251e+02, 8.44751160e+02, 5.18184998e+02, 8.44582642e+02,
    5.42285522e+02, 8.44463745e+02 ]
