%YAML:1.0
---
points: [ 4.97156250e+02, 7.02405884e+02, 5.21281067e+02, 7.02403259e+02,
    5.45163635e+02, 7.02420715e+02, 5.69108948e+02, 7.02454529e+02,
    5.92741089e+02, 7.02498474e+02, 4.97086273e+02, 7.25749390e+02,
    5.21229614e+02, 7.25708252e+02, 5.45099854e+02, 7.25679199e+02,
    5.68920959e+02, 7.25685059e+02, 5.92569336e+02, 7.25751343e+02,
    4.96886261e+02, 7.49391724e+02, 5.21057922e+02, 7.49315430e+02,
    5.44846130e+02, 7.49261658e+02, 5.68708008e+02, 7.49267273e+02,
    5.92364868e+02, 7.49327637e+02, 4.96652649e+02, 7.72803833e+02,
    5.20781189e+02, 7.72733521e+02, 5.44576721e+02, 7.72652283e+02,
    5.68482056e+02, 7.72664307e+02, 5.92079163e+02, 7.72671936e+02,
    4.96339996e+02, 7.96465698e+02, 5.20457764e+02, 7.96425293e+02,
    5.44323608e+02, 7.96342285e+02, 5.68208557e+02, 7.96301025e+02,
    5.91659119e+02, 7.96345154e+02, 4.95933044e+02, 8.20017151e+02,
    5.19857666e+02, 8.19879211e+02, 5.43882446e+02, 8.19771545e+02,
    5.67670044e+02, 8.19741272e+02, 5.91384521e+02, 8.19753479e+02,
    4.95545746e+02, 8.43753235e+02, 5.19317688e+02, 8.43638489e+02,
    5.43337952e+02, 8.43539551e+02, 5.67065186e+02, 8.43492371e+02,
    5.90872375e+02, 8.43484924e+02 ]
