%YAML:1.0
---
points: [ 5.49444946e+02, 7.01777039e+02, 5.73373962e+02, 7.01796326e+02,
    5.97111633e+02, 7.01807495e+02, 6.20758118e+02, 7.01879395e+02,
    6.44338867e+02, 7.02040894e+02, 5.49374939e+02, 7.25156799e+02,
    5.73251831e+02, 7.25144165e+02, 5.97022217e+02, 7.25141418e+02,
    6.20650330e+02, 7.25180908e+02, 6.44242798e+02, 7.25228027e+02,
    5.49161438e+02, 7.48618408e+02, 5.73057007e+02, 7.48587891e+02,
    5.96761536e+02, 7.48556396e+02, 6.20410278e+02, 7.48620483e+02,
    6.43940552e+02, 7.48705139e+02, 5.48835938e+02, 7.72081238e+02,
    5.72749146e+02, 7.71962341e+02, 5.96504822e+02, 7.71974060e+02,
    6.20103882e+02, 7.71988403e+02, 6.43632263e+02, 7.72091492e+02,
    5.48521301e+02, 7.95658936e+02, 5.72376465e+02, 7.95576050e+02,
    5.96229675e+02, 7.95543579e+02, 6.19685547e+02, 7.95578918e+02,
    6.43375671e+02, 7.95593811e+02, 5.48168030e+02, 8.19116272e+02,
    5.71820068e+02, 8.19011597e+02, 5.95747498e+02, 8.19008850e+02,
    6.19249451e+02, 8.19000488e+02, 6.42941284e+02, 8.19029541e+02,
    5.47703979e+02, 8.42735779e+02, 5.71358459e+02, 8.42684937e+02,
    5.95204590e+02, 8.42698730e+02, 6.18678894e+02, 8.42635437e+02,
    6.42463684e+02, 8.42664612e+02 ]
