%YAML:1.0
---
points: [ 6.03707703e+02, 7.00906677e+02, 6.27497375e+02, 7.01018494e+02,
    6.50922119e+02, 7.01114868e+02, 6.74440063e+02, 7.01247559e+02,
    6.97690125e+02, 7.01374817e+02, 6.03579285e+02, 7.24128052e+02,
    6.27359253e+02, 7.24151794e+02, 6.50763428e+02, 7.24188965e+02,
    6.74301392e+02, 7.24272583e+02, 6.97511475e+02, 7.24391235e+02,
    6.03374573e+02, 7.47436707e+02, 6.27126526e+02, 7.47466125e+02,
    6.50524536e+02, 7.47520935e+02, 6.74013245e+02, 7.47632874e+02,
    6.97296021e+02, 7.47736206e+02, 6.03211060e+02, 7.70815674e+02,
    6.26821472e+02, 7.70806213e+02, 6.50276245e+02, 7.70831726e+02,
    6.73756958e+02, 7.70928894e+02, 6.97089783e+02, 7.71116760e+02,
    6.02780090e+02, 7.94168274e+02, 6.26530212e+02, 7.94175232e+02,
    6.49923218e+02, 7.94214233e+02, 6.73445740e+02, 7.94295410e+02,
    6.96670593e+02, 7.94429504e+02, 6.02411743e+02, 8.17635437e+02,
    6.26103760e+02, 8.17628113e+02, 6.49511475e+02, 8.17616638e+02,
    6.72981628e+02, 8.17735229e+02, 6.96301453e+02, 8.17813477e+02,
    6.01918335e+02, 8.41138733e+02, 6.25464417e+02, 8.41129578e+02,
    6.48974976e+02, 8.41123230e+02, 6.72377991e+02, 8.41180481e+02,
    6.95855713e+02, 8.41317261e+02 ]
