%YAML:1.0
---
points: [ 6.43148621e+02, 7.00589844e+02, 6.66485474e+02, 7.00630005e+02,
    6.90075317e+02, 7.00715088e+02, 7.13213623e+02, 7.00825867e+02,
    7.36639343e+02, 7.01018005e+02, 6.42907349e+02, 7.23669495e+02,
    6.66359192e+02, 7.23692871e+02, 6.89881470e+02, 7.23771484e+02,
    7.13107117e+02, 7.23855042e+02, 7.36465027e+02, 7.23965820e+02,
    6.42698364e+02, 7.46962952e+02, 6.66185486e+02, 7.46958923e+02,
    6.89664490e+02, 7.46998169e+02, 7.12788086e+02, 7.47170105e+02,
    7.36215942e+02, 7.47290771e+02, 6.42441101e+02, 7.70426697e+02,
    6.65792053e+02, 7.70408691e+02, 6.89403687e+02, 7.70439575e+02,
    7.12555786e+02, 7.70497803e+02, 7.35951050e+02, 7.70610352e+02,
    6.42038574e+02, 7.93620728e+02, 6.65488342e+02, 7.93608032e+02,
    6.89039856e+02, 7.93626892e+02, 7.12301086e+02, 7.93716553e+02,
    7.35573425e+02, 7.93790649e+02, 6.41708130e+02, 8.17162781e+02,
    6.65177612e+02, 8.17140198e+02, 6.88629517e+02, 8.17179504e+02,
    7.11869629e+02, 8.17243530e+02, 7.35198120e+02, 8.17369385e+02,
    6.41221680e+02, 8.40478760e+02, 6.64642517e+02, 8.40462646e+02,
    6.87961670e+02, 8.40474976e+02, 7.11462219e+02, 8.40520935e+02,
    7.34682068e+02, 8.40626343e+02 ]
