%YAML:1.0
---
points: [ 6.70595520e+02, 7.00179993e+02, 6.94152771e+02, 7.00294983e+02,
    7.17417358e+02, 7.00391479e+02, 7.40534607e+02, 7.00496399e+02,
    7.63845581e+02, 7.00636047e+02, 6.70496033e+02, 7.23318298e+02,
    6.93940674e+02, 7.23351929e+02, 7.17334473e+02, 7.23396973e+02,
    7.40416809e+02, 7.23474976e+02, 7.63659424e+02, 7.23604187e+02,
    6.70337219e+02, 7.46376038e+02, 6.93703857e+02, 7.46453613e+02,
    7.17144714e+02, 7.46467773e+02, 7.40239746e+02, 7.46609680e+02,
    7.63463623e+02, 7.46739380e+02, 6.70126770e+02, 7.69779236e+02,
    6.93403015e+02, 7.69778137e+02, 7.16776855e+02, 7.69825134e+02,
    7.39901672e+02, 7.69995056e+02, 7.63217285e+02, 7.70203552e+02,
    6.69704712e+02, 7.92910461e+02, 6.93049133e+02, 7.92942078e+02,
    7.16479919e+02, 7.93062073e+02, 7.39546021e+02, 7.93124512e+02,
    7.62831055e+02, 7.93333252e+02, 6.69374329e+02, 8.16373779e+02,
    6.92601196e+02, 8.16424133e+02, 7.16150269e+02, 8.16440125e+02,
    7.39258667e+02, 8.16554810e+02, 7.62520996e+02, 8.16685730e+02,
    6.68911560e+02, 8.39630493e+02, 6.92242188e+02, 8.39682312e+02,
    7.15653320e+02, 8.39695557e+02, 7.38780762e+02, 8.39777161e+02,
    7.62014404e+02, 8.39961304e+02 ]
