%YAML:1.0
---
points: [ 6.95051941e+02, 6.99781982e+02, 7.18256287e+02, 6.99892334e+02,
    7.41503418e+02, 7.00019165e+02, 7.64594666e+02, 7.00167053e+02,
    7.87673218e+02, 7.00308777e+02, 6.94841187e+02, 7.22878479e+02,
    7.18116272e+02, 7.22920227e+02, 7.41420044e+02, 7.22988892e+02,
    7.64478271e+02, 7.23126526e+02, 7.87552124e+02, 7.23250732e+02,
    6.94641418e+02, 7.45916870e+02, 7.17813232e+02, 7.45900574e+02,
    7.41089783e+02, 7.46039978e+02, 7.64367188e+02, 7.46178589e+02,
    7.87379883e+02, 7.46354675e+02, 6.94404419e+02, 7.69330261e+02,
    7.17609619e+02, 7.69331238e+02, 7.40792847e+02, 7.69386841e+02,
    7.64137451e+02, 7.69477173e+02, 7.87111450e+02, 7.69634033e+02,
    6.94059387e+02, 7.92454285e+02, 7.17391296e+02, 7.92475647e+02,
    7.40545105e+02, 7.92495789e+02, 7.63786011e+02, 7.92597778e+02,
    7.86793823e+02, 7.92721436e+02, 6.93671875e+02, 8.15781555e+02,
    7.17013855e+02, 8.15808777e+02, 7.40197083e+02, 8.15886475e+02,
    7.63396362e+02, 8.15987976e+02, 7.86496155e+02, 8.16149841e+02,
    6.93218933e+02, 8.39183594e+02, 7.16530090e+02, 8.39155884e+02,
    7.39657959e+02, 8.39196289e+02, 7.62978333e+02, 8.39229492e+02,
    7.86196594e+02, 8.39375854e+02 ]
