%YAML:1.0
---
points: [ 7.34680664e+02, 6.99434448e+02, 7.58041687e+02, 6.99512085e+02,
    7.81246643e+02, 6.99580872e+02, 8.04241455e+02, 6.99686401e+02,
    8.27390320e+02, 6.99852112e+02, 7.34533813e+02, 7.22492065e+02,
    7.57906128e+02, 7.22531677e+02, 7.81179749e+02, 7.22579102e+02,
    8.04121521e+02, 7.22632629e+02, 8.27268921e+02, 7.22749634e+02,
    7.34367493e+02, 7.45511536e+02, 7.57702393e+02, 7.45499939e+02,
    7.80950317e+02, 7.45542236e+02, 8.03896545e+02, 7.45623230e+02,
    8.27148438e+02, 7.45738159e+02, 7.34233459e+02, 7.68788940e+02,
    7.57526245e+02, 7.68733154e+02, 7.80699829e+02, 7.68769531e+02,
    8.03664246e+02, 7.68887268e+02, 8.26847168e+02, 7.69016052e+02,
    7.33873779e+02, 7.91921997e+02, 7.57246338e+02, 7.91950745e+02,
    7.80466858e+02, 7.91869995e+02, 8.03452209e+02, 7.92003784e+02,
    8.26650757e+02, 7.92140503e+02, 7.33605591e+02, 8.15131470e+02,
    7.56841919e+02, 8.15054810e+02, 7.80203369e+02, 8.15059814e+02,
    8.03163513e+02, 8.15207703e+02, 8.26426880e+02, 8.15307556e+02,
    7.33268494e+02, 8.38416870e+02, 7.56440674e+02, 8.38445374e+02,
    7.79741516e+02, 8.38434204e+02, 8.02743958e+02, 8.38458008e+02,
    8.26095703e+02, 8.38501526e+02 ]
