%YAML:1.0
---
points: [ 7.77788269e+02, 6.98653687e+02, 8.00949829e+02, 6.98723755e+02,
    8.23781616e+02, 6.98858276e+02, 8.46744141e+02, 6.98985535e+02,
    8.69720520e+02, 6.99239136e+02, 7.77661133e+02, 7.21677551e+02,
    8.00798462e+02, 7.21730408e+02, 8.23673523e+02, 7.21810913e+02,
    8.46653992e+02, 7.21940674e+02, 8.69641174e+02, 7.22124939e+02,
    7.77481506e+02, 7.44598267e+02, 8.00625549e+02, 7.44623108e+02,
    8.23534790e+02, 7.44681458e+02, 8.46505127e+02, 7.44846619e+02,
    8.69511963e+02, 7.45090759e+02, 7.77318848e+02, 7.67639404e+02,
    8.00409058e+02, 7.67657837e+02, 8.23402466e+02, 7.67722656e+02,
    8.46291870e+02, 7.67880920e+02, 8.69362122e+02, 7.68159180e+02,
    7.76981750e+02, 7.90837402e+02, 8.00175232e+02, 7.90876526e+02,
    8.23200623e+02, 7.90888184e+02, 8.46042542e+02, 7.91065552e+02,
    8.69111450e+02, 7.91252991e+02, 7.76659241e+02, 8.13851501e+02,
    7.99807007e+02, 8.13907532e+02, 8.22857178e+02, 8.13975342e+02,
    8.45702942e+02, 8.14119202e+02, 8.68791748e+02, 8.14206116e+02,
    7.76322510e+02, 8.37242798e+02, 7.99476074e+02, 8.37273132e+02,
    8.22548767e+02, 8.37334167e+02, 8.45428040e+02, 8.37405396e+02,
    8.68572144e+02, 8.37552612e+02 ]
