%YAML:1.0
---
points: [ 8.97088135e+02, 8.36744629e+02, 8.74193665e+02, 8.36548950e+02,
    8.51069153e+02, 8.36455139e+02, 8.28269226e+02, 8.36369019e+02,
    8.05289795e+02, 8.36311829e+02, 8.97311768e+02, 8.13609009e+02,
    8.74401733e+02, 8.13429993e+02, 8.51507629e+02, 8.13324524e+02,
    8.28461304e+02, 8.13271240e+02, 8.05561890e+02, 8.13235413e+02,
    8.97437195e+02, 7.90611328e+02, 8.74640564e+02, 7.90418091e+02,
    8.51716431e+02, 7.90305969e+02, 8.28721802e+02, 7.90207336e+02,
    8.05856384e+02, 7.90158142e+02, 8.97680542e+02, 7.67510925e+02,
    8.74872070e+02, 7.67320435e+02, 8.52041077e+02, 7.67157715e+02,
    8.28979736e+02, 7.67063416e+02, 8.06217590e+02, 7.66982910e+02,
    8.97852051e+02, 7.44565857e+02, 8.75084900e+02, 7.44369263e+02,
    8.52265442e+02, 7.44221619e+02, 8.29220520e+02, 7.44120422e+02,
    8.06309021e+02, 7.44035217e+02, 8.98013611e+02, 7.21687073e+02,
    8.75206238e+02, 7.21492615e+02, 8.52436829e+02, 7.21356018e+02,
    8.29346802e+02, 7.21224121e+02, 8.06474976e+02, 7.21173096e+02,
    8.98151550e+02, 6.98732544e+02, 8.75321472e+02, 6.98563171e+02,
    8.52498901e+02, 6.98417297e+02, 8.29439148e+02, 6.98298401e+02,
    8.06583435e+02, 6.98218262e+02 ]
