%YAML:1.0
---
points: [ 8.50425049e+02, 6.97781128e+02, 8.73396118e+02, 6.97983765e+02,
    8.96232178e+02, 6.98117798e+02, 9.18836731e+02, 6.98249268e+02,
    9.41716248e+02, 6.98426453e+02, 8.50343811e+02, 7.20640198e+02,
    8.73300964e+02, 7.20693726e+02, 8.96113770e+02, 7.20828491e+02,
    9.18695984e+02, 7.21118042e+02, 9.41640747e+02, 7.21331909e+02,
    8.50185913e+02, 7.43535767e+02, 8.73170654e+02, 7.43655090e+02,
    8.95947266e+02, 7.43732239e+02, 9.18605347e+02, 7.43918091e+02,
    9.41544861e+02, 7.44167725e+02, 8.50054321e+02, 7.66458130e+02,
    8.72912415e+02, 7.66487549e+02, 8.95734192e+02, 7.66627380e+02,
    9.18476746e+02, 7.66728394e+02, 9.41385315e+02, 7.67036682e+02,
    8.49779236e+02, 7.89403503e+02, 8.72630005e+02, 7.89482544e+02,
    8.95559387e+02, 7.89597778e+02, 9.18320068e+02, 7.89781128e+02,
    9.41101929e+02, 7.90080688e+02, 8.49584290e+02, 8.12456360e+02,
    8.72419495e+02, 8.12527954e+02, 8.95421082e+02, 8.12662354e+02,
    9.18159546e+02, 8.12764587e+02, 9.40950745e+02, 8.13010193e+02,
    8.49338074e+02, 8.35402161e+02, 8.72187256e+02, 8.35536621e+02,
    8.95123657e+02, 8.35615662e+02, 9.17799316e+02, 8.35770874e+02,
    9.40720215e+02, 8.36011963e+02 ]
