%YAML:1.0
---
points: [ 8.96468384e+02, 6.97190308e+02, 9.19092590e+02, 6.97353821e+02,
    9.41938660e+02, 6.97523865e+02, 9.64559326e+02, 6.97690369e+02,
    9.87331604e+02, 6.97931274e+02, 8.96338074e+02, 7.19848572e+02,
    9.18963318e+02, 7.20033936e+02, 9.41823975e+02, 7.20233765e+02,
    9.64478699e+02, 7.20414368e+02, 9.87230896e+02, 7.20646057e+02,
    8.96236938e+02, 7.42667542e+02, 9.18773010e+02, 7.42860413e+02,
    9.41640991e+02, 7.43112915e+02, 9.64379028e+02, 7.43319824e+02,
    9.87037903e+02, 7.43567505e+02, 8.96051819e+02, 7.65623596e+02,
    9.18641541e+02, 7.65752441e+02, 9.41477844e+02, 7.65956543e+02,
    9.64217773e+02, 7.66142334e+02, 9.86875977e+02, 7.66388245e+02,
    8.95763428e+02, 7.88365295e+02, 9.18467773e+02, 7.88524109e+02,
    9.41251282e+02, 7.88694214e+02, 9.64037903e+02, 7.88968506e+02,
    9.86691528e+02, 7.89309937e+02, 8.95565613e+02, 8.11413086e+02,
    9.18266052e+02, 8.11531311e+02, 9.41031677e+02, 8.11756653e+02,
    9.63842712e+02, 8.12073608e+02, 9.86530518e+02, 8.12318054e+02,
    8.95348511e+02, 8.34320618e+02, 9.17971680e+02, 8.34466003e+02,
    9.40732910e+02, 8.34626709e+02, 9.63621765e+02, 8.34852478e+02,
    9.86341919e+02, 8.35201050e+02 ]
