%YAML:1.0
---
points: [ 9.29926758e+02, 6.97195435e+02, 9.52710938e+02, 6.97339050e+02,
    9.75413513e+02, 6.97446899e+02, 9.98073608e+02, 6.97647583e+02,
    1.02105945e+03, 6.97860229e+02, 9.29780823e+02, 7.19761475e+02,
    9.52638123e+02, 7.19940918e+02, 9.75337708e+02, 7.20147034e+02,
    9.97885437e+02, 7.20328186e+02, 1.02085052e+03, 7.20546143e+02,
    9.29658508e+02, 7.42607056e+02, 9.52532166e+02, 7.42785950e+02,
    9.75212280e+02, 7.42952576e+02, 9.97757568e+02, 7.43244751e+02,
    1.02072736e+03, 7.43457886e+02, 9.29495544e+02, 7.65556396e+02,
    9.52383301e+02, 7.65638794e+02, 9.74987000e+02, 7.65804871e+02,
    9.97651611e+02, 7.66052490e+02, 1.02059332e+03, 7.66281433e+02,
    9.29328003e+02, 7.88264832e+02, 9.52205078e+02, 7.88459045e+02,
    9.74794312e+02, 7.88566589e+02, 9.97522156e+02, 7.88750427e+02,
    1.02044238e+03, 7.89105469e+02, 9.29208130e+02, 8.11330566e+02,
    9.51901978e+02, 8.11422607e+02, 9.74640076e+02, 8.11601562e+02,
    9.97390869e+02, 8.11828796e+02, 1.02030505e+03, 8.12171875e+02,
    9.28931396e+02, 8.34202759e+02, 9.51678406e+02, 8.34338196e+02,
    9.74463684e+02, 8.34499573e+02, 9.97248596e+02, 8.34665466e+02,
    1.02010339e+03, 8.34936401e+02 ]
