%YAML:1.0
---
points: [ 9.52613770e+02, 6.97080688e+02, 9.75221069e+02, 6.97247192e+02,
    9.97824341e+02, 6.97377808e+02, 1.02064697e+03, 6.97539001e+02,
    1.04343042e+03, 6.97693909e+02, 9.52483826e+02, 7.19656616e+02,
    9.75119141e+02, 7.19784851e+02, 9.97713013e+02, 7.19983154e+02,
    1.02051599e+03, 7.20255493e+02, 1.04335950e+03, 7.20479248e+02,
    9.52340210e+02, 7.42508911e+02, 9.74849670e+02, 7.42639526e+02,
    9.97580444e+02, 7.42785217e+02, 1.02038202e+03, 7.43084595e+02,
    1.04323328e+03, 7.43311646e+02, 9.52231995e+02, 7.65411011e+02,
    9.74704529e+02, 7.65504883e+02, 9.97466492e+02, 7.65648560e+02,
    1.02022101e+03, 7.65854736e+02, 1.04311084e+03, 7.66155090e+02,
    9.51980591e+02, 7.88146912e+02, 9.74581970e+02, 7.88318359e+02,
    9.97321594e+02, 7.88424255e+02, 1.02004926e+03, 7.88631470e+02,
    1.04290576e+03, 7.88937256e+02, 9.51752441e+02, 8.11127380e+02,
    9.74422791e+02, 8.11282288e+02, 9.97223511e+02, 8.11431274e+02,
    1.01983734e+03, 8.11666931e+02, 1.04276660e+03, 8.11921326e+02,
    9.51512512e+02, 8.34000671e+02, 9.74252808e+02, 8.34123535e+02,
    9.97015564e+02, 8.34330750e+02, 1.01968066e+03, 8.34508301e+02,
    1.04263025e+03, 8.34770630e+02 ]
