%YAML:1.0
---
points: [ 1.01139722e+03, 6.97073608e+02, 1.03390308e+03, 6.97187866e+02,
    1.05665417e+03, 6.97274292e+02, 1.07938477e+03, 6.97381470e+02,
    1.10207324e+03, 6.97565613e+02, 1.01129590e+03, 7.19645203e+02,
    1.03374536e+03, 7.19692688e+02, 1.05653015e+03, 7.19805725e+02,
    1.07927661e+03, 7.19991882e+02, 1.10188293e+03, 7.20210754e+02,
    1.01117444e+03, 7.42457214e+02, 1.03360449e+03, 7.42532166e+02,
    1.05638867e+03, 7.42655396e+02, 1.07912097e+03, 7.42823853e+02,
    1.10174866e+03, 7.43142395e+02, 1.01098010e+03, 7.65362854e+02,
    1.03351782e+03, 7.65414734e+02, 1.05628381e+03, 7.65539673e+02,
    1.07899243e+03, 7.65665833e+02, 1.10164978e+03, 7.65915588e+02,
    1.01080011e+03, 7.88055054e+02, 1.03343542e+03, 7.88216064e+02,
    1.05611646e+03, 7.88277039e+02, 1.07885388e+03, 7.88440186e+02,
    1.10158459e+03, 7.88654846e+02, 1.01068127e+03, 8.11029053e+02,
    1.03332007e+03, 8.11140930e+02, 1.05597961e+03, 8.11296509e+02,
    1.07874536e+03, 8.11481995e+02, 1.10152063e+03, 8.11652405e+02,
    1.01054761e+03, 8.33900696e+02, 1.03322986e+03, 8.34027283e+02,
    1.05583984e+03, 8.34187012e+02, 1.07866907e+03, 8.34320923e+02,
    1.10145300e+03, 8.34492065e+02 ]
