%YAML:1.0
---
points: [ 1.05439880e+03, 6.97061157e+02, 1.07698950e+03, 6.97117554e+02,
    1.09965833e+03, 6.97240845e+02, 1.12232495e+03, 6.97326721e+02,
    1.14495349e+03, 6.97406433e+02, 1.05432263e+03, 7.19646912e+02,
    1.07675610e+03, 7.19654114e+02, 1.09954224e+03, 7.19728699e+02,
    1.12221277e+03, 7.19841736e+02, 1.14486108e+03, 7.20080566e+02,
    1.05421338e+03, 7.42413330e+02, 1.07664722e+03, 7.42483643e+02,
    1.09946790e+03, 7.42553711e+02, 1.12206702e+03, 7.42687317e+02,
    1.14476428e+03, 7.42893982e+02, 1.05413000e+03, 7.65344604e+02,
    1.07658862e+03, 7.65365417e+02, 1.09938782e+03, 7.65431274e+02,
    1.12200830e+03, 7.65560974e+02, 1.14467285e+03, 7.65709106e+02,
    1.05395056e+03, 7.87975281e+02, 1.07646985e+03, 7.88100098e+02,
    1.09929346e+03, 7.88166565e+02, 1.12187488e+03, 7.88297607e+02,
    1.14462854e+03, 7.88483337e+02, 1.05380896e+03, 8.10964966e+02,
    1.07639954e+03, 8.11080627e+02, 1.09928015e+03, 8.11186584e+02,
    1.12182495e+03, 8.11324463e+02, 1.14459851e+03, 8.11515259e+02,
    1.05367712e+03, 8.33820984e+02, 1.07636243e+03, 8.33941284e+02,
    1.09918286e+03, 8.34079407e+02, 1.12184448e+03, 8.34212463e+02,
    1.14459534e+03, 8.34413452e+02 ]
