%YAML:1.0
---
points: [ 1.07694897e+03, 6.97001953e+02, 1.09957178e+03, 6.97047241e+02,
    1.12223804e+03, 6.97143860e+02, 1.14471082e+03, 6.97224243e+02,
    1.16751587e+03, 6.97325317e+02, 1.07675452e+03, 7.19564270e+02,
    1.09945496e+03, 7.19579773e+02, 1.12208301e+03, 7.19658997e+02,
    1.14458325e+03, 7.19749329e+02, 1.16743481e+03, 7.19891785e+02,
    1.07668909e+03, 7.42393005e+02, 1.09938623e+03, 7.42425415e+02,
    1.12198169e+03, 7.42479004e+02, 1.14450061e+03, 7.42612976e+02,
    1.16736890e+03, 7.42734009e+02, 1.07656689e+03, 7.65251343e+02,
    1.09930103e+03, 7.65299072e+02, 1.12188770e+03, 7.65356567e+02,
    1.14445276e+03, 7.65466675e+02, 1.16733740e+03, 7.65602295e+02,
    1.07646533e+03, 7.87920776e+02, 1.09922913e+03, 7.88013794e+02,
    1.12174731e+03, 7.88078430e+02, 1.14444824e+03, 7.88215576e+02,
    1.16725977e+03, 7.88356873e+02, 1.07643701e+03, 8.10865051e+02,
    1.09915979e+03, 8.10925232e+02, 1.12180090e+03, 8.11056213e+02,
    1.14443384e+03, 8.11176697e+02, 1.16733105e+03, 8.11384705e+02,
    1.07636414e+03, 8.33728699e+02, 1.09910974e+03, 8.33822083e+02,
    1.12177649e+03, 8.33906982e+02, 1.14443933e+03, 8.34087036e+02,
    1.16728601e+03, 8.34239380e+02 ]
