%YAML:1.0
---
points: [ 1.10396265e+03, 6.96818115e+02, 1.12650940e+03, 6.96894104e+02,
    1.14913904e+03, 6.96955261e+02, 1.17162988e+03, 6.97092896e+02,
    1.19444507e+03, 6.97234680e+02, 1.10377759e+03, 7.19435547e+02,
    1.12642786e+03, 7.19462097e+02, 1.14898230e+03, 7.19532654e+02,
    1.17151819e+03, 7.19601440e+02, 1.19440186e+03, 7.19717224e+02,
    1.10368823e+03, 7.42272644e+02, 1.12638318e+03, 7.42324341e+02,
    1.14886560e+03, 7.42338623e+02, 1.17144153e+03, 7.42431396e+02,
    1.19436243e+03, 7.42572388e+02, 1.10361365e+03, 7.65150879e+02,
    1.12633740e+03, 7.65139648e+02, 1.14882520e+03, 7.65223877e+02,
    1.17140332e+03, 7.65346863e+02, 1.19437244e+03, 7.65449097e+02,
    1.10354785e+03, 7.87761536e+02, 1.12626160e+03, 7.87778259e+02,
    1.14878040e+03, 7.87878235e+02, 1.17139404e+03, 7.88000977e+02,
    1.19432300e+03, 7.88197327e+02, 1.10349927e+03, 8.10657898e+02,
    1.12625977e+03, 8.10702759e+02, 1.14880115e+03, 8.10837524e+02,
    1.17146606e+03, 8.10985229e+02, 1.19439453e+03, 8.11144043e+02,
    1.10347546e+03, 8.33606567e+02, 1.12623486e+03, 8.33664856e+02,
    1.14879382e+03, 8.33705017e+02, 1.17149170e+03, 8.33852539e+02,
    1.19442383e+03, 8.34075562e+02 ]
