%YAML:1.0
---
points: [ 1.13725586e+03, 6.96504272e+02, 1.15960718e+03, 6.96588257e+02,
    1.18218762e+03, 6.96642761e+02, 1.20487073e+03, 6.96759216e+02,
    1.22753369e+03, 6.96865540e+02, 1.13711597e+03, 7.19013062e+02,
    1.15946240e+03, 7.19063660e+02, 1.18209009e+03, 7.19155518e+02,
    1.20468237e+03, 7.19306213e+02, 1.22751123e+03, 7.19417603e+02,
    1.13702002e+03, 7.41730408e+02, 1.15941235e+03, 7.41825439e+02,
    1.18203650e+03, 7.41860107e+02, 1.20462976e+03, 7.42092590e+02,
    1.22748083e+03, 7.42274292e+02, 1.13690405e+03, 7.64628662e+02,
    1.15940991e+03, 7.64646301e+02, 1.18195496e+03, 7.64702393e+02,
    1.20463464e+03, 7.64882080e+02, 1.22748889e+03, 7.65148560e+02,
    1.13681860e+03, 7.87294189e+02, 1.15937488e+03, 7.87372375e+02,
    1.18193079e+03, 7.87432251e+02, 1.20466382e+03, 7.87569153e+02,
    1.22749792e+03, 7.87761780e+02, 1.13685083e+03, 8.10073486e+02,
    1.15935645e+03, 8.10150940e+02, 1.18202185e+03, 8.10285583e+02,
    1.20468433e+03, 8.10449646e+02, 1.22757068e+03, 8.10664062e+02,
    1.13680200e+03, 8.33094727e+02, 1.15943457e+03, 8.33154419e+02,
    1.18208594e+03, 8.33268677e+02, 1.20481177e+03, 8.33362915e+02,
    1.22759729e+03, 8.33532898e+02 ]
