%YAML:1.0
---
points: [ 1.16348828e+03, 6.96114075e+02, 1.18583008e+03, 6.96221313e+02,
    1.20836865e+03, 6.96345154e+02, 1.23119519e+03, 6.96434875e+02,
    1.25378540e+03, 6.96565674e+02, 1.16338110e+03, 7.18556458e+02,
    1.18571594e+03, 7.18573975e+02, 1.20831311e+03, 7.18713501e+02,
    1.23103308e+03, 7.18809387e+02, 1.25378503e+03, 7.19030457e+02,
    1.16330762e+03, 7.41171204e+02, 1.18564514e+03, 7.41305176e+02,
    1.20826831e+03, 7.41422913e+02, 1.23099133e+03, 7.41598755e+02,
    1.25371973e+03, 7.41816772e+02, 1.16323706e+03, 7.64064636e+02,
    1.18564233e+03, 7.64122986e+02, 1.20826416e+03, 7.64254944e+02,
    1.23094470e+03, 7.64442932e+02, 1.25371826e+03, 7.64644226e+02,
    1.16321497e+03, 7.86612244e+02, 1.18560852e+03, 7.86733459e+02,
    1.20825635e+03, 7.86893738e+02, 1.23103345e+03, 7.87150391e+02,
    1.25378174e+03, 7.87399292e+02, 1.16323059e+03, 8.09326172e+02,
    1.18561157e+03, 8.09439026e+02, 1.20832471e+03, 8.09601868e+02,
    1.23111865e+03, 8.09788208e+02, 1.25391699e+03, 8.10164307e+02,
    1.16326624e+03, 8.32282654e+02, 1.18567419e+03, 8.32442383e+02,
    1.20837109e+03, 8.32615845e+02, 1.23121619e+03, 8.32791077e+02,
    1.25402637e+03, 8.33080200e+02 ]
