%YAML:1.0
---
points: [ 1.19235059e+03, 6.95726624e+02, 1.21488855e+03, 6.95864990e+02,
    1.23750366e+03, 6.95995850e+02, 1.26020312e+03, 6.96219666e+02,
    1.28287952e+03, 6.96416626e+02, 1.19226074e+03, 7.18305420e+02,
    1.21470239e+03, 7.18356934e+02, 1.23741260e+03, 7.18428284e+02,
    1.26008044e+03, 7.18564087e+02, 1.28278333e+03, 7.18773438e+02,
    1.19220447e+03, 7.40730042e+02, 1.21465063e+03, 7.40924377e+02,
    1.23739441e+03, 7.41083191e+02, 1.26001477e+03, 7.41285889e+02,
    1.28281287e+03, 7.41543213e+02, 1.19219495e+03, 7.63547607e+02,
    1.21464001e+03, 7.63645996e+02, 1.23737769e+03, 7.63858398e+02,
    1.26008020e+03, 7.64139893e+02, 1.28287671e+03, 7.64369690e+02,
    1.19215222e+03, 7.86251587e+02, 1.21467151e+03, 7.86367004e+02,
    1.23741150e+03, 7.86501770e+02, 1.26009277e+03, 7.86734924e+02,
    1.28289185e+03, 7.87126343e+02, 1.19217932e+03, 8.08823425e+02,
    1.21469275e+03, 8.08996277e+02, 1.23744666e+03, 8.09228882e+02,
    1.26022400e+03, 8.09454712e+02, 1.28306116e+03, 8.09746826e+02,
    1.19221472e+03, 8.31614563e+02, 1.21483215e+03, 8.31893433e+02,
    1.23753101e+03, 8.32159241e+02, 1.26033777e+03, 8.32427734e+02,
    1.28322498e+03, 8.32667114e+02 ]
