%YAML:1.0
---
points: [ 1.26805273e+03, 6.96054321e+02, 1.29047168e+03, 6.96175537e+02,
    1.31306824e+03, 6.96260864e+02, 1.33576892e+03, 6.96341614e+02,
    1.35859766e+03, 6.96501465e+02, 1.26784570e+03, 7.18516907e+02,
    1.29038733e+03, 7.18556396e+02, 1.31289001e+03, 7.18655884e+02,
    1.33565369e+03, 7.18750977e+02, 1.35858167e+03, 7.18931274e+02,
    1.26780750e+03, 7.41222595e+02, 1.29034790e+03, 7.41312134e+02,
    1.31291162e+03, 7.41430786e+02, 1.33564905e+03, 7.41606262e+02,
    1.35859082e+03, 7.41752075e+02, 1.26781519e+03, 7.64101257e+02,
    1.29037146e+03, 7.64173157e+02, 1.31297729e+03, 7.64294678e+02,
    1.33570728e+03, 7.64433899e+02, 1.35862769e+03, 7.64657227e+02,
    1.26786328e+03, 7.86745667e+02, 1.29040088e+03, 7.86872009e+02,
    1.31305115e+03, 7.87024475e+02, 1.33585657e+03, 7.87233459e+02,
    1.35867871e+03, 7.87398010e+02, 1.26798804e+03, 8.09461975e+02,
    1.29052686e+03, 8.09569092e+02, 1.31321948e+03, 8.09715881e+02,
    1.33611133e+03, 8.09941162e+02, 1.35889941e+03, 8.10205566e+02,
    1.26809485e+03, 8.32492310e+02, 1.29064258e+03, 8.32629639e+02,
    1.31338586e+03, 8.32704346e+02, 1.33633606e+03, 8.32899048e+02,
    1.35908630e+03, 8.33155823e+02 ]
