%YAML:1.0
---
points: [ 1.34296802e+03, 6.95120544e+02, 1.36539575e+03, 6.95352722e+02,
    1.38813098e+03, 6.95444397e+02, 1.41083862e+03, 6.95637329e+02,
    1.43372009e+03, 6.95838501e+02, 1.34267932e+03, 7.17618774e+02,
    1.36523645e+03, 7.17748169e+02, 1.38784326e+03, 7.18075684e+02,
    1.41068665e+03, 7.18284912e+02, 1.43360815e+03, 7.18412048e+02,
    1.34261890e+03, 7.40268616e+02, 1.36517615e+03, 7.40354187e+02,
    1.38778821e+03, 7.40515503e+02, 1.41068201e+03, 7.40758240e+02,
    1.43357495e+03, 7.41070496e+02, 1.34261218e+03, 7.62859924e+02,
    1.36518005e+03, 7.63080688e+02, 1.38780615e+03, 7.63336060e+02,
    1.41069153e+03, 7.63624451e+02, 1.43360840e+03, 7.63943481e+02,
    1.34261719e+03, 7.85601990e+02, 1.36517139e+03, 7.85894775e+02,
    1.38781628e+03, 7.86098511e+02, 1.41071973e+03, 7.86354858e+02,
    1.43362280e+03, 7.86579102e+02, 1.34267688e+03, 8.08313904e+02,
    1.36527026e+03, 8.08463074e+02, 1.38798694e+03, 8.08701782e+02,
    1.41087927e+03, 8.09063477e+02, 1.43376794e+03, 8.09306335e+02,
    1.34276672e+03, 8.31058289e+02, 1.36536096e+03, 8.31300659e+02,
    1.38825940e+03, 8.31554504e+02, 1.41112793e+03, 8.31968689e+02,
    1.43388623e+03, 8.32298157e+02 ]
