%YAML:1.0
---
points: [ 1.41211523e+03, 6.94469116e+02, 1.43446021e+03, 6.94736023e+02,
    1.45739368e+03, 6.95027161e+02, 1.48005737e+03, 6.95341431e+02,
    1.50296643e+03, 6.95554871e+02, 1.41176685e+03, 7.17044373e+02,
    1.43420032e+03, 7.17332825e+02, 1.45712134e+03, 7.17572998e+02,
    1.47973645e+03, 7.17758972e+02, 1.50274365e+03, 7.18234253e+02,
    1.41159021e+03, 7.39529053e+02, 1.43412134e+03, 7.39793274e+02,
    1.45685107e+03, 7.40147766e+02, 1.47963086e+03, 7.40378723e+02,
    1.50263818e+03, 7.40677979e+02, 1.41152637e+03, 7.62190430e+02,
    1.43405676e+03, 7.62424500e+02, 1.45681335e+03, 7.62751099e+02,
    1.47958838e+03, 7.63129700e+02, 1.50258850e+03, 7.63515015e+02,
    1.41143591e+03, 7.84900085e+02, 1.43402844e+03, 7.85314209e+02,
    1.45676794e+03, 7.85517517e+02, 1.47962158e+03, 7.85869751e+02,
    1.50258032e+03, 7.86289795e+02, 1.41145459e+03, 8.07564392e+02,
    1.43409192e+03, 8.07820251e+02, 1.45689233e+03, 8.08200745e+02,
    1.47965784e+03, 8.08497803e+02, 1.50269324e+03, 8.08965881e+02,
    1.41148828e+03, 8.30264343e+02, 1.43416980e+03, 8.30577820e+02,
    1.45709485e+03, 8.30847351e+02, 1.47982153e+03, 8.31267883e+02,
    1.50276428e+03, 8.31707520e+02 ]
