%YAML:1.0
---
points: [ 1.45512830e+03, 6.94677673e+02, 1.47768127e+03, 6.95013000e+02,
    1.50037988e+03, 6.95282227e+02, 1.52315430e+03, 6.95502991e+02,
    1.54595825e+03, 6.95771851e+02, 1.45480505e+03, 7.17357483e+02,
    1.47733582e+03, 7.17509033e+02, 1.50016028e+03, 7.17729858e+02,
    1.52279395e+03, 7.18105408e+02, 1.54571924e+03, 7.18331726e+02,
    1.45465076e+03, 7.39832397e+02, 1.47714441e+03, 7.40150635e+02,
    1.50000439e+03, 7.40368347e+02, 1.52262732e+03, 7.40590576e+02,
    1.54561475e+03, 7.40941406e+02, 1.45453894e+03, 7.62547729e+02,
    1.47707837e+03, 7.62695496e+02, 1.49989673e+03, 7.63060303e+02,
    1.52256567e+03, 7.63468140e+02, 1.54553467e+03, 7.63813293e+02,
    1.45447058e+03, 7.85387085e+02, 1.47698596e+03, 7.85622314e+02,
    1.49981531e+03, 7.85774414e+02, 1.52261035e+03, 7.86192749e+02,
    1.54548938e+03, 7.86514893e+02, 1.45448889e+03, 8.07970154e+02,
    1.47706982e+03, 8.08244629e+02, 1.49994397e+03, 8.08472717e+02,
    1.52267017e+03, 8.08819885e+02, 1.54559619e+03, 8.09189209e+02,
    1.45454065e+03, 8.30688538e+02, 1.47721509e+03, 8.30976929e+02,
    1.50009558e+03, 8.31296936e+02, 1.52280603e+03, 8.31621216e+02,
    1.54564844e+03, 8.32151672e+02 ]
