%YAML:1.0
---
points: [ 1.50366187e+03, 6.94947571e+02, 1.52625049e+03, 6.95260315e+02,
    1.54867590e+03, 6.95441101e+02, 1.57145435e+03, 6.95651245e+02,
    1.59434949e+03, 6.95907654e+02, 1.50336829e+03, 7.17597107e+02,
    1.52582031e+03, 7.17728943e+02, 1.54847864e+03, 7.18074829e+02,
    1.57109705e+03, 7.18274963e+02, 1.59417432e+03, 7.18458435e+02,
    1.50318774e+03, 7.40207275e+02, 1.52564099e+03, 7.40344971e+02,
    1.54839209e+03, 7.40500671e+02, 1.57092786e+03, 7.40827148e+02,
    1.59398633e+03, 7.41170654e+02, 1.50307581e+03, 7.62846863e+02,
    1.52554504e+03, 7.63120300e+02, 1.54836035e+03, 7.63381836e+02,
    1.57081287e+03, 7.63656311e+02, 1.59400842e+03, 7.63986145e+02,
    1.50303369e+03, 7.85646729e+02, 1.52555481e+03, 7.85866943e+02,
    1.54831921e+03, 7.86157593e+02, 1.57086401e+03, 7.86409912e+02,
    1.59390820e+03, 7.86643433e+02, 1.50306787e+03, 8.08332825e+02,
    1.52560962e+03, 8.08521606e+02, 1.54836572e+03, 8.08767639e+02,
    1.57098718e+03, 8.09114441e+02, 1.59407935e+03, 8.09364807e+02,
    1.50312598e+03, 8.31102722e+02, 1.52574707e+03, 8.31369019e+02,
    1.54848328e+03, 8.31589844e+02, 1.57117285e+03, 8.32026855e+02,
    1.59412830e+03, 8.32330688e+02 ]
