%YAML:1.0
---
points: [ 1.54349353e+03, 6.95229187e+02, 1.56571973e+03, 6.95389099e+02,
    1.58845447e+03, 6.95528381e+02, 1.61097437e+03, 6.95737610e+02,
    1.63362500e+03, 6.95983521e+02, 1.54325195e+03, 7.17756348e+02,
    1.56546729e+03, 7.17970215e+02, 1.58804895e+03, 7.18196472e+02,
    1.61067041e+03, 7.18351135e+02, 1.63348560e+03, 7.18510376e+02,
    1.54307837e+03, 7.40369507e+02, 1.56534924e+03, 7.40506836e+02,
    1.58784363e+03, 7.40626343e+02, 1.61056238e+03, 7.40913513e+02,
    1.63334814e+03, 7.41221191e+02, 1.54301562e+03, 7.63141296e+02,
    1.56531348e+03, 7.63321472e+02, 1.58773975e+03, 7.63554993e+02,
    1.61053040e+03, 7.63751892e+02, 1.63331824e+03, 7.64049927e+02,
    1.54294568e+03, 7.85823975e+02, 1.56527209e+03, 7.86106262e+02,
    1.58771094e+03, 7.86291565e+02, 1.61057312e+03, 7.86457947e+02,
    1.63331958e+03, 7.86655273e+02, 1.54300696e+03, 8.08535400e+02,
    1.56536121e+03, 8.08705139e+02, 1.58790723e+03, 8.08930298e+02,
    1.61063611e+03, 8.09222534e+02, 1.63341907e+03, 8.09352173e+02,
    1.54310437e+03, 8.31375977e+02, 1.56543506e+03, 8.31532043e+02,
    1.58821387e+03, 8.31745728e+02, 1.61078687e+03, 8.32066528e+02,
    1.63346960e+03, 8.32345093e+02 ]
