%YAML:1.0
---
points: [ 1.58775964e+03, 6.95270752e+02, 1.61025195e+03, 6.95408447e+02,
    1.63258398e+03, 6.95538086e+02, 1.65492822e+03, 6.95719299e+02,
    1.67773254e+03, 6.95867188e+02, 1.58744678e+03, 7.17802307e+02,
    1.60978235e+03, 7.17927124e+02, 1.63232092e+03, 7.18199219e+02,
    1.65463660e+03, 7.18323486e+02, 1.67751697e+03, 7.18436523e+02,
    1.58731812e+03, 7.40374023e+02, 1.60961707e+03, 7.40506165e+02,
    1.63221924e+03, 7.40625366e+02, 1.65448755e+03, 7.40841797e+02,
    1.67734949e+03, 7.41058533e+02, 1.58725452e+03, 7.63159424e+02,
    1.60956702e+03, 7.63331482e+02, 1.63216589e+03, 7.63449890e+02,
    1.65446338e+03, 7.63635742e+02, 1.67728809e+03, 7.63937500e+02,
    1.58724646e+03, 7.85843445e+02, 1.60956689e+03, 7.86065308e+02,
    1.63219031e+03, 7.86203125e+02, 1.65449207e+03, 7.86347351e+02,
    1.67735559e+03, 7.86505859e+02, 1.58727075e+03, 8.08532410e+02,
    1.60964331e+03, 8.08648926e+02, 1.63229004e+03, 8.08820984e+02,
    1.65461389e+03, 8.09053284e+02, 1.67744092e+03, 8.09228027e+02,
    1.58734656e+03, 8.31318359e+02, 1.60984375e+03, 8.31461670e+02,
    1.63246558e+03, 8.31585266e+02, 1.65476379e+03, 8.31810181e+02,
    1.67757520e+03, 8.32065796e+02 ]
