%YAML:1.0
---
points: [ 1.63878870e+03, 6.95338257e+02, 1.66081494e+03, 6.95400330e+02,
    1.68306030e+03, 6.95456970e+02, 1.70532397e+03, 6.95624695e+02,
    1.72762378e+03, 6.95652710e+02, 1.63852881e+03, 7.17864258e+02,
    1.66047778e+03, 7.17905457e+02, 1.68273059e+03, 7.18034302e+02,
    1.70494397e+03, 7.18147339e+02, 1.72744812e+03, 7.18267029e+02,
    1.63838342e+03, 7.40432129e+02, 1.66037537e+03, 7.40472839e+02,
    1.68261841e+03, 7.40492981e+02, 1.70484119e+03, 7.40595276e+02,
    1.72737646e+03, 7.40677734e+02, 1.63834973e+03, 7.63275452e+02,
    1.66033325e+03, 7.63245056e+02, 1.68258960e+03, 7.63284424e+02,
    1.70485815e+03, 7.63372131e+02, 1.72734692e+03, 7.63480164e+02,
    1.63834692e+03, 7.85912415e+02, 1.66034644e+03, 7.85984741e+02,
    1.68261938e+03, 7.85994690e+02, 1.70490100e+03, 7.86033936e+02,
    1.72736743e+03, 7.86177734e+02, 1.63840027e+03, 8.08530518e+02,
    1.66047083e+03, 8.08546692e+02, 1.68275244e+03, 8.08585571e+02,
    1.70512256e+03, 8.08624207e+02, 1.72752930e+03, 8.08702271e+02,
    1.63856006e+03, 8.31326111e+02, 1.66070837e+03, 8.31346924e+02,
    1.68307336e+03, 8.31369446e+02, 1.70537390e+03, 8.31403137e+02,
    1.72768518e+03, 8.31441589e+02 ]
