%YAML:1.0
---
points: [ 1.69997583e+03, 6.95304443e+02, 1.72181409e+03, 6.95315430e+02,
    1.74378394e+03, 6.95339661e+02, 1.76599353e+03, 6.95400696e+02,
    1.78834631e+03, 6.95451599e+02, 1.69975635e+03, 7.17787415e+02,
    1.72162183e+03, 7.17828064e+02, 1.74353894e+03, 7.17793884e+02,
    1.76564221e+03, 7.17824951e+02, 1.78814172e+03, 7.17883057e+02,
    1.69963831e+03, 7.40350281e+02, 1.72150525e+03, 7.40347168e+02,
    1.74348022e+03, 7.40353455e+02, 1.76549719e+03, 7.40375366e+02,
    1.78797644e+03, 7.40398071e+02, 1.69962341e+03, 7.63020081e+02,
    1.72150891e+03, 7.62965332e+02, 1.74345996e+03, 7.62948364e+02,
    1.76548718e+03, 7.63039368e+02, 1.78799133e+03, 7.63073608e+02,
    1.69964404e+03, 7.85741333e+02, 1.72150647e+03, 7.85725586e+02,
    1.74352454e+03, 7.85649475e+02, 1.76557153e+03, 7.85673889e+02,
    1.78808154e+03, 7.85765747e+02, 1.69972119e+03, 8.08366577e+02,
    1.72162830e+03, 8.08343689e+02, 1.74366370e+03, 8.08316345e+02,
    1.76577966e+03, 8.08330261e+02, 1.78835535e+03, 8.08319824e+02,
    1.69984143e+03, 8.31026367e+02, 1.72182629e+03, 8.30912231e+02,
    1.74398755e+03, 8.30900452e+02, 1.76618079e+03, 8.30886719e+02,
    1.78847766e+03, 8.30871399e+02 ]
