%YAML:1.0
---
points: [ 1.74245215e+03, 6.95290649e+02, 1.76433862e+03, 6.95340149e+02,
    1.78642334e+03, 6.95354614e+02, 1.80858276e+03, 6.95389832e+02,
    1.83092737e+03, 6.95472961e+02, 1.74209729e+03, 7.17777832e+02,
    1.76387671e+03, 7.17779480e+02, 1.78603540e+03, 7.17796448e+02,
    1.80828418e+03, 7.17869690e+02, 1.83071863e+03, 7.17928589e+02,
    1.74193945e+03, 7.40326904e+02, 1.76376050e+03, 7.40357849e+02,
    1.78589417e+03, 7.40358337e+02, 1.80812280e+03, 7.40382263e+02,
    1.83061670e+03, 7.40438110e+02, 1.74188074e+03, 7.63004333e+02,
    1.76377271e+03, 7.62999878e+02, 1.78589563e+03, 7.62956116e+02,
    1.80810681e+03, 7.63068726e+02, 1.83063171e+03, 7.63131836e+02,
    1.74190784e+03, 7.85726746e+02, 1.76378320e+03, 7.85714172e+02,
    1.78597852e+03, 7.85689697e+02, 1.80824365e+03, 7.85694458e+02,
    1.83069116e+03, 7.85780579e+02, 1.74202039e+03, 8.08330200e+02,
    1.76392358e+03, 8.08328247e+02, 1.78620203e+03, 8.08316467e+02,
    1.80845166e+03, 8.08296021e+02, 1.83084521e+03, 8.08334106e+02,
    1.74223633e+03, 8.30992371e+02, 1.76422754e+03, 8.30921387e+02,
    1.78648584e+03, 8.30938293e+02, 1.80864441e+03, 8.30907593e+02,
    1.83104504e+03, 8.30927734e+02 ]
