%YAML:1.0
---
points: [ 1.77067883e+03, 6.94696228e+02, 1.79264832e+03, 6.94786011e+02,
    1.81498279e+03, 6.94871948e+02, 1.83720715e+03, 6.94971191e+02,
    1.85945044e+03, 6.95070801e+02, 1.77042065e+03, 7.17353577e+02,
    1.79235693e+03, 7.17336060e+02, 1.81451086e+03, 7.17382202e+02,
    1.83676404e+03, 7.17419983e+02, 1.85928662e+03, 7.17545898e+02,
    1.77030078e+03, 7.39665344e+02, 1.79215527e+03, 7.39718140e+02,
    1.81435876e+03, 7.39796753e+02, 1.83663623e+03, 7.39886963e+02,
    1.85920081e+03, 7.40030823e+02, 1.77023511e+03, 7.62338135e+02,
    1.79213257e+03, 7.62325623e+02, 1.81432153e+03, 7.62360107e+02,
    1.83659106e+03, 7.62420593e+02, 1.85915955e+03, 7.62528137e+02,
    1.77019824e+03, 7.84989380e+02, 1.79215112e+03, 7.85034424e+02,
    1.81435547e+03, 7.85116455e+02, 1.83665955e+03, 7.85148804e+02,
    1.85917493e+03, 7.85262634e+02, 1.77030347e+03, 8.07583984e+02,
    1.79232886e+03, 8.07578125e+02, 1.81451184e+03, 8.07607422e+02,
    1.83688391e+03, 8.07661377e+02, 1.85933020e+03, 8.07682617e+02,
    1.77039441e+03, 8.30177551e+02, 1.79245972e+03, 8.30183716e+02,
    1.81483057e+03, 8.30230530e+02, 1.83712463e+03, 8.30252930e+02,
    1.85943140e+03, 8.30278259e+02 ]
