%YAML:1.0
---
points: [ 1.80730359e+03, 6.94778809e+02, 1.82906079e+03, 6.94883972e+02,
    1.85117419e+03, 6.94894409e+02, 1.87340210e+03, 6.94953918e+02,
    1.89561096e+03, 6.95099792e+02, 1.80686768e+03, 7.17339783e+02,
    1.82865210e+03, 7.17383057e+02, 1.85074146e+03, 7.17407166e+02,
    1.87297583e+03, 7.17449158e+02, 1.89537756e+03, 7.17551758e+02,
    1.80666968e+03, 7.39763977e+02, 1.82848364e+03, 7.39753845e+02,
    1.85060205e+03, 7.39850525e+02, 1.87285278e+03, 7.39935608e+02,
    1.89525574e+03, 7.40048096e+02, 1.80660571e+03, 7.62391602e+02,
    1.82847314e+03, 7.62362000e+02, 1.85051880e+03, 7.62401306e+02,
    1.87273621e+03, 7.62482727e+02, 1.89521704e+03, 7.62560608e+02,
    1.80658655e+03, 7.85131348e+02, 1.82842505e+03, 7.85135071e+02,
    1.85051233e+03, 7.85166138e+02, 1.87281958e+03, 7.85203918e+02,
    1.89521838e+03, 7.85287048e+02, 1.80660449e+03, 8.07628174e+02,
    1.82855847e+03, 8.07646362e+02, 1.85067188e+03, 8.07673279e+02,
    1.87301294e+03, 8.07682739e+02, 1.89535681e+03, 8.07756226e+02,
    1.80673254e+03, 8.30298096e+02, 1.82874182e+03, 8.30247925e+02,
    1.85088147e+03, 8.30251099e+02, 1.87323425e+03, 8.30251770e+02,
    1.89548059e+03, 8.30297363e+02 ]
