%YAML:1.0
---
points: [ 1.81719287e+03, 6.94505920e+02, 1.83884021e+03, 6.94560669e+02,
    1.86076099e+03, 6.94621094e+02, 1.88299573e+03, 6.94667542e+02,
    1.90519055e+03, 6.94775146e+02, 1.81686658e+03, 7.17051208e+02,
    1.83853662e+03, 7.17068237e+02, 1.86048254e+03, 7.17035217e+02,
    1.88264832e+03, 7.17193054e+02, 1.90495007e+03, 7.17240051e+02,
    1.81672595e+03, 7.39507629e+02, 1.83840906e+03, 7.39553345e+02,
    1.86039648e+03, 7.39544434e+02, 1.88250745e+03, 7.39593506e+02,
    1.90485522e+03, 7.39627258e+02, 1.81666016e+03, 7.62149475e+02,
    1.83838708e+03, 7.62122742e+02, 1.86036487e+03, 7.62132690e+02,
    1.88247620e+03, 7.62219910e+02, 1.90484033e+03, 7.62215698e+02,
    1.81669714e+03, 7.84758667e+02, 1.83842236e+03, 7.84730591e+02,
    1.86043201e+03, 7.84736023e+02, 1.88262842e+03, 7.84709351e+02,
    1.90491357e+03, 7.84830994e+02, 1.81674939e+03, 8.07431152e+02,
    1.83861377e+03, 8.07426514e+02, 1.86060620e+03, 8.07399170e+02,
    1.88276843e+03, 8.07421875e+02, 1.90512659e+03, 8.07468323e+02,
    1.81697302e+03, 8.29940918e+02, 1.83882410e+03, 8.29861023e+02,
    1.86092822e+03, 8.29892517e+02, 1.88310889e+03, 8.29849426e+02,
    1.90530151e+03, 8.29894226e+02 ]
