%YAML:1.0
---
points: [ 1.82168958e+03, 6.95474670e+02, 1.84357324e+03, 6.95498474e+02,
    1.86570007e+03, 6.95552551e+02, 1.88805896e+03, 6.95627014e+02,
    1.91043298e+03, 6.95684326e+02, 1.82120264e+03, 7.17950256e+02,
    1.84303809e+03, 7.17991455e+02, 1.86517004e+03, 7.18052917e+02,
    1.88742749e+03, 7.18109985e+02, 1.90998157e+03, 7.18198120e+02,
    1.82081921e+03, 7.40382202e+02, 1.84268982e+03, 7.40400635e+02,
    1.86476404e+03, 7.40417664e+02, 1.88711694e+03, 7.40457825e+02,
    1.90969727e+03, 7.40523560e+02, 1.82062915e+03, 7.63025818e+02,
    1.84259351e+03, 7.62981262e+02, 1.86461536e+03, 7.62987793e+02,
    1.88672192e+03, 7.63141296e+02, 1.90947021e+03, 7.63173096e+02,
    1.82048035e+03, 7.85640320e+02, 1.84245361e+03, 7.85661560e+02,
    1.86452185e+03, 7.85645874e+02, 1.88667615e+03, 7.85649841e+02,
    1.90939856e+03, 7.85764343e+02, 1.82040710e+03, 8.08147705e+02,
    1.84242456e+03, 8.08148621e+02, 1.86450647e+03, 8.08156494e+02,
    1.88671045e+03, 8.08227417e+02, 1.90937537e+03, 8.08285706e+02,
    1.82040771e+03, 8.30657227e+02, 1.84248022e+03, 8.30646851e+02,
    1.86458594e+03, 8.30633484e+02, 1.88683936e+03, 8.30697632e+02,
    1.90931287e+03, 8.30746826e+02 ]
