%YAML:1.0
---
points: [ 1.82069141e+03, 6.94609131e+02, 1.84259509e+03, 6.94636047e+02,
    1.86460229e+03, 6.94677124e+02, 1.88679175e+03, 6.94734741e+02,
    1.90933484e+03, 6.94879822e+02, 1.82042725e+03, 7.17126892e+02,
    1.84229077e+03, 7.17173523e+02, 1.86436047e+03, 7.17214050e+02,
    1.88642700e+03, 7.17306091e+02, 1.90908069e+03, 7.17349121e+02,
    1.82024377e+03, 7.39555603e+02, 1.84215771e+03, 7.39580750e+02,
    1.86421960e+03, 7.39611389e+02, 1.88630188e+03, 7.39654236e+02,
    1.90882251e+03, 7.39733154e+02, 1.82016675e+03, 7.62176758e+02,
    1.84207117e+03, 7.62176147e+02, 1.86416040e+03, 7.62201050e+02,
    1.88625134e+03, 7.62306396e+02, 1.90876233e+03, 7.62312500e+02,
    1.82013171e+03, 7.84722778e+02, 1.84208276e+03, 7.84799988e+02,
    1.86422607e+03, 7.84823547e+02, 1.88636951e+03, 7.84884277e+02,
    1.90877527e+03, 7.85076294e+02, 1.82027844e+03, 8.07378357e+02,
    1.84227405e+03, 8.07398743e+02, 1.86437183e+03, 8.07428223e+02,
    1.88653711e+03, 8.07488403e+02, 1.90911035e+03, 8.07542297e+02,
    1.82040259e+03, 8.29842468e+02, 1.84239917e+03, 8.29848450e+02,
    1.86452234e+03, 8.29871399e+02, 1.88672253e+03, 8.29923950e+02,
    1.90927136e+03, 8.29998291e+02 ]
