%YAML:1.0
---
points: [ 1.78391467e+03, 6.89835876e+02, 1.80980371e+03, 6.90791809e+02,
    1.83615955e+03, 6.91667114e+02, 1.86285449e+03, 6.92703857e+02,
    1.89011328e+03, 6.93708801e+02, 1.78384692e+03, 7.11103638e+02,
    1.80965466e+03, 7.12216797e+02, 1.83599341e+03, 7.13340454e+02,
    1.86277917e+03, 7.14409912e+02, 1.88996521e+03, 7.15659302e+02,
    1.78377063e+03, 7.32362183e+02, 1.80959338e+03, 7.33605408e+02,
    1.83592981e+03, 7.34862915e+02, 1.86269397e+03, 7.36285583e+02,
    1.88992029e+03, 7.37776672e+02, 1.78380408e+03, 7.53716675e+02,
    1.80959021e+03, 7.55143066e+02, 1.83593127e+03, 7.56476685e+02,
    1.86266223e+03, 7.58169678e+02, 1.88984460e+03, 7.59713501e+02,
    1.78378333e+03, 7.74922119e+02, 1.80957776e+03, 7.76544128e+02,
    1.83590771e+03, 7.78161987e+02, 1.86270654e+03, 7.79993591e+02,
    1.88978284e+03, 7.81719604e+02, 1.78384875e+03, 7.96302612e+02,
    1.80963940e+03, 7.97904114e+02, 1.83596948e+03, 7.99866943e+02,
    1.86264575e+03, 8.01842896e+02, 1.88983850e+03, 8.03651489e+02,
    1.78385999e+03, 8.17568787e+02, 1.80967773e+03, 8.19432678e+02,
    1.83597021e+03, 8.21634338e+02, 1.86267529e+03, 8.23582336e+02,
    1.88978320e+03, 8.25677551e+02 ]
