%YAML:1.0
---
points: [ 1.77356372e+03, 6.86411682e+02, 1.79946838e+03, 6.87682190e+02,
    1.82594116e+03, 6.89076294e+02, 1.85293945e+03, 6.90714111e+02,
    1.88061279e+03, 6.92244263e+02, 1.77351282e+03, 7.07212708e+02,
    1.79938806e+03, 7.08625244e+02, 1.82587573e+03, 7.10414185e+02,
    1.85283459e+03, 7.12182190e+02, 1.88050305e+03, 7.13772034e+02,
    1.77346667e+03, 7.27862610e+02, 1.79928882e+03, 7.29610046e+02,
    1.82580298e+03, 7.31687927e+02, 1.85273120e+03, 7.33629822e+02,
    1.88039929e+03, 7.35572571e+02, 1.77339966e+03, 7.48757324e+02,
    1.79923987e+03, 7.50669922e+02, 1.82572046e+03, 7.52976685e+02,
    1.85269421e+03, 7.55166321e+02, 1.88029614e+03, 7.57459839e+02,
    1.77330322e+03, 7.69493835e+02, 1.79910107e+03, 7.71722107e+02,
    1.82559656e+03, 7.74302734e+02, 1.85256824e+03, 7.76577271e+02,
    1.88008765e+03, 7.79319214e+02, 1.77323328e+03, 7.90324219e+02,
    1.79896252e+03, 7.92691772e+02, 1.82552405e+03, 7.95543518e+02,
    1.85244580e+03, 7.98094543e+02, 1.87999500e+03, 8.01007324e+02,
    1.77312317e+03, 8.11225647e+02, 1.79888904e+03, 8.13759399e+02,
    1.82538489e+03, 8.16770203e+02, 1.85231689e+03, 8.19608093e+02,
    1.87974170e+03, 8.22707703e+02 ]
