%YAML:1.0
---
points: [ 1.77063342e+03, 6.83491089e+02, 1.79584045e+03, 6.85397949e+02,
    1.82176160e+03, 6.87099670e+02, 1.84816821e+03, 6.88860229e+02,
    1.87538586e+03, 6.90908264e+02, 1.77058118e+03, 7.03750916e+02,
    1.79584497e+03, 7.05943970e+02, 1.82175476e+03, 7.07968994e+02,
    1.84812427e+03, 7.10032410e+02, 1.87532751e+03, 7.12406555e+02,
    1.77053870e+03, 7.24188599e+02, 1.79578271e+03, 7.26515442e+02,
    1.82166052e+03, 7.28866333e+02, 1.84805713e+03, 7.31348083e+02,
    1.87520496e+03, 7.33852600e+02, 1.77045325e+03, 7.44596008e+02,
    1.79570422e+03, 7.47250427e+02, 1.82154016e+03, 7.49849548e+02,
    1.84788818e+03, 7.52631653e+02, 1.87500134e+03, 7.55412720e+02,
    1.77038721e+03, 7.65205322e+02, 1.79555505e+03, 7.67805420e+02,
    1.82139185e+03, 7.70774536e+02, 1.84773352e+03, 7.73825195e+02,
    1.87477515e+03, 7.76927246e+02, 1.77026123e+03, 7.85519165e+02,
    1.79542749e+03, 7.88496338e+02, 1.82120142e+03, 7.91754150e+02,
    1.84756580e+03, 7.95246033e+02, 1.87457190e+03, 7.98408142e+02,
    1.77003125e+03, 8.05916443e+02, 1.79523401e+03, 8.09265625e+02,
    1.82088037e+03, 8.12771362e+02, 1.84734363e+03, 8.16472534e+02,
    1.87436121e+03, 8.19988464e+02 ]
