%YAML:1.0
---
points: [ 1.78056555e+03, 6.77735840e+02, 1.80256787e+03, 6.80339478e+02,
    1.82540735e+03, 6.82524475e+02, 1.84860730e+03, 6.85161621e+02,
    1.87266248e+03, 6.87553711e+02, 1.78035693e+03, 6.97531555e+02,
    1.80235168e+03, 7.00318726e+02, 1.82513306e+03, 7.02881897e+02,
    1.84829285e+03, 7.05748291e+02, 1.87230237e+03, 7.08580383e+02,
    1.77997534e+03, 7.17421753e+02, 1.80191577e+03, 7.20246826e+02,
    1.82452832e+03, 7.23371826e+02, 1.84777368e+03, 7.26477051e+02,
    1.87153345e+03, 7.29629761e+02, 1.77950989e+03, 7.37201660e+02,
    1.80141333e+03, 7.40327454e+02, 1.82393896e+03, 7.43685364e+02,
    1.84732385e+03, 7.47317810e+02, 1.87096240e+03, 7.50747620e+02,
    1.77886731e+03, 7.56686035e+02, 1.80075598e+03, 7.60434753e+02,
    1.82336133e+03, 7.64282654e+02, 1.84649268e+03, 7.67955811e+02,
    1.87031372e+03, 7.71834412e+02, 1.77835449e+03, 7.76423401e+02,
    1.80019446e+03, 7.80516235e+02, 1.82252271e+03, 7.84492126e+02,
    1.84561743e+03, 7.88619080e+02, 1.86955688e+03, 7.92979980e+02,
    1.77749805e+03, 7.96272705e+02, 1.79924939e+03, 8.00466980e+02,
    1.82164172e+03, 8.04781128e+02, 1.84473389e+03, 8.09397339e+02,
    1.86863562e+03, 8.14043701e+02 ]
