%YAML:1.0
---
points: [ 1.79712842e+03, 6.75826538e+02, 1.81570496e+03, 6.78216064e+02,
    1.83459143e+03, 6.80583008e+02, 1.85422864e+03, 6.82816467e+02,
    1.87440137e+03, 6.85587646e+02, 1.79665723e+03, 6.95337708e+02,
    1.81536536e+03, 6.97749939e+02, 1.83424915e+03, 7.00590759e+02,
    1.85370166e+03, 7.03343994e+02, 1.87376978e+03, 7.06427246e+02,
    1.79608594e+03, 7.14507019e+02, 1.81458337e+03, 7.17650391e+02,
    1.83356897e+03, 7.20627563e+02, 1.85299597e+03, 7.23713074e+02,
    1.87308069e+03, 7.27287781e+02, 1.79545410e+03, 7.33973267e+02,
    1.81366870e+03, 7.37388733e+02, 1.83279822e+03, 7.40639648e+02,
    1.85237866e+03, 7.44369446e+02, 1.87216760e+03, 7.48106873e+02,
    1.79456372e+03, 7.53482300e+02, 1.81292139e+03, 7.56910278e+02,
    1.83186926e+03, 7.60791260e+02, 1.85113782e+03, 7.64760559e+02,
    1.87105115e+03, 7.68832153e+02, 1.79376904e+03, 7.72605835e+02,
    1.81191431e+03, 7.76595825e+02, 1.83096277e+03, 7.80919373e+02,
    1.85009802e+03, 7.85242859e+02, 1.86990857e+03, 7.89547241e+02,
    1.79255872e+03, 7.91856812e+02, 1.81090930e+03, 7.96415161e+02,
    1.82954199e+03, 8.00891418e+02, 1.84902332e+03, 8.05542114e+02,
    1.86881873e+03, 8.10423645e+02 ]
