%YAML:1.0
---
points: [ 1.81012671e+03, 4.56450500e+02, 1.83315088e+03, 4.56578461e+02,
    1.85648376e+03, 4.56658264e+02, 1.87994885e+03, 4.56662659e+02,
    1.90344958e+03, 4.56735016e+02, 1.80986951e+03, 4.80713470e+02,
    1.83301050e+03, 4.80788055e+02, 1.85642578e+03, 4.80801422e+02,
    1.87986438e+03, 4.80856781e+02, 1.90360693e+03, 4.80864441e+02,
    1.80996436e+03, 5.04886749e+02, 1.83315991e+03, 5.05067078e+02,
    1.85656519e+03, 5.04996918e+02, 1.88008118e+03, 5.04981049e+02,
    1.90383545e+03, 5.05059326e+02, 1.81029150e+03, 5.29275330e+02,
    1.83340125e+03, 5.29261353e+02, 1.85701074e+03, 5.29263184e+02,
    1.88040234e+03, 5.29245117e+02, 1.90437219e+03, 5.29260498e+02,
    1.81051807e+03, 5.53522522e+02, 1.83369043e+03, 5.53554626e+02,
    1.85734631e+03, 5.53555054e+02, 1.88077258e+03, 5.53498352e+02,
    1.90468054e+03, 5.53497437e+02, 1.81081897e+03, 5.77589966e+02,
    1.83420105e+03, 5.77535278e+02, 1.85781372e+03, 5.77536255e+02,
    1.88135266e+03, 5.77507141e+02, 1.90520581e+03, 5.77477966e+02,
    1.81129126e+03, 6.01816162e+02, 1.83463855e+03, 6.01791077e+02,
    1.85846021e+03, 6.01773804e+02, 1.88195447e+03, 6.01752014e+02,
    1.90573010e+03, 6.01728577e+02 ]
