%YAML:1.0
---
points: [ 1.80619983e+03, 4.59175873e+02, 1.83119507e+03, 4.59484711e+02,
    1.85646094e+03, 4.59686371e+02, 1.88185315e+03, 4.59973236e+02,
    1.90749158e+03, 4.60292419e+02, 1.80509412e+03, 4.83260895e+02,
    1.82991882e+03, 4.83557709e+02, 1.85524744e+03, 4.83838440e+02,
    1.88064355e+03, 4.84225037e+02, 1.90656604e+03, 4.84525085e+02,
    1.80409570e+03, 5.07467743e+02, 1.82902246e+03, 5.07825134e+02,
    1.85438110e+03, 5.08258392e+02, 1.87979700e+03, 5.08479675e+02,
    1.90558154e+03, 5.08795959e+02, 1.80309460e+03, 5.31731506e+02,
    1.82821143e+03, 5.32154358e+02, 1.85356177e+03, 5.32542419e+02,
    1.87906812e+03, 5.32900696e+02, 1.90480896e+03, 5.33317261e+02,
    1.80228589e+03, 5.55716858e+02, 1.82741956e+03, 5.56211548e+02,
    1.85272668e+03, 5.56607544e+02, 1.87832739e+03, 5.57086365e+02,
    1.90411462e+03, 5.57506287e+02, 1.80155945e+03, 5.79859070e+02,
    1.82673462e+03, 5.80457886e+02, 1.85223584e+03, 5.80859070e+02,
    1.87761084e+03, 5.81347412e+02, 1.90333423e+03, 5.81674805e+02,
    1.80088049e+03, 6.03893066e+02, 1.82619897e+03, 6.04392883e+02,
    1.85155017e+03, 6.04939087e+02, 1.87700146e+03, 6.05470459e+02,
    1.90259460e+03, 6.06033997e+02 ]
