%YAML:1.0
---
points: [ 1.90698743e+03, 6.03310486e+02, 1.88135278e+03, 6.04136047e+02,
    1.85583789e+03, 6.04904663e+02, 1.83050830e+03, 6.05866089e+02,
    1.80536011e+03, 6.06654846e+02, 1.90638220e+03, 5.79187744e+02,
    1.88045862e+03, 5.80055786e+02, 1.85487219e+03, 5.80818970e+02,
    1.82953735e+03, 5.81674500e+02, 1.80456091e+03, 5.82491699e+02,
    1.90556531e+03, 5.54822632e+02, 1.87972180e+03, 5.55719482e+02,
    1.85426807e+03, 5.56604492e+02, 1.82882825e+03, 5.57668091e+02,
    1.80381152e+03, 5.58594299e+02, 1.90492578e+03, 5.30493530e+02,
    1.87916528e+03, 5.31577209e+02, 1.85363843e+03, 5.32578491e+02,
    1.82830261e+03, 5.33486450e+02, 1.80325366e+03, 5.34392273e+02,
    1.90442908e+03, 5.06361389e+02, 1.87853516e+03, 5.07356445e+02,
    1.85302881e+03, 5.08300201e+02, 1.82764807e+03, 5.09188202e+02,
    1.80257947e+03, 5.10220337e+02, 1.90378198e+03, 4.81854095e+02,
    1.87801831e+03, 4.82832275e+02, 1.85267834e+03, 4.83907074e+02,
    1.82728638e+03, 4.85126282e+02, 1.80227112e+03, 4.86121063e+02,
    1.90335632e+03, 4.57618927e+02, 1.87778113e+03, 4.58732086e+02,
    1.85242920e+03, 4.59774506e+02, 1.82703638e+03, 4.60772247e+02,
    1.80191650e+03, 4.61749939e+02 ]
