%YAML:1.0
---
points: [ 1.89079919e+03, 6.03218750e+02, 1.86530103e+03, 6.04056458e+02,
    1.83986426e+03, 6.04801270e+02, 1.81460791e+03, 6.05762451e+02,
    1.78958679e+03, 6.06596558e+02, 1.89018225e+03, 5.79085022e+02,
    1.86447266e+03, 5.79878479e+02, 1.83901868e+03, 5.80782043e+02,
    1.81377295e+03, 5.81606384e+02, 1.78882617e+03, 5.82435791e+02,
    1.88943628e+03, 5.54789124e+02, 1.86364575e+03, 5.55668701e+02,
    1.83825476e+03, 5.56576172e+02, 1.81298718e+03, 5.57598511e+02,
    1.78815112e+03, 5.58512024e+02, 1.88863074e+03, 5.30518616e+02,
    1.86293164e+03, 5.31550171e+02, 1.83766516e+03, 5.32577271e+02,
    1.81241699e+03, 5.33471741e+02, 1.78748560e+03, 5.34329285e+02,
    1.88814355e+03, 5.06391449e+02, 1.86253870e+03, 5.07360168e+02,
    1.83714368e+03, 5.08286591e+02, 1.81183362e+03, 5.09204590e+02,
    1.78693347e+03, 5.10224091e+02, 1.88761584e+03, 4.81941711e+02,
    1.86192297e+03, 4.82921967e+02, 1.83662830e+03, 4.83918304e+02,
    1.81144324e+03, 4.85117004e+02, 1.78653491e+03, 4.86076172e+02,
    1.88710974e+03, 4.57648102e+02, 1.86164258e+03, 4.58792999e+02,
    1.83634875e+03, 4.59829956e+02, 1.81124707e+03, 4.60795471e+02,
    1.78625513e+03, 4.61775909e+02 ]
