%YAML:1.0
---
points: [ 1.87691772e+03, 6.03146362e+02, 1.85155676e+03, 6.03958496e+02,
    1.82635754e+03, 6.04710571e+02, 1.80117517e+03, 6.05736816e+02,
    1.77610938e+03, 6.06512939e+02, 1.87627869e+03, 5.79044128e+02,
    1.85071912e+03, 5.79871399e+02, 1.82556458e+03, 5.80744568e+02,
    1.80040186e+03, 5.81545898e+02, 1.77540820e+03, 5.82414001e+02,
    1.87548364e+03, 5.54784363e+02, 1.84982788e+03, 5.55663452e+02,
    1.82456323e+03, 5.56573730e+02, 1.79957507e+03, 5.57560059e+02,
    1.77468384e+03, 5.58477295e+02, 1.87477722e+03, 5.30582703e+02,
    1.84925769e+03, 5.31586304e+02, 1.82404407e+03, 5.32537415e+02,
    1.79895691e+03, 5.33462219e+02, 1.77413806e+03, 5.34391968e+02,
    1.87435938e+03, 5.06438385e+02, 1.84866846e+03, 5.07418945e+02,
    1.82338196e+03, 5.08328400e+02, 1.79839844e+03, 5.09233215e+02,
    1.77357153e+03, 5.10276886e+02, 1.87381665e+03, 4.82075958e+02,
    1.84823315e+03, 4.83036957e+02, 1.82288953e+03, 4.84086212e+02,
    1.79773633e+03, 4.85257294e+02, 1.77324048e+03, 4.86193420e+02,
    1.87337964e+03, 4.57774445e+02, 1.84791296e+03, 4.58872223e+02,
    1.82261096e+03, 4.59973022e+02, 1.79750830e+03, 4.60893860e+02,
    1.77280762e+03, 4.61820099e+02 ]
