%YAML:1.0
---
points: [ 1.86038306e+03, 6.03144104e+02, 1.83502490e+03, 6.03892700e+02,
    1.80984558e+03, 6.04716675e+02, 1.78460120e+03, 6.05644104e+02,
    1.75958215e+03, 6.06444397e+02, 1.85961633e+03, 5.79027405e+02,
    1.83419958e+03, 5.79826050e+02, 1.80886060e+03, 5.80726135e+02,
    1.78381836e+03, 5.81508728e+02, 1.75879529e+03, 5.82354736e+02,
    1.85892395e+03, 5.54818542e+02, 1.83340295e+03, 5.55683899e+02,
    1.80810547e+03, 5.56538574e+02, 1.78311926e+03, 5.57565308e+02,
    1.75824976e+03, 5.58437561e+02, 1.85836096e+03, 5.30563660e+02,
    1.83267944e+03, 5.31629089e+02, 1.80746008e+03, 5.32559204e+02,
    1.78234094e+03, 5.33468628e+02, 1.75759814e+03, 5.34360718e+02,
    1.85774426e+03, 5.06490814e+02, 1.83225439e+03, 5.07449738e+02,
    1.80687317e+03, 5.08342285e+02, 1.78170837e+03, 5.09232239e+02,
    1.75706421e+03, 5.10229126e+02, 1.85735229e+03, 4.82161316e+02,
    1.83170471e+03, 4.83160919e+02, 1.80644470e+03, 4.84114624e+02,
    1.78132434e+03, 4.85302704e+02, 1.75659790e+03, 4.86171356e+02,
    1.85673535e+03, 4.57970367e+02, 1.83145435e+03, 4.58982178e+02,
    1.80615991e+03, 4.60072083e+02, 1.78105371e+03, 4.61050201e+02,
    1.75635083e+03, 4.61899048e+02 ]
