%YAML:1.0
---
points: [ 1.85955994e+03, 6.03157043e+02, 1.83428760e+03, 6.03916199e+02,
    1.80908032e+03, 6.04695984e+02, 1.78391492e+03, 6.05628174e+02,
    1.75880359e+03, 6.06467712e+02, 1.85901660e+03, 5.79067627e+02,
    1.83341772e+03, 5.79820862e+02, 1.80821008e+03, 5.80699280e+02,
    1.78308508e+03, 5.81510864e+02, 1.75829785e+03, 5.82357178e+02,
    1.85824207e+03, 5.54806824e+02, 1.83265247e+03, 5.55671875e+02,
    1.80742590e+03, 5.56534302e+02, 1.78230188e+03, 5.57520691e+02,
    1.75748376e+03, 5.58415466e+02, 1.85759863e+03, 5.30579102e+02,
    1.83202576e+03, 5.31661499e+02, 1.80676648e+03, 5.32614136e+02,
    1.78161548e+03, 5.33452759e+02, 1.75685950e+03, 5.34378357e+02,
    1.85702649e+03, 5.06471161e+02, 1.83147632e+03, 5.07442566e+02,
    1.80619751e+03, 5.08365936e+02, 1.78097778e+03, 5.09215149e+02,
    1.75629639e+03, 5.10190887e+02, 1.85643323e+03, 4.82156860e+02,
    1.83094849e+03, 4.83164459e+02, 1.80572852e+03, 4.84142548e+02,
    1.78055652e+03, 4.85307373e+02, 1.75571423e+03, 4.86190460e+02,
    1.85592603e+03, 4.57995544e+02, 1.83067090e+03, 4.58962433e+02,
    1.80549353e+03, 4.60106018e+02, 1.78039832e+03, 4.61056488e+02,
    1.75543860e+03, 4.61884491e+02 ]
