%YAML:1.0
---
points: [ 1.83344348e+03, 6.03428833e+02, 1.80772913e+03, 6.04177185e+02,
    1.78238684e+03, 6.04925537e+02, 1.75718347e+03, 6.05803650e+02,
    1.73190686e+03, 6.06579407e+02, 1.83270789e+03, 5.79316833e+02,
    1.80693689e+03, 5.80148865e+02, 1.78153577e+03, 5.80834656e+02,
    1.75630762e+03, 5.81616211e+02, 1.73136963e+03, 5.82452881e+02,
    1.83203552e+03, 5.55022278e+02, 1.80627600e+03, 5.55783081e+02,
    1.78066760e+03, 5.56656311e+02, 1.75546484e+03, 5.57626343e+02,
    1.73048682e+03, 5.58468201e+02, 1.83137708e+03, 5.30679443e+02,
    1.80561365e+03, 5.31690979e+02, 1.78024768e+03, 5.32595581e+02,
    1.75489404e+03, 5.33477905e+02, 1.72985022e+03, 5.34377014e+02,
    1.83071313e+03, 5.06519867e+02, 1.80510559e+03, 5.07516113e+02,
    1.77960339e+03, 5.08323608e+02, 1.75433496e+03, 5.09216583e+02,
    1.72936377e+03, 5.10168427e+02, 1.83027271e+03, 4.82093567e+02,
    1.80449500e+03, 4.83036499e+02, 1.77920178e+03, 4.84072632e+02,
    1.75383252e+03, 4.85218628e+02, 1.72885034e+03, 4.86093628e+02,
    1.82967224e+03, 4.57836060e+02, 1.80436792e+03, 4.58869141e+02,
    1.77889294e+03, 4.59917633e+02, 1.75363855e+03, 4.60845123e+02,
    1.72856592e+03, 4.61734253e+02 ]
