%YAML:1.0
---
points: [ 1.80858691e+03, 6.03588196e+02, 1.78289771e+03, 6.04392761e+02,
    1.75736023e+03, 6.05156799e+02, 1.73181335e+03, 6.05949951e+02,
    1.70653198e+03, 6.06702820e+02, 1.80779150e+03, 5.79495850e+02,
    1.78197852e+03, 5.80321472e+02, 1.75653308e+03, 5.81035034e+02,
    1.73116846e+03, 5.81732788e+02, 1.70588013e+03, 5.82466370e+02,
    1.80718420e+03, 5.55230225e+02, 1.78133325e+03, 5.55949463e+02,
    1.75558398e+03, 5.56738770e+02, 1.73031226e+03, 5.57667114e+02,
    1.70520447e+03, 5.58516724e+02, 1.80654651e+03, 5.30725525e+02,
    1.78055811e+03, 5.31711670e+02, 1.75513257e+03, 5.32642090e+02,
    1.72962231e+03, 5.33517273e+02, 1.70465979e+03, 5.34353394e+02,
    1.80594897e+03, 5.06507324e+02, 1.78015723e+03, 5.07462952e+02,
    1.75450647e+03, 5.08311768e+02, 1.72914941e+03, 5.09195099e+02,
    1.70414941e+03, 5.10152710e+02, 1.80556494e+03, 4.82048218e+02,
    1.77962537e+03, 4.82992676e+02, 1.75408594e+03, 4.83980865e+02,
    1.72859631e+03, 4.85136597e+02, 1.70355811e+03, 4.85919464e+02,
    1.80520068e+03, 4.57678070e+02, 1.77941162e+03, 4.58752502e+02,
    1.75380078e+03, 4.59759033e+02, 1.72842761e+03, 4.60718323e+02,
    1.70329138e+03, 4.61680725e+02 ]
