%YAML:1.0
---
points: [ 1.77298730e+03, 6.04125122e+02, 1.74694177e+03, 6.04757690e+02,
    1.72123035e+03, 6.05629578e+02, 1.69549854e+03, 6.06419800e+02,
    1.66988208e+03, 6.07173584e+02, 1.77229395e+03, 5.79770142e+02,
    1.74625464e+03, 5.80567322e+02, 1.72044324e+03, 5.81387695e+02,
    1.69473865e+03, 5.82192871e+02, 1.66934607e+03, 5.82809082e+02,
    1.77149951e+03, 5.55376648e+02, 1.74541333e+03, 5.56226440e+02,
    1.71966467e+03, 5.57095154e+02, 1.69409521e+03, 5.57887085e+02,
    1.66869751e+03, 5.58778137e+02, 1.77083118e+03, 5.30920410e+02,
    1.74472241e+03, 5.31903687e+02, 1.71901135e+03, 5.32781860e+02,
    1.69341797e+03, 5.33622864e+02, 1.66812280e+03, 5.34470825e+02,
    1.77041406e+03, 5.06490021e+02, 1.74425696e+03, 5.07468170e+02,
    1.71841699e+03, 5.08340424e+02, 1.69287769e+03, 5.09248169e+02,
    1.66766614e+03, 5.10225342e+02, 1.76999329e+03, 4.81943085e+02,
    1.74373608e+03, 4.82894775e+02, 1.71801611e+03, 4.83873474e+02,
    1.69248511e+03, 4.85091187e+02, 1.66728589e+03, 4.85944092e+02,
    1.76959509e+03, 4.57474335e+02, 1.74359082e+03, 4.58619446e+02,
    1.71774585e+03, 4.59655853e+02, 1.69224072e+03, 4.60605499e+02,
    1.66696875e+03, 4.61583740e+02 ]
