%YAML:1.0
---
points: [ 1.73445264e+03, 6.04698730e+02, 1.70833813e+03, 6.05541565e+02,
    1.68251147e+03, 6.06316284e+02, 1.65669067e+03, 6.07091003e+02,
    1.63125842e+03, 6.07689026e+02, 1.73375500e+03, 5.80406372e+02,
    1.70761597e+03, 5.81199097e+02, 1.68161902e+03, 5.81839111e+02,
    1.65592249e+03, 5.82612549e+02, 1.63058289e+03, 5.83446472e+02,
    1.73328760e+03, 5.55763977e+02, 1.70686304e+03, 5.56593689e+02,
    1.68107935e+03, 5.57492188e+02, 1.65532385e+03, 5.58493042e+02,
    1.62986487e+03, 5.59306885e+02, 1.73266565e+03, 5.31220642e+02,
    1.70645361e+03, 5.32299377e+02, 1.68054602e+03, 5.33209045e+02,
    1.65475281e+03, 5.34051331e+02, 1.62936182e+03, 5.34832275e+02,
    1.73224646e+03, 5.06701721e+02, 1.70602185e+03, 5.07612793e+02,
    1.68001611e+03, 5.08525146e+02, 1.65433337e+03, 5.09521149e+02,
    1.62886914e+03, 5.10497589e+02, 1.73182397e+03, 4.82075775e+02,
    1.70559607e+03, 4.83009186e+02, 1.67968750e+03, 4.84078674e+02,
    1.65403479e+03, 4.85247162e+02, 1.62855469e+03, 4.86227753e+02,
    1.73156775e+03, 4.57437347e+02, 1.70544250e+03, 4.58587311e+02,
    1.67949902e+03, 4.59638580e+02, 1.65375293e+03, 4.60610748e+02,
    1.62831262e+03, 4.61642242e+02 ]
