%YAML:1.0
---
points: [ 1.65233386e+03, 6.03821899e+02, 1.62651086e+03, 6.04579773e+02,
    1.60086926e+03, 6.05497314e+02, 1.57550281e+03, 6.06434753e+02,
    1.55029846e+03, 6.07251831e+02, 1.65147668e+03, 5.79560669e+02,
    1.62569421e+03, 5.80471985e+02, 1.60026892e+03, 5.81362061e+02,
    1.57474109e+03, 5.82181152e+02, 1.54954626e+03, 5.82950256e+02,
    1.65066846e+03, 5.55240723e+02, 1.62485303e+03, 5.56134888e+02,
    1.59940308e+03, 5.57004333e+02, 1.57401038e+03, 5.58057068e+02,
    1.54877783e+03, 5.58980225e+02, 1.64994897e+03, 5.30771057e+02,
    1.62417163e+03, 5.31851013e+02, 1.59867468e+03, 5.32793579e+02,
    1.57344385e+03, 5.33742676e+02, 1.54831299e+03, 5.34681335e+02,
    1.64942932e+03, 5.06454987e+02, 1.62350793e+03, 5.07465240e+02,
    1.59800854e+03, 5.08410950e+02, 1.57267444e+03, 5.09412354e+02,
    1.54769238e+03, 5.10512512e+02, 1.64896130e+03, 4.81902069e+02,
    1.62297693e+03, 4.83009857e+02, 1.59743726e+03, 4.84094910e+02,
    1.57214343e+03, 4.85308807e+02, 1.54722290e+03, 4.86395233e+02,
    1.64845276e+03, 4.57464508e+02, 1.62262732e+03, 4.58701141e+02,
    1.59715698e+03, 4.59816956e+02, 1.57176526e+03, 4.60903168e+02,
    1.54676733e+03, 4.61960785e+02 ]
