%YAML:1.0
---
points: [ 1.60239526e+03, 6.03418884e+02, 1.57685815e+03, 6.04294739e+02,
    1.55161951e+03, 6.05236023e+02, 1.52641541e+03, 6.06208740e+02,
    1.50127466e+03, 6.07064026e+02, 1.60165649e+03, 5.79311279e+02,
    1.57591479e+03, 5.80292175e+02, 1.55056616e+03, 5.81216919e+02,
    1.52548816e+03, 5.82010315e+02, 1.50049939e+03, 5.82833313e+02,
    1.60078711e+03, 5.55050171e+02, 1.57523730e+03, 5.55918701e+02,
    1.54973877e+03, 5.56900513e+02, 1.52460999e+03, 5.57969177e+02,
    1.49972986e+03, 5.58939697e+02, 1.60023547e+03, 5.30638855e+02,
    1.57447656e+03, 5.31756653e+02, 1.54902209e+03, 5.32793335e+02,
    1.52383838e+03, 5.33777832e+02, 1.49897498e+03, 5.34781921e+02,
    1.59950269e+03, 5.06379822e+02, 1.57375757e+03, 5.07478760e+02,
    1.54843774e+03, 5.08482025e+02, 1.52322766e+03, 5.09549622e+02,
    1.49827234e+03, 5.10656067e+02, 1.59887183e+03, 4.81926086e+02,
    1.57321362e+03, 4.83111389e+02, 1.54788245e+03, 4.84290466e+02,
    1.52258826e+03, 4.85478760e+02, 1.49763867e+03, 4.86551941e+02,
    1.59832886e+03, 4.57587708e+02, 1.57270251e+03, 4.58800049e+02,
    1.54744690e+03, 4.60098999e+02, 1.52216650e+03, 4.61213318e+02,
    1.49713452e+03, 4.62312439e+02 ]
