%YAML:1.0
---
points: [ 1.57517151e+03, 6.03450989e+02, 1.54948254e+03, 6.04393799e+02,
    1.52424597e+03, 6.05355957e+02, 1.49898352e+03, 6.06362061e+02,
    1.47406140e+03, 6.07278259e+02, 1.57434680e+03, 5.79348816e+02,
    1.54854712e+03, 5.80333435e+02, 1.52330444e+03, 5.81288818e+02,
    1.49803723e+03, 5.82222229e+02, 1.47321240e+03, 5.83102112e+02,
    1.57350720e+03, 5.55052979e+02, 1.54784937e+03, 5.56033142e+02,
    1.52241431e+03, 5.56975281e+02, 1.49719995e+03, 5.58144775e+02,
    1.47226233e+03, 5.59150146e+02, 1.57262231e+03, 5.30647034e+02,
    1.54708215e+03, 5.31782227e+02, 1.52167932e+03, 5.32862549e+02,
    1.49641138e+03, 5.33895264e+02, 1.47138501e+03, 5.35021606e+02,
    1.57185559e+03, 5.06420166e+02, 1.54631763e+03, 5.07480469e+02,
    1.52099402e+03, 5.08544647e+02, 1.49564612e+03, 5.09673798e+02,
    1.47071106e+03, 5.10795990e+02, 1.57129553e+03, 4.81905426e+02,
    1.54552783e+03, 4.83092957e+02, 1.52031628e+03, 4.84310303e+02,
    1.49509924e+03, 4.85570282e+02, 1.47005383e+03, 4.86678619e+02,
    1.57059460e+03, 4.57518402e+02, 1.54511670e+03, 4.58842377e+02,
    1.51971411e+03, 4.60122864e+02, 1.49459509e+03, 4.61326752e+02,
    1.46953699e+03, 4.62443665e+02 ]
