%YAML:1.0
---
points: [ 1.54013318e+03, 6.03551147e+02, 1.51460168e+03, 6.04529968e+02,
    1.48935461e+03, 6.05539917e+02, 1.46403625e+03, 6.06506226e+02,
    1.43894617e+03, 6.07446594e+02, 1.53929517e+03, 5.79427979e+02,
    1.51351489e+03, 5.80434265e+02, 1.48830383e+03, 5.81381409e+02,
    1.46304773e+03, 5.82330261e+02, 1.43805835e+03, 5.83279480e+02,
    1.53831689e+03, 5.55104309e+02, 1.51259155e+03, 5.56135925e+02,
    1.48728735e+03, 5.57189514e+02, 1.46220837e+03, 5.58344238e+02,
    1.43727441e+03, 5.59356812e+02, 1.53752930e+03, 5.30665100e+02,
    1.51178271e+03, 5.31902588e+02, 1.48641956e+03, 5.33052429e+02,
    1.46125195e+03, 5.34059692e+02, 1.43640601e+03, 5.35168152e+02,
    1.53675952e+03, 5.06404968e+02, 1.51108020e+03, 5.07523560e+02,
    1.48564197e+03, 5.08654541e+02, 1.46042419e+03, 5.09836212e+02,
    1.43555200e+03, 5.11051788e+02, 1.53611841e+03, 4.81917480e+02,
    1.51033740e+03, 4.83177124e+02, 1.48492810e+03, 4.84414673e+02,
    1.45965576e+03, 4.85696106e+02, 1.43470667e+03, 4.86854523e+02,
    1.53531921e+03, 4.57517090e+02, 1.50977954e+03, 4.58822388e+02,
    1.48443103e+03, 4.60229431e+02, 1.45914990e+03, 4.61424255e+02,
    1.43418579e+03, 4.62607269e+02 ]
