%YAML:1.0
---
points: [ 1.50621936e+03, 6.03539734e+02, 1.48053369e+03, 6.04487854e+02,
    1.45523901e+03, 6.05523010e+02, 1.43005591e+03, 6.06526428e+02,
    1.40521912e+03, 6.07426758e+02, 1.50530737e+03, 5.79393555e+02,
    1.47959021e+03, 5.80422241e+02, 1.45430005e+03, 5.81371582e+02,
    1.42898315e+03, 5.82337524e+02, 1.40419226e+03, 5.83321472e+02,
    1.50433826e+03, 5.55080505e+02, 1.47864722e+03, 5.56118042e+02,
    1.45328821e+03, 5.57165466e+02, 1.42815295e+03, 5.58332520e+02,
    1.40318848e+03, 5.59360168e+02, 1.50333484e+03, 5.30636658e+02,
    1.47775378e+03, 5.31847656e+02, 1.45250317e+03, 5.33030518e+02,
    1.42731580e+03, 5.34089294e+02, 1.40230750e+03, 5.35224487e+02,
    1.50247827e+03, 5.06389130e+02, 1.47671570e+03, 5.07503998e+02,
    1.45156165e+03, 5.08668304e+02, 1.42643604e+03, 5.09805634e+02,
    1.40147803e+03, 5.11143280e+02, 1.50163025e+03, 4.81809448e+02,
    1.47610156e+03, 4.83125946e+02, 1.45072314e+03, 4.84463867e+02,
    1.42566370e+03, 4.85704834e+02, 1.40070923e+03, 4.86892273e+02,
    1.50109167e+03, 4.57432068e+02, 1.47544580e+03, 4.58840698e+02,
    1.45011609e+03, 4.60240479e+02, 1.42484546e+03, 4.61484222e+02,
    1.40011743e+03, 4.62664795e+02 ]
