%YAML:1.0
---
points: [ 1.41820435e+03, 6.03457092e+02, 1.39300708e+03, 6.04369385e+02,
    1.36817590e+03, 6.05312500e+02, 1.34326428e+03, 6.06305603e+02,
    1.31848303e+03, 6.07185730e+02, 1.41737366e+03, 5.79397400e+02,
    1.39202356e+03, 5.80388855e+02, 1.36707666e+03, 5.81304504e+02,
    1.34225989e+03, 5.82185547e+02, 1.31759143e+03, 5.83083740e+02,
    1.41640576e+03, 5.55176514e+02, 1.39107324e+03, 5.56116211e+02,
    1.36600366e+03, 5.57148193e+02, 1.34135095e+03, 5.58265076e+02,
    1.31660474e+03, 5.59278992e+02, 1.41557007e+03, 5.30739624e+02,
    1.39028223e+03, 5.32017639e+02, 1.36523132e+03, 5.33117981e+02,
    1.34032776e+03, 5.34118958e+02, 1.31586060e+03, 5.35137390e+02,
    1.41462769e+03, 5.06621552e+02, 1.38938611e+03, 5.07685730e+02,
    1.36437903e+03, 5.08727356e+02, 1.33943481e+03, 5.09837128e+02,
    1.31497510e+03, 5.11144409e+02, 1.41376184e+03, 4.82243500e+02,
    1.38857458e+03, 4.83396210e+02, 1.36359387e+03, 4.84689362e+02,
    1.33860022e+03, 4.85848328e+02, 1.31413879e+03, 4.87024048e+02,
    1.41305835e+03, 4.57959564e+02, 1.38772119e+03, 4.59297211e+02,
    1.36283911e+03, 4.60487823e+02, 1.33804639e+03, 4.61647430e+02,
    1.31334351e+03, 4.62802673e+02 ]
