%YAML:1.0
---
points: [ 1.36903296e+03, 6.03506165e+02, 1.34395300e+03, 6.04397156e+02,
    1.31926416e+03, 6.05383362e+02, 1.29472424e+03, 6.06322693e+02,
    1.27028271e+03, 6.07221130e+02, 1.36817468e+03, 5.79502075e+02,
    1.34312964e+03, 5.80461182e+02, 1.31825720e+03, 5.81338928e+02,
    1.29372534e+03, 5.82264160e+02, 1.26942859e+03, 5.83151062e+02,
    1.36706287e+03, 5.55304932e+02, 1.34209521e+03, 5.56218384e+02,
    1.31732642e+03, 5.57258850e+02, 1.29269141e+03, 5.58400635e+02,
    1.26847058e+03, 5.59332458e+02, 1.36614685e+03, 5.31091553e+02,
    1.34128613e+03, 5.32292969e+02, 1.31652136e+03, 5.33355286e+02,
    1.29176416e+03, 5.34298584e+02, 1.26756128e+03, 5.35296936e+02,
    1.36533167e+03, 5.06897217e+02, 1.34026562e+03, 5.08037994e+02,
    1.31561047e+03, 5.09025238e+02, 1.29106763e+03, 5.10146729e+02,
    1.26656262e+03, 5.11376801e+02, 1.36447327e+03, 4.82587097e+02,
    1.33945886e+03, 4.83710480e+02, 1.31480005e+03, 4.85092560e+02,
    1.29026160e+03, 4.86251617e+02, 1.26574963e+03, 4.87274811e+02,
    1.36371082e+03, 4.58503571e+02, 1.33863342e+03, 4.59704407e+02,
    1.31389307e+03, 4.60855804e+02, 1.28947742e+03, 4.62032532e+02,
    1.26497424e+03, 4.63265778e+02 ]
