%YAML:1.0
---
points: [ 1.32319092e+03, 6.03704956e+02, 1.29828979e+03, 6.04536011e+02,
    1.27377319e+03, 6.05473572e+02, 1.24931335e+03, 6.06407776e+02,
    1.22497949e+03, 6.07261292e+02, 1.32226416e+03, 5.79682251e+02,
    1.29733240e+03, 5.80604797e+02, 1.27282410e+03, 5.81466919e+02,
    1.24840771e+03, 5.82347351e+02, 1.22410364e+03, 5.83235352e+02,
    1.32142358e+03, 5.55507202e+02, 1.29642334e+03, 5.56444580e+02,
    1.27176343e+03, 5.57446716e+02, 1.24753540e+03, 5.58516663e+02,
    1.22321729e+03, 5.59419983e+02, 1.32047583e+03, 5.31408936e+02,
    1.29556445e+03, 5.32480225e+02, 1.27098779e+03, 5.33485657e+02,
    1.24651770e+03, 5.34403442e+02, 1.22234985e+03, 5.35384277e+02,
    1.31963196e+03, 5.07240540e+02, 1.29478613e+03, 5.08271454e+02,
    1.27013843e+03, 5.09280426e+02, 1.24557996e+03, 5.10365906e+02,
    1.22146899e+03, 5.11466644e+02, 1.31868652e+03, 4.82895355e+02,
    1.29390869e+03, 4.84147888e+02, 1.26936682e+03, 4.85346436e+02,
    1.24470996e+03, 4.86420105e+02, 1.22062341e+03, 4.87380859e+02,
    1.31801392e+03, 4.58775177e+02, 1.29307581e+03, 4.60028534e+02,
    1.26855115e+03, 4.61183289e+02, 1.24410876e+03, 4.62251801e+02,
    1.21976978e+03, 4.63406677e+02 ]
