%YAML:1.0
---
points: [ 1.27837891e+03, 6.04034302e+02, 1.25360181e+03, 6.04829529e+02,
    1.22910608e+03, 6.05740845e+02, 1.20473889e+03, 6.06681885e+02,
    1.18053735e+03, 6.07516724e+02, 1.27743408e+03, 5.80040283e+02,
    1.25271667e+03, 5.80884399e+02, 1.22821130e+03, 5.81742920e+02,
    1.20376074e+03, 5.82580688e+02, 1.17968274e+03, 5.83521973e+02,
    1.27643372e+03, 5.55734436e+02, 1.25175476e+03, 5.56722534e+02,
    1.22736218e+03, 5.57690125e+02, 1.20281921e+03, 5.58774048e+02,
    1.17876917e+03, 5.59659363e+02, 1.27557263e+03, 5.31688416e+02,
    1.25081323e+03, 5.32671875e+02, 1.22647852e+03, 5.33673218e+02,
    1.20204871e+03, 5.34595154e+02, 1.17779822e+03, 5.35621521e+02,
    1.27471301e+03, 5.07445282e+02, 1.24994482e+03, 5.08459320e+02,
    1.22557495e+03, 5.09453644e+02, 1.20118970e+03, 5.10585876e+02,
    1.17685925e+03, 5.11632477e+02, 1.27406458e+03, 4.83117859e+02,
    1.24922986e+03, 4.84323334e+02, 1.22460596e+03, 4.85494659e+02,
    1.20035730e+03, 4.86540100e+02, 1.17601062e+03, 4.87496704e+02,
    1.27324280e+03, 4.58942627e+02, 1.24844446e+03, 4.60167572e+02,
    1.22380151e+03, 4.61309723e+02, 1.19950464e+03, 4.62334991e+02,
    1.17527307e+03, 4.63465576e+02 ]
