%YAML:1.0
---
points: [ 1.23364758e+03, 6.03921021e+02, 1.20909546e+03, 6.04756531e+02,
    1.18483667e+03, 6.05685303e+02, 1.16045227e+03, 6.06639099e+02,
    1.13648743e+03, 6.07499756e+02, 1.23273987e+03, 5.79858643e+02,
    1.20815820e+03, 5.80816040e+02, 1.18386475e+03, 5.81711548e+02,
    1.15954004e+03, 5.82553345e+02, 1.13546851e+03, 5.83486877e+02,
    1.23187085e+03, 5.55709167e+02, 1.20726428e+03, 5.56703369e+02,
    1.18279358e+03, 5.57656555e+02, 1.15863257e+03, 5.58725098e+02,
    1.13449683e+03, 5.59606934e+02, 1.23093176e+03, 5.31653259e+02,
    1.20639209e+03, 5.32648743e+02, 1.18188452e+03, 5.33650635e+02,
    1.15773108e+03, 5.34559509e+02, 1.13354175e+03, 5.35565979e+02,
    1.22989685e+03, 5.07400024e+02, 1.20545032e+03, 5.08414124e+02,
    1.18100024e+03, 5.09428741e+02, 1.15669519e+03, 5.10557190e+02,
    1.13264844e+03, 5.11636230e+02, 1.22909546e+03, 4.83063995e+02,
    1.20450500e+03, 4.84289886e+02, 1.18022803e+03, 4.85446655e+02,
    1.15573779e+03, 4.86511963e+02, 1.13178174e+03, 4.87496796e+02,
    1.22826648e+03, 4.58951874e+02, 1.20358765e+03, 4.60149139e+02,
    1.17930750e+03, 4.61276520e+02, 1.15489734e+03, 4.62348816e+02,
    1.13084827e+03, 4.63517517e+02 ]
