%YAML:1.0
---
points: [ 1.16067493e+03, 6.03996033e+02, 1.13645422e+03, 6.04835815e+02,
    1.11217480e+03, 6.05753235e+02, 1.08793433e+03, 6.06731323e+02,
    1.06414355e+03, 6.07575562e+02, 1.15974780e+03, 5.79966614e+02,
    1.13535425e+03, 5.80838318e+02, 1.11128516e+03, 5.81753784e+02,
    1.08702063e+03, 5.82641052e+02, 1.06320667e+03, 5.83621338e+02,
    1.15879675e+03, 5.55722717e+02, 1.13436731e+03, 5.56721558e+02,
    1.11032605e+03, 5.57688599e+02, 1.08615002e+03, 5.58784668e+02,
    1.06214001e+03, 5.59670288e+02, 1.15787427e+03, 5.31742004e+02,
    1.13343237e+03, 5.32680420e+02, 1.10933179e+03, 5.33699097e+02,
    1.08519727e+03, 5.34581909e+02, 1.06113135e+03, 5.35639099e+02,
    1.15693652e+03, 5.07434509e+02, 1.13251929e+03, 5.08453766e+02,
    1.10827063e+03, 5.09463989e+02, 1.08428479e+03, 5.10613434e+02,
    1.06013782e+03, 5.11652313e+02, 1.15588977e+03, 4.83123505e+02,
    1.13158081e+03, 4.84322754e+02, 1.10735449e+03, 4.85495636e+02,
    1.08315405e+03, 4.86521088e+02, 1.05922351e+03, 4.87509399e+02,
    1.15494238e+03, 4.59089447e+02, 1.13058081e+03, 4.60202240e+02,
    1.10639380e+03, 4.61308655e+02, 1.08218152e+03, 4.62407654e+02,
    1.05824634e+03, 4.63555389e+02 ]
