%YAML:1.0
---
points: [ 1.09936279e+03, 6.04067932e+02, 1.07504358e+03, 6.04919739e+02,
    1.05088916e+03, 6.05832336e+02, 1.02699866e+03, 6.06747925e+02,
    1.00300201e+03, 6.07603516e+02, 1.09836487e+03, 5.80041870e+02,
    1.07422217e+03, 5.80888733e+02, 1.05001013e+03, 5.81791260e+02,
    1.02603406e+03, 5.82635315e+02, 1.00215411e+03, 5.83625854e+02,
    1.09733521e+03, 5.55759583e+02, 1.07327539e+03, 5.56728333e+02,
    1.04911121e+03, 5.57720154e+02, 1.02500745e+03, 5.58804688e+02,
    1.00115784e+03, 5.59673279e+02, 1.09639722e+03, 5.31726318e+02,
    1.07214136e+03, 5.32719910e+02, 1.04820447e+03, 5.33712830e+02,
    1.02396533e+03, 5.34615784e+02, 1.00020703e+03, 5.35609741e+02,
    1.09543713e+03, 5.07469727e+02, 1.07106030e+03, 5.08475494e+02,
    1.04717883e+03, 5.09466064e+02, 1.02294409e+03, 5.10641418e+02,
    9.99163757e+02, 5.11652618e+02, 1.09447827e+03, 4.83181976e+02,
    1.07012402e+03, 4.84366394e+02, 1.04598560e+03, 4.85539368e+02,
    1.02207172e+03, 4.86539764e+02, 9.97982727e+02, 4.87530823e+02,
    1.09341345e+03, 4.59134644e+02, 1.06925964e+03, 4.60210541e+02,
    1.04499585e+03, 4.61327209e+02, 1.02117224e+03, 4.62395905e+02,
    9.97073914e+02, 4.63530914e+02 ]
