%YAML:1.0
---
points: [ 1.03054138e+03, 6.04224487e+02, 1.00643579e+03, 6.05152710e+02,
    9.82437073e+02, 6.06122681e+02, 9.58609436e+02, 6.06952148e+02,
    9.34777893e+02, 6.07800049e+02, 1.02947437e+03, 5.80207886e+02,
    1.00550739e+03, 5.81109741e+02, 9.81439575e+02, 5.81935364e+02,
    9.57622803e+02, 5.82796509e+02, 9.33743774e+02, 5.83766907e+02,
    1.02855457e+03, 5.55874390e+02, 1.00446082e+03, 5.56849487e+02,
    9.80479248e+02, 5.57925842e+02, 9.56535889e+02, 5.58974792e+02,
    9.32761108e+02, 5.59877075e+02, 1.02758496e+03, 5.31784485e+02,
    1.00336768e+03, 5.32794678e+02, 9.79486633e+02, 5.33795898e+02,
    9.55460266e+02, 5.34751648e+02, 9.31730286e+02, 5.35819458e+02,
    1.02656348e+03, 5.07535309e+02, 1.00232507e+03, 5.08583008e+02,
    9.78451843e+02, 5.09581512e+02, 9.54420959e+02, 5.10792450e+02,
    9.30689697e+02, 5.11791138e+02, 1.02547070e+03, 4.83218658e+02,
    1.00131653e+03, 4.84439941e+02, 9.77322144e+02, 4.85637726e+02,
    9.53400940e+02, 4.86651581e+02, 9.29438721e+02, 4.87702576e+02,
    1.02430237e+03, 4.59211945e+02, 1.00030096e+03, 4.60253906e+02,
    9.76128540e+02, 4.61406311e+02, 9.52339172e+02, 4.62525513e+02,
    9.28377563e+02, 4.63703674e+02 ]
