%YAML:1.0
---
points: [ 9.61272583e+02, 6.04074219e+02, 9.37457825e+02, 6.04854553e+02,
    9.13638611e+02, 6.05793030e+02, 8.90087708e+02, 6.06747925e+02,
    8.66379944e+02, 6.07567627e+02, 9.60330750e+02, 5.80118652e+02,
    9.36511414e+02, 5.80951782e+02, 9.12674622e+02, 5.81844299e+02,
    8.89083862e+02, 5.82679382e+02, 8.65416931e+02, 5.83647583e+02,
    9.59366699e+02, 5.55827209e+02, 9.35434143e+02, 5.56818115e+02,
    9.11720825e+02, 5.57853516e+02, 8.87895020e+02, 5.58921997e+02,
    8.64403442e+02, 5.59793152e+02, 9.58374390e+02, 5.31931458e+02,
    9.34377258e+02, 5.32879700e+02, 9.10720093e+02, 5.33825745e+02,
    8.86875244e+02, 5.34752991e+02, 8.63409180e+02, 5.35778687e+02,
    9.57325806e+02, 5.07592133e+02, 9.33315674e+02, 5.08656616e+02,
    9.09610596e+02, 5.09667694e+02, 8.85790466e+02, 5.10867126e+02,
    8.62176880e+02, 5.11892914e+02, 9.56193054e+02, 4.83389160e+02,
    9.32316589e+02, 4.84589722e+02, 9.08439026e+02, 4.85776459e+02,
    8.84802856e+02, 4.86778870e+02, 8.60968262e+02, 4.87839325e+02,
    9.55016785e+02, 4.59416260e+02, 9.31198120e+02, 4.60508331e+02,
    9.07317932e+02, 4.61571106e+02, 8.83560730e+02, 4.62750214e+02,
    8.59853271e+02, 4.63906006e+02 ]
