%YAML:1.0
---
points: [ 9.10122559e+02, 6.04173523e+02, 8.86345642e+02, 6.04959778e+02,
    8.62792908e+02, 6.05859497e+02, 8.39184753e+02, 6.06730896e+02,
    8.15817932e+02, 6.07546082e+02, 9.09081116e+02, 5.80180054e+02,
    8.85442200e+02, 5.81044861e+02, 8.61743225e+02, 5.81849121e+02,
    8.38300903e+02, 5.82668274e+02, 8.14737122e+02, 5.83584412e+02,
    9.08091492e+02, 5.55980957e+02, 8.84514771e+02, 5.56908569e+02,
    8.60776306e+02, 5.57867065e+02, 8.37372253e+02, 5.58926392e+02,
    8.13713318e+02, 5.59784241e+02, 9.07198608e+02, 5.31953430e+02,
    8.83465332e+02, 5.32948364e+02, 8.59791260e+02, 5.33888184e+02,
    8.36286743e+02, 5.34774231e+02, 8.12607788e+02, 5.35790527e+02,
    9.06178528e+02, 5.07675568e+02, 8.82289124e+02, 5.08695679e+02,
    8.58780579e+02, 5.09701416e+02, 8.35091675e+02, 5.10882355e+02,
    8.11623535e+02, 5.11873566e+02, 9.05155273e+02, 4.83463867e+02,
    8.81217590e+02, 4.84594391e+02, 8.57678162e+02, 4.85804871e+02,
    8.33937256e+02, 4.86805359e+02, 8.10512634e+02, 4.87786072e+02,
    9.03860291e+02, 4.59463409e+02, 8.80139099e+02, 4.60541046e+02,
    8.56445251e+02, 4.61587677e+02, 8.32753540e+02, 4.62747040e+02,
    8.09134888e+02, 4.63882080e+02 ]
