%YAML:1.0
---
points: [ 8.28432861e+02, 6.04137512e+02, 8.04865662e+02, 6.04949890e+02,
    7.81368347e+02, 6.05829468e+02, 7.57898254e+02, 6.06701782e+02,
    7.34395203e+02, 6.07511719e+02, 8.27569885e+02, 5.80223694e+02,
    8.03879333e+02, 5.81054871e+02, 7.80539795e+02, 5.81805298e+02,
    7.57033508e+02, 5.82620850e+02, 7.33544678e+02, 5.83513428e+02,
    8.26645752e+02, 5.56086487e+02, 8.02970215e+02, 5.56956360e+02,
    7.79603699e+02, 5.57875488e+02, 7.55950684e+02, 5.58836182e+02,
    7.32589294e+02, 5.59703430e+02, 8.25566101e+02, 5.32106079e+02,
    8.02033081e+02, 5.32990845e+02, 7.78542786e+02, 5.33898010e+02,
    7.54951843e+02, 5.34731140e+02, 7.31516418e+02, 5.35710510e+02,
    8.24474731e+02, 5.07789398e+02, 8.01009033e+02, 5.08777985e+02,
    7.77407471e+02, 5.09713440e+02, 7.53856934e+02, 5.10871368e+02,
    7.30298340e+02, 5.11790222e+02, 8.23418396e+02, 4.83600983e+02,
    7.99818054e+02, 4.84688477e+02, 7.76279602e+02, 4.85807495e+02,
    7.52793518e+02, 4.86775757e+02, 7.29124207e+02, 4.87691589e+02,
    8.22294250e+02, 4.59586304e+02, 7.98489685e+02, 4.60634766e+02,
    7.75057251e+02, 4.61622162e+02, 7.51433655e+02, 4.62706848e+02,
    7.27885071e+02, 4.63765228e+02 ]
