%YAML:1.0
---
points: [ 7.72699951e+02, 6.04167786e+02, 7.49185608e+02, 6.04990356e+02,
    7.25799927e+02, 6.05854431e+02, 7.02301392e+02, 6.06685486e+02,
    6.79068787e+02, 6.07477600e+02, 7.71604736e+02, 5.80196594e+02,
    7.48302246e+02, 5.80998840e+02, 7.24741028e+02, 5.81822083e+02,
    7.01426636e+02, 5.82603027e+02, 6.78088989e+02, 5.83519592e+02,
    7.70714111e+02, 5.55930786e+02, 7.47386475e+02, 5.56833557e+02,
    7.23834778e+02, 5.57791260e+02, 7.00493042e+02, 5.58734802e+02,
    6.76956970e+02, 5.59641479e+02, 7.69670654e+02, 5.31926575e+02,
    7.46150024e+02, 5.32861633e+02, 7.22770386e+02, 5.33762085e+02,
    6.99302490e+02, 5.34630493e+02, 6.75779724e+02, 5.35568726e+02,
    7.68719788e+02, 5.07612213e+02, 7.45032715e+02, 5.08631348e+02,
    7.21771423e+02, 5.09575287e+02, 6.98148865e+02, 5.10662354e+02,
    6.74738525e+02, 5.11642120e+02, 7.67450623e+02, 4.83382050e+02,
    7.43978699e+02, 4.84512695e+02, 7.20505432e+02, 4.85639160e+02,
    6.97009216e+02, 4.86592529e+02, 6.73507019e+02, 4.87515289e+02,
    7.66154114e+02, 4.59359161e+02, 7.42650391e+02, 4.60388153e+02,
    7.19114563e+02, 4.61450867e+02, 6.95602356e+02, 4.62453461e+02,
    6.72025818e+02, 4.63567871e+02 ]
