%YAML:1.0
---
points: [ 6.76020813e+02, 6.04831055e+02, 6.52547180e+02, 6.05718628e+02,
    6.29011536e+02, 6.06589355e+02, 6.05684753e+02, 6.07447632e+02,
    5.82184631e+02, 6.08259583e+02, 6.75119141e+02, 5.80631226e+02,
    6.51571838e+02, 5.81485168e+02, 6.28223572e+02, 5.82303711e+02,
    6.04735413e+02, 5.83190002e+02, 5.81276123e+02, 5.84144592e+02,
    6.74019836e+02, 5.56229797e+02, 6.50430054e+02, 5.57213379e+02,
    6.27086060e+02, 5.58216309e+02, 6.03487854e+02, 5.59171082e+02,
    5.80075073e+02, 5.60021484e+02, 6.72803284e+02, 5.32041199e+02,
    6.49352478e+02, 5.32979370e+02, 6.25956970e+02, 5.33881531e+02,
    6.02350647e+02, 5.34777222e+02, 5.78831543e+02, 5.35774048e+02,
    6.71618530e+02, 5.07549683e+02, 6.48228027e+02, 5.08508759e+02,
    6.24646240e+02, 5.09487579e+02, 6.01221069e+02, 5.10581818e+02,
    5.77552368e+02, 5.11600769e+02, 6.70350464e+02, 4.83042267e+02,
    6.46873840e+02, 4.84187256e+02, 6.23345764e+02, 4.85346527e+02,
    5.99849670e+02, 4.86362671e+02, 5.76168518e+02, 4.87318512e+02,
    6.68964417e+02, 4.58708466e+02, 6.45292358e+02, 4.59840271e+02,
    6.21869202e+02, 4.60853851e+02, 5.98187317e+02, 4.61995026e+02,
    5.74657898e+02, 4.63033630e+02 ]
