%YAML:1.0
---
points: [ 5.63126282e+02, 6.04759399e+02, 5.39572998e+02, 6.05759216e+02,
    5.16356384e+02, 6.06675293e+02, 4.92904022e+02, 6.07571350e+02,
    4.69813263e+02, 6.08494202e+02, 5.61786926e+02, 5.80585022e+02,
    5.38603271e+02, 5.81475647e+02, 5.15358032e+02, 5.82379822e+02,
    4.91916565e+02, 5.83348572e+02, 4.68645721e+02, 5.84397583e+02,
    5.60716736e+02, 5.56128052e+02, 5.37502441e+02, 5.57094482e+02,
    5.14078491e+02, 5.58246460e+02, 4.90660034e+02, 5.59281067e+02,
    4.67125244e+02, 5.60253967e+02, 5.59480774e+02, 5.31859802e+02,
    5.36112244e+02, 5.32894653e+02, 5.12691284e+02, 5.33867798e+02,
    4.89310547e+02, 5.34919006e+02, 4.65726105e+02, 5.35959229e+02,
    5.58081726e+02, 5.07344757e+02, 5.34527344e+02, 5.08450226e+02,
    5.11323059e+02, 5.09459259e+02, 4.87678925e+02, 5.10630005e+02,
    4.64337769e+02, 5.11733856e+02, 5.56474121e+02, 4.82801453e+02,
    5.33045044e+02, 4.83972595e+02, 5.09696930e+02, 4.85237427e+02,
    4.86214935e+02, 4.86358093e+02, 4.62657104e+02, 4.87372437e+02,
    5.54804077e+02, 4.58506866e+02, 5.31474854e+02, 4.59639130e+02,
    5.07898163e+02, 4.60754791e+02, 4.84568115e+02, 4.61916931e+02,
    4.60847595e+02, 4.63126251e+02 ]
