%YAML:1.0
---
points: [ 5.05363892e+02, 6.04587585e+02, 4.81810883e+02, 6.05551208e+02,
    4.58579926e+02, 6.06485840e+02, 4.35142609e+02, 6.07438660e+02,
    4.11826569e+02, 6.08247620e+02, 5.04131531e+02, 5.80468079e+02,
    4.80749207e+02, 5.81320679e+02, 4.57485779e+02, 5.82224792e+02,
    4.33973816e+02, 5.83079651e+02, 4.10680908e+02, 5.84092651e+02,
    5.02884430e+02, 5.55962769e+02, 4.79699982e+02, 5.57000122e+02,
    4.56260986e+02, 5.58127991e+02, 4.32916321e+02, 5.58986206e+02,
    4.09388824e+02, 5.59923706e+02, 5.01720123e+02, 5.31744812e+02,
    4.78403351e+02, 5.32762024e+02, 4.55049072e+02, 5.33743713e+02,
    4.31673920e+02, 5.34685791e+02, 4.07976776e+02, 5.35681091e+02,
    5.00471619e+02, 5.07325348e+02, 4.76895813e+02, 5.08349640e+02,
    4.53672943e+02, 5.09322662e+02, 4.30112976e+02, 5.10415497e+02,
    4.06591370e+02, 5.11509033e+02, 4.98795593e+02, 4.82804443e+02,
    4.75487152e+02, 4.83896515e+02, 4.52175140e+02, 4.85110779e+02,
    4.28502625e+02, 4.86202087e+02, 4.05071472e+02, 4.87193115e+02,
    4.97289612e+02, 4.58573639e+02, 4.73781433e+02, 4.59638214e+02,
    4.50287384e+02, 4.60671570e+02, 4.26873383e+02, 4.61797913e+02,
    4.03188660e+02, 4.62849213e+02 ]
