%YAML:1.0
---
points: [ 4.37099304e+02, 6.04852539e+02, 4.13631042e+02, 6.05806396e+02,
    3.90477814e+02, 6.06610779e+02, 3.67167725e+02, 6.07480896e+02,
    3.43996735e+02, 6.08231079e+02, 4.36020142e+02, 5.80613342e+02,
    4.12783844e+02, 5.81455261e+02, 3.89633423e+02, 5.82293701e+02,
    3.66096405e+02, 5.83141846e+02, 3.42910675e+02, 5.83998962e+02,
    4.34954865e+02, 5.56159302e+02, 4.11764221e+02, 5.57072815e+02,
    3.88366180e+02, 5.58032104e+02, 3.65085541e+02, 5.58990967e+02,
    3.41698700e+02, 5.59795837e+02, 4.33723785e+02, 5.31889160e+02,
    4.10583893e+02, 5.32763550e+02, 3.87280060e+02, 5.33665771e+02,
    3.63947723e+02, 5.34554382e+02, 3.40416504e+02, 5.35513123e+02,
    4.32565216e+02, 5.07334473e+02, 4.09254181e+02, 5.08301056e+02,
    3.86041931e+02, 5.09230042e+02, 3.62527405e+02, 5.10161804e+02,
    3.39062958e+02, 5.11246704e+02, 4.31272858e+02, 4.82746155e+02,
    4.07838623e+02, 4.83767212e+02, 3.84626038e+02, 4.84893127e+02,
    3.61070587e+02, 4.85927887e+02, 3.37617462e+02, 4.86852631e+02,
    4.29577332e+02, 4.58463104e+02, 4.06340302e+02, 4.59463318e+02,
    3.82811096e+02, 4.60500702e+02, 3.59490997e+02, 4.61489471e+02,
    3.35872620e+02, 4.62482117e+02 ]
