%YAML:1.0
---
points: [ 3.85095123e+02, 6.05169922e+02, 3.61734650e+02, 6.05985718e+02,
    3.38814178e+02, 6.06700928e+02, 3.15712006e+02, 6.07500366e+02,
    2.92508484e+02, 6.08270447e+02, 3.84244843e+02, 5.80766602e+02,
    3.61004669e+02, 5.81584473e+02, 3.38015289e+02, 5.82369324e+02,
    3.14690125e+02, 5.83218994e+02, 2.91618256e+02, 5.84063232e+02,
    3.83057037e+02, 5.56337097e+02, 3.59985809e+02, 5.57221069e+02,
    3.37034882e+02, 5.58171570e+02, 3.13656097e+02, 5.59029968e+02,
    2.90603638e+02, 5.59824951e+02, 3.81837128e+02, 5.32011108e+02,
    3.58976868e+02, 5.32854675e+02, 3.35674805e+02, 5.33738037e+02,
    3.12518036e+02, 5.34616150e+02, 2.89336792e+02, 5.35501343e+02,
    3.80785675e+02, 5.07499969e+02, 3.57592285e+02, 5.08423401e+02,
    3.34422516e+02, 5.09288757e+02, 3.11308258e+02, 5.10265350e+02,
    2.87837555e+02, 5.11287994e+02, 3.79518036e+02, 4.82908905e+02,
    3.56113190e+02, 4.83873749e+02, 3.33138184e+02, 4.85021271e+02,
    3.09792633e+02, 4.85986176e+02, 2.86420471e+02, 4.86889587e+02,
    3.77915375e+02, 4.58566742e+02, 3.54545258e+02, 4.59584564e+02,
    3.31446533e+02, 4.60549713e+02, 3.08113922e+02, 4.61558929e+02,
    2.84886810e+02, 4.62507996e+02 ]
