%YAML:1.0
---
points: [ 3.25384918e+02, 6.05724609e+02, 3.02354889e+02, 6.06473755e+02,
    2.79508759e+02, 6.07172852e+02, 2.56551544e+02, 6.07836548e+02,
    2.33733536e+02, 6.08525696e+02, 3.24305267e+02, 5.81222351e+02,
    3.01535492e+02, 5.81942322e+02, 2.78648865e+02, 5.82628845e+02,
    2.55551941e+02, 5.83443359e+02, 2.32781342e+02, 5.84286499e+02,
    3.23302002e+02, 5.56591064e+02, 3.00594086e+02, 5.57394043e+02,
    2.77512573e+02, 5.58353271e+02, 2.54590652e+02, 5.59191711e+02,
    2.31734055e+02, 5.59901917e+02, 3.22330170e+02, 5.32087769e+02,
    2.99258026e+02, 5.32949890e+02, 2.76452454e+02, 5.33784668e+02,
    2.53534424e+02, 5.34614990e+02, 2.30366577e+02, 5.35507935e+02,
    3.21061584e+02, 5.07458557e+02, 2.97889740e+02, 5.08390594e+02,
    2.75217468e+02, 5.09225494e+02, 2.52093231e+02, 5.10120453e+02,
    2.28972687e+02, 5.11169250e+02, 3.19471039e+02, 4.82665863e+02,
    2.96594025e+02, 4.83671356e+02, 2.73687042e+02, 4.84796661e+02,
    2.50542572e+02, 4.85727264e+02, 2.27522141e+02, 4.86643311e+02,
    3.17928131e+02, 4.58287170e+02, 2.94939087e+02, 4.59262787e+02,
    2.72033997e+02, 4.60295502e+02, 2.48881714e+02, 4.61235046e+02,
    2.25712479e+02, 4.62122894e+02 ]
