%YAML:1.0
---
points: [ 2.75326233e+02, 6.06185364e+02, 2.52443130e+02, 6.06787720e+02,
    2.29667068e+02, 6.07524658e+02, 2.06802246e+02, 6.08267639e+02,
    1.84373611e+02, 6.08910339e+02, 2.74275879e+02, 5.81432922e+02,
    2.51425690e+02, 5.82235413e+02, 2.28621338e+02, 5.82963318e+02,
    2.06004929e+02, 5.83802002e+02, 1.83033478e+02, 5.84687256e+02,
    2.73080078e+02, 5.56780640e+02, 2.50309952e+02, 5.57701172e+02,
    2.27623718e+02, 5.58613953e+02, 2.04719147e+02, 5.59416687e+02,
    1.81819092e+02, 5.60297302e+02, 2.71749634e+02, 5.32293701e+02,
    2.48982193e+02, 5.33189514e+02, 2.26421722e+02, 5.33986084e+02,
    2.03244919e+02, 5.34813660e+02, 1.80522781e+02, 5.35735779e+02,
    2.70421356e+02, 5.07543915e+02, 2.47547073e+02, 5.08438293e+02,
    2.24868607e+02, 5.09318329e+02, 2.01864639e+02, 5.10316437e+02,
    1.79045761e+02, 5.11392670e+02, 2.68848755e+02, 4.82690613e+02,
    2.45861618e+02, 4.83701141e+02, 2.23337463e+02, 4.84945129e+02,
    2.00332626e+02, 4.85838165e+02, 1.77320923e+02, 4.86770355e+02,
    2.67139923e+02, 4.58172852e+02, 2.44280075e+02, 4.59152710e+02,
    2.21511398e+02, 4.60266937e+02, 1.98359665e+02, 4.61231903e+02,
    1.75434830e+02, 4.62249268e+02 ]
