%YAML:1.0
---
points: [ 2.06961258e+02, 6.05522827e+02, 1.84374390e+02, 6.06322754e+02,
    1.61439697e+02, 6.07091187e+02, 1.38872147e+02, 6.07872437e+02,
    1.16238670e+02, 6.08545410e+02, 2.06027603e+02, 5.80954590e+02,
    1.83095078e+02, 5.81710938e+02, 1.60507034e+02, 5.82546692e+02,
    1.37864761e+02, 5.83409241e+02, 1.15037506e+02, 5.84269043e+02,
    2.04900223e+02, 5.56368591e+02, 1.82019943e+02, 5.57271240e+02,
    1.59438782e+02, 5.58189880e+02, 1.36570282e+02, 5.59099670e+02,
    1.13749176e+02, 5.59921997e+02, 2.03406158e+02, 5.31909729e+02,
    1.80791428e+02, 5.32749146e+02, 1.58094849e+02, 5.33726624e+02,
    1.35065826e+02, 5.34562866e+02, 1.12378830e+02, 5.35529053e+02,
    2.01980530e+02, 5.07265076e+02, 1.79418472e+02, 5.08185242e+02,
    1.56395081e+02, 5.09092438e+02, 1.33609558e+02, 5.10032837e+02,
    1.10948822e+02, 5.11108734e+02, 2.00532059e+02, 4.82419861e+02,
    1.77558075e+02, 4.83514435e+02, 1.54870056e+02, 4.84675842e+02,
    1.32175217e+02, 4.85618347e+02, 1.09063835e+02, 4.86665100e+02,
    1.98544739e+02, 4.57966278e+02, 1.75736588e+02, 4.59009308e+02,
    1.53052948e+02, 4.60142975e+02, 1.30124786e+02, 4.61089325e+02,
    1.07221581e+02, 4.62128510e+02 ]
