%YAML:1.0
---
points: [ 1.59675827e+02, 6.05278564e+02, 1.37342163e+02, 6.06082336e+02,
    1.14659401e+02, 6.06840881e+02, 9.23322525e+01, 6.07682373e+02,
    7.01386642e+01, 6.08390869e+02, 1.58525803e+02, 5.80818970e+02,
    1.36069321e+02, 5.81608459e+02, 1.13666138e+02, 5.82437500e+02,
    9.11469955e+01, 5.83303650e+02, 6.88726501e+01, 5.84175598e+02,
    1.57371353e+02, 5.56203796e+02, 1.34758759e+02, 5.57084595e+02,
    1.12527206e+02, 5.58092407e+02, 9.01210632e+01, 5.59033569e+02,
    6.73641281e+01, 5.59874756e+02, 1.55909622e+02, 5.31726624e+02,
    1.33620712e+02, 5.32636902e+02, 1.11291397e+02, 5.33643005e+02,
    8.85571365e+01, 5.34491821e+02, 6.58424911e+01, 5.35399170e+02,
    1.54518021e+02, 5.07116150e+02, 1.32164307e+02, 5.07991943e+02,
    1.09511604e+02, 5.08975891e+02, 8.70743713e+01, 5.09925995e+02,
    6.43276062e+01, 5.11081970e+02, 1.52883087e+02, 4.82315277e+02,
    1.30317993e+02, 4.83491211e+02, 1.07890030e+02, 4.84647736e+02,
    8.54764938e+01, 4.85616150e+02, 6.26080284e+01, 4.86668335e+02,
    1.51079910e+02, 4.57728943e+02, 1.28517929e+02, 4.59032898e+02,
    1.06045883e+02, 4.60130707e+02, 8.33873596e+01, 4.61107605e+02,
    6.06144562e+01, 4.62248962e+02 ]
