%YAML:1.0
---
points: [ 1.44238052e+02, 6.05159302e+02, 1.21858528e+02, 6.05975037e+02,
    9.94940338e+01, 6.06765442e+02, 7.72134705e+01, 6.07644897e+02,
    5.51440926e+01, 6.08371826e+02, 1.43055481e+02, 5.80719055e+02,
    1.20834702e+02, 5.81524475e+02, 9.85107956e+01, 5.82377869e+02,
    7.60284271e+01, 5.83264404e+02, 5.38590431e+01, 5.84078308e+02,
    1.41836853e+02, 5.56143494e+02, 1.19461899e+02, 5.57049377e+02,
    9.72871475e+01, 5.57963196e+02, 7.48795013e+01, 5.58943604e+02,
    5.24318428e+01, 5.59827515e+02, 1.40445908e+02, 5.31696533e+02,
    1.18058929e+02, 5.32667053e+02, 9.58501663e+01, 5.33612610e+02,
    7.34921036e+01, 5.34488647e+02, 5.08017693e+01, 5.35467590e+02,
    1.39024612e+02, 5.07107635e+02, 1.16609474e+02, 5.08044373e+02,
    9.42392578e+01, 5.09044495e+02, 7.17309952e+01, 5.10024963e+02,
    4.92692108e+01, 5.11251007e+02, 1.37479797e+02, 4.82343262e+02,
    1.14795006e+02, 4.83467529e+02, 9.25570831e+01, 4.84652313e+02,
    7.02348709e+01, 4.85695251e+02, 4.75475082e+01, 4.86734924e+02,
    1.35446030e+02, 4.57774078e+02, 1.12925308e+02, 4.59018555e+02,
    9.06600113e+01, 4.60216278e+02, 6.82530594e+01, 4.61207672e+02,
    4.54320946e+01, 4.62322998e+02 ]
