%YAML:1.0
---
points: [ 1.32359100e+02, 6.04959839e+02, 1.09761116e+02, 6.05906860e+02,
    8.75146408e+01, 6.06721008e+02, 6.52944489e+01, 6.07568115e+02,
    4.31860619e+01, 6.08358887e+02, 1.31011902e+02, 5.80683899e+02,
    1.08800774e+02, 5.81447021e+02, 8.65841064e+01, 5.82321472e+02,
    6.41323700e+01, 5.83119019e+02, 4.18155136e+01, 5.84147827e+02,
    1.29710205e+02, 5.56093811e+02, 1.07561951e+02, 5.56992249e+02,
    8.53804626e+01, 5.57932251e+02, 6.28561249e+01, 5.58992737e+02,
    4.02656937e+01, 5.59841614e+02, 1.28481384e+02, 5.31611511e+02,
    1.06133774e+02, 5.32632690e+02, 8.38510513e+01, 5.33548828e+02,
    6.13110390e+01, 5.34510132e+02, 3.88204842e+01, 5.35491699e+02,
    1.27006065e+02, 5.07059082e+02, 1.04540558e+02, 5.08057831e+02,
    8.22355270e+01, 5.09051208e+02, 5.97791367e+01, 5.10076294e+02,
    3.73308296e+01, 5.11289825e+02, 1.25303810e+02, 4.82332062e+02,
    1.02788467e+02, 4.83475067e+02, 8.05815887e+01, 4.84737671e+02,
    5.82212143e+01, 4.85748901e+02, 3.54276505e+01, 4.86848419e+02,
    1.23336899e+02, 4.57886719e+02, 1.01078072e+02, 4.59030487e+02,
    7.86273727e+01, 4.60267731e+02, 5.60373192e+01, 4.61308777e+02,
    3.35663223e+01, 4.62394592e+02 ]
