%YAML:1.0
---
points: [ 1.22107224e+02, 6.04973633e+02, 9.96656113e+01, 6.05902710e+02,
    7.74083023e+01, 6.06685059e+02, 5.52539253e+01, 6.07555115e+02,
    3.30241966e+01, 6.08299438e+02, 1.20883011e+02, 5.80644104e+02,
    9.85746002e+01, 5.81427307e+02, 7.64257278e+01, 5.82319397e+02,
    5.40237427e+01, 5.83188843e+02, 3.17246532e+01, 5.84035217e+02,
    1.19504425e+02, 5.55997375e+02, 9.73980103e+01, 5.57027710e+02,
    7.52342300e+01, 5.58054077e+02, 5.26849251e+01, 5.59002258e+02,
    3.02250271e+01, 5.59832764e+02, 1.18278519e+02, 5.31597656e+02,
    9.60552902e+01, 5.32595703e+02, 7.37084808e+01, 5.33634766e+02,
    5.11884079e+01, 5.34499329e+02, 2.86696472e+01, 5.35508484e+02,
    1.16815025e+02, 5.07107361e+02, 9.44419327e+01, 5.08084625e+02,
    7.21026688e+01, 5.09070831e+02, 4.96778755e+01, 5.10090332e+02,
    2.71723499e+01, 5.11241852e+02, 1.15145302e+02, 4.82400482e+02,
    9.25989761e+01, 4.83457428e+02, 7.05062637e+01, 4.84734039e+02,
    4.80613556e+01, 4.85778656e+02, 2.53642063e+01, 4.86801178e+02,
    1.13197189e+02, 4.57865601e+02, 9.07654495e+01, 4.59100830e+02,
    6.85778732e+01, 4.60323975e+02, 4.59001160e+01, 4.61341492e+02,
    2.33896770e+01, 4.62438446e+02 ]
