%YAML:1.0
---
points: [ 1.17830956e+02, 6.04910461e+02, 9.55712128e+01, 6.05893066e+02,
    7.32470093e+01, 6.06665649e+02, 5.08697205e+01, 6.07577759e+02,
    2.87274075e+01, 6.08317139e+02, 1.16638023e+02, 5.80634705e+02,
    9.43086472e+01, 5.81417908e+02, 7.22010269e+01, 5.82323303e+02,
    4.99108315e+01, 5.83159729e+02, 2.75176373e+01, 5.84041931e+02,
    1.15415260e+02, 5.55991211e+02, 9.31600723e+01, 5.57044006e+02,
    7.08785782e+01, 5.57965637e+02, 4.85985298e+01, 5.58939514e+02,
    2.61676044e+01, 5.59829590e+02, 1.13867233e+02, 5.31649536e+02,
    9.18177643e+01, 5.32648987e+02, 6.95131454e+01, 5.33602966e+02,
    4.70831223e+01, 5.34504028e+02, 2.45126724e+01, 5.35516785e+02,
    1.12429024e+02, 5.07158508e+02, 9.03458328e+01, 5.08070404e+02,
    6.79131775e+01, 5.09031006e+02, 4.54065208e+01, 5.10112885e+02,
    2.30559521e+01, 5.11337921e+02, 1.10823982e+02, 4.82321960e+02,
    8.84807281e+01, 4.83484772e+02, 6.62695389e+01, 4.84774994e+02,
    4.37827568e+01, 4.85811127e+02, 2.13107872e+01, 4.86907196e+02,
    1.08985199e+02, 4.58033417e+02, 8.65512009e+01, 4.59132690e+02,
    6.42190781e+01, 4.60319946e+02, 4.17106628e+01, 4.61375427e+02,
    1.89735527e+01, 4.62452118e+02 ]
