%YAML:1.0
---
points: [ 1.09555992e+02, 6.04893433e+02, 8.72779388e+01, 6.05888428e+02,
    6.50343857e+01, 6.06653076e+02, 4.27479248e+01, 6.07482666e+02,
    2.03540783e+01, 6.08315552e+02, 1.08482452e+02, 5.80581848e+02,
    8.61314545e+01, 5.81379517e+02, 6.39274025e+01, 5.82265442e+02,
    4.15867805e+01, 5.83145203e+02, 1.91455708e+01, 5.84088745e+02,
    1.07239960e+02, 5.56042908e+02, 8.50597916e+01, 5.57007507e+02,
    6.26877594e+01, 5.58006409e+02, 4.02375412e+01, 5.58990540e+02,
    1.78676338e+01, 5.59846375e+02, 1.05833466e+02, 5.31607361e+02,
    8.36185532e+01, 5.32601562e+02, 6.13027000e+01, 5.33626648e+02,
    3.87887001e+01, 5.34524109e+02, 1.64303284e+01, 5.35541199e+02,
    1.04237282e+02, 5.07113861e+02, 8.18444061e+01, 5.08114258e+02,
    5.97069969e+01, 5.09100464e+02, 3.73250618e+01, 5.10121429e+02,
    1.45453873e+01, 5.11351257e+02, 1.02507942e+02, 4.82410736e+02,
    8.03588715e+01, 4.83528198e+02, 5.81022568e+01, 4.84820587e+02,
    3.53738136e+01, 4.85825134e+02, 1.27501831e+01, 4.86935028e+02,
    1.00928505e+02, 4.57996643e+02, 7.83316422e+01, 4.59188721e+02,
    5.58845253e+01, 4.60381348e+02, 3.35031662e+01, 4.61395996e+02,
    1.07767696e+01, 4.62488403e+02 ]
