%YAML:1.0
---
points: [ 1.13637085e+01, 4.59722382e+02, 3.36097755e+01, 4.59835358e+02,
    5.57238579e+01, 4.59953217e+02, 7.77312546e+01, 4.60143463e+02,
    1.00158073e+02, 4.60243164e+02, 1.21542730e+01, 4.83883362e+02,
    3.43898735e+01, 4.84214417e+02, 5.65580559e+01, 4.84357422e+02,
    7.87054520e+01, 4.84623077e+02, 1.00748352e+02, 4.84779419e+02,
    1.26853981e+01, 5.08346649e+02, 3.49178848e+01, 5.08573120e+02,
    5.71289444e+01, 5.08766846e+02, 7.91722031e+01, 5.09039734e+02,
    1.01197090e+02, 5.09263824e+02, 1.31672106e+01, 5.32756165e+02,
    3.52615776e+01, 5.33061707e+02, 5.74253082e+01, 5.33383423e+02,
    7.94693146e+01, 5.33624939e+02, 1.01407234e+02, 5.33895142e+02,
    1.34196911e+01, 5.56884338e+02, 3.54614601e+01, 5.57323181e+02,
    5.76344719e+01, 5.57685547e+02, 7.96703796e+01, 5.58126465e+02,
    1.01622261e+02, 5.58497070e+02, 1.35555468e+01, 5.81302002e+02,
    3.55301437e+01, 5.81617798e+02, 5.77218971e+01, 5.82095947e+02,
    7.96293259e+01, 5.82463257e+02, 1.01541939e+02, 5.82817627e+02,
    1.36380711e+01, 6.05540283e+02, 3.55032043e+01, 6.06080261e+02,
    5.74832573e+01, 6.06475891e+02, 7.95297318e+01, 6.06947266e+02,
    1.01539299e+02, 6.07461365e+02 ]
