%YAML:1.0
---
points: [ 8.46218014e+00, 4.59735901e+02, 3.07203560e+01, 4.59839630e+02,
    5.31457634e+01, 4.59995605e+02, 7.52480164e+01, 4.60164948e+02,
    9.73233643e+01, 4.60247925e+02, 9.35379124e+00, 4.84047577e+02,
    3.17620659e+01, 4.84234558e+02, 5.38949928e+01, 4.84456055e+02,
    7.58291016e+01, 4.84667603e+02, 9.77939682e+01, 4.84787354e+02,
    9.97446060e+00, 5.08427856e+02, 3.22576599e+01, 5.08627838e+02,
    5.43487740e+01, 5.08787933e+02, 7.63373566e+01, 5.09085999e+02,
    9.82963791e+01, 5.09297913e+02, 1.03534708e+01, 5.32762207e+02,
    3.26418152e+01, 5.33166992e+02, 5.47529449e+01, 5.33373779e+02,
    7.66553421e+01, 5.33617615e+02, 9.86169891e+01, 5.33850647e+02,
    1.07326250e+01, 5.57026794e+02, 3.29777794e+01, 5.57358032e+02,
    5.49649925e+01, 5.57732300e+02, 7.68942947e+01, 5.58142700e+02,
    9.87418137e+01, 5.58567749e+02, 1.10469284e+01, 5.81270813e+02,
    3.31075249e+01, 5.81664307e+02, 5.51020622e+01, 5.82144409e+02,
    7.68540344e+01, 5.82456726e+02, 9.87632370e+01, 5.82845337e+02,
    1.11238060e+01, 6.05559143e+02, 3.30281296e+01, 6.06048462e+02,
    5.48981438e+01, 6.06458801e+02, 7.67677231e+01, 6.06944153e+02,
    9.87113800e+01, 6.07453308e+02 ]
