%YAML:1.0
---
points: [ 9.47041893e+00, 2.03844254e+02, 3.48570061e+01, 2.04367477e+02,
    6.02193832e+01, 2.04720123e+02, 8.53357391e+01, 2.04979599e+02,
    1.10166840e+02, 2.05284393e+02, 1.08949633e+01, 2.29436081e+02,
    3.63840408e+01, 2.29827133e+02, 6.15180626e+01, 2.30178940e+02,
    8.64499283e+01, 2.30407440e+02, 1.11416290e+02, 2.30657333e+02,
    1.21169176e+01, 2.54845245e+02, 3.75172577e+01, 2.55312576e+02,
    6.26009407e+01, 2.55565369e+02, 8.73893051e+01, 2.55829208e+02,
    1.12309998e+02, 2.56108643e+02, 1.33035555e+01, 2.80353180e+02,
    3.86039352e+01, 2.80670868e+02, 6.36393013e+01, 2.80956512e+02,
    8.83699646e+01, 2.81283020e+02, 1.13124817e+02, 2.81500031e+02,
    1.41418324e+01, 3.05520325e+02, 3.93845177e+01, 3.05885040e+02,
    6.44282532e+01, 3.06241211e+02, 8.92558136e+01, 3.06518677e+02,
    1.13865372e+02, 3.06734222e+02, 1.49862337e+01, 3.30574158e+02,
    4.01125298e+01, 3.30820770e+02, 6.51825485e+01, 3.31189575e+02,
    8.98570862e+01, 3.31538910e+02, 1.14431053e+02, 3.31772003e+02,
    1.57968130e+01, 3.55684906e+02, 4.05844574e+01, 3.55960236e+02,
    6.55552750e+01, 3.56223145e+02, 9.03980942e+01, 3.56482605e+02,
    1.15155090e+02, 3.56703552e+02 ]
