%YAML:1.0
---
points: [ 8.62203503e+00, 2.02333755e+02, 3.41923599e+01, 2.03596802e+02,
    5.93695335e+01, 2.04989670e+02, 8.43417664e+01, 2.06399185e+02,
    1.09272469e+02, 2.07499512e+02, 9.24751091e+00, 2.27770111e+02,
    3.47201233e+01, 2.29082352e+02, 5.98512344e+01, 2.30382767e+02,
    8.47144547e+01, 2.31656509e+02, 1.09401077e+02, 2.32865677e+02,
    9.55845642e+00, 2.53185654e+02, 3.48288803e+01, 2.54520523e+02,
    6.00195656e+01, 2.55782120e+02, 8.48496323e+01, 2.56932861e+02,
    1.09526955e+02, 2.58096130e+02, 9.66531181e+00, 2.78423248e+02,
    3.49269867e+01, 2.79925781e+02, 6.01412735e+01, 2.81203613e+02,
    8.48172379e+01, 2.82284149e+02, 1.09379890e+02, 2.83437347e+02,
    9.70399189e+00, 3.03671600e+02, 3.48461533e+01, 3.04970947e+02,
    5.99100647e+01, 3.06308350e+02, 8.47039337e+01, 3.07497894e+02,
    1.09255859e+02, 3.08632812e+02, 9.76325512e+00, 3.28731781e+02,
    3.47140808e+01, 3.30006012e+02, 5.96633911e+01, 3.31343109e+02,
    8.43489609e+01, 3.32590179e+02, 1.09029503e+02, 3.33732178e+02,
    9.46170712e+00, 3.53902649e+02, 3.43499184e+01, 3.55123322e+02,
    5.92266312e+01, 3.56161896e+02, 8.39982834e+01, 3.57459076e+02,
    1.08666145e+02, 3.58704010e+02 ]
