%YAML:1.0
---
points: [ 2.50680408e+01, 2.02070770e+02, 5.03772926e+01, 2.03437057e+02,
    7.56446152e+01, 2.04735062e+02, 1.00734390e+02, 2.06132339e+02,
    1.25646080e+02, 2.07261719e+02, 2.54328728e+01, 2.27642548e+02,
    5.08280754e+01, 2.28927032e+02, 7.61294556e+01, 2.30224823e+02,
    1.00966782e+02, 2.31388260e+02, 1.25777580e+02, 2.32614685e+02,
    2.57739105e+01, 2.53000610e+02, 5.10131187e+01, 2.54476074e+02,
    7.62242355e+01, 2.55531631e+02, 1.01082657e+02, 2.56739319e+02,
    1.25841148e+02, 2.57966095e+02, 2.59137821e+01, 2.78356659e+02,
    5.10776596e+01, 2.79729279e+02, 7.62349701e+01, 2.80959625e+02,
    1.01093018e+02, 2.82124512e+02, 1.25767868e+02, 2.83312134e+02,
    2.59690304e+01, 3.03511902e+02, 5.10919952e+01, 3.04746338e+02,
    7.61484222e+01, 3.06149536e+02, 1.00905518e+02, 3.07420868e+02,
    1.25569565e+02, 3.08515198e+02, 2.59041157e+01, 3.28620514e+02,
    5.07789001e+01, 3.29879242e+02, 7.57838898e+01, 3.31170715e+02,
    1.00643410e+02, 3.32482086e+02, 1.25197533e+02, 3.33627655e+02,
    2.56250916e+01, 3.53835785e+02, 5.04521370e+01, 3.54978912e+02,
    7.54700165e+01, 3.56103638e+02, 1.00241325e+02, 3.57383118e+02,
    1.24788498e+02, 3.58669678e+02 ]
