%YAML:1.0
---
points: [ 3.31443176e+01, 2.01940369e+02, 5.85699463e+01, 2.03374329e+02,
    8.37733612e+01, 2.04554108e+02, 1.08752106e+02, 2.05881546e+02,
    1.33851990e+02, 2.07146729e+02, 3.35541763e+01, 2.27506439e+02,
    5.89822578e+01, 2.28826889e+02, 8.42065506e+01, 2.30079620e+02,
    1.09051620e+02, 2.31285751e+02, 1.34101822e+02, 2.32578415e+02,
    3.37825661e+01, 2.52887985e+02, 5.91487541e+01, 2.54295486e+02,
    8.43399124e+01, 2.55487030e+02, 1.09142807e+02, 2.56638885e+02,
    1.34079681e+02, 2.57947235e+02, 3.38266449e+01, 2.78262024e+02,
    5.92370300e+01, 2.79605713e+02, 8.42978592e+01, 2.80841644e+02,
    1.09145805e+02, 2.82039398e+02, 1.34007004e+02, 2.83298798e+02,
    3.38678551e+01, 3.03427032e+02, 5.91833611e+01, 3.04652618e+02,
    8.42327271e+01, 3.06100708e+02, 1.08999901e+02, 3.07379700e+02,
    1.33778305e+02, 3.08469482e+02, 3.37973404e+01, 3.28583527e+02,
    5.89757042e+01, 3.29882538e+02, 8.39853897e+01, 3.31055786e+02,
    1.08636681e+02, 3.32459015e+02, 1.33494446e+02, 3.33633881e+02,
    3.36347046e+01, 3.53739868e+02, 5.86842537e+01, 3.54882568e+02,
    8.35021057e+01, 3.56141602e+02, 1.08203407e+02, 3.57412659e+02,
    1.33227890e+02, 3.58671875e+02 ]
