%YAML:1.0
---
points: [ 5.70503120e+01, 2.02114151e+02, 8.23013229e+01, 2.03457230e+02,
    1.07596100e+02, 2.04830536e+02, 1.32668793e+02, 2.06284058e+02,
    1.57620468e+02, 2.07440430e+02, 5.74189644e+01, 2.27633408e+02,
    8.27947464e+01, 2.28967102e+02, 1.07864021e+02, 2.30272064e+02,
    1.32871536e+02, 2.31591080e+02, 1.57761124e+02, 2.32771469e+02,
    5.76699333e+01, 2.53058960e+02, 8.28602295e+01, 2.54471283e+02,
    1.08046112e+02, 2.55686188e+02, 1.32940918e+02, 2.56896637e+02,
    1.57784988e+02, 2.58059845e+02, 5.78015137e+01, 2.78377167e+02,
    8.28665771e+01, 2.79800964e+02, 1.07969513e+02, 2.81080139e+02,
    1.32863373e+02, 2.82259033e+02, 1.57596024e+02, 2.83421478e+02,
    5.76631470e+01, 3.03539307e+02, 8.27961273e+01, 3.04797455e+02,
    1.07788345e+02, 3.06243713e+02, 1.32707031e+02, 3.07460083e+02,
    1.57428513e+02, 3.08678894e+02, 5.75843277e+01, 3.28675537e+02,
    8.24806213e+01, 3.29947296e+02, 1.07548157e+02, 3.31319397e+02,
    1.32390930e+02, 3.32569366e+02, 1.56894562e+02, 3.33784515e+02,
    5.73380814e+01, 3.53846771e+02, 8.21928482e+01, 3.55066223e+02,
    1.07161179e+02, 3.56168396e+02, 1.31901688e+02, 3.57452637e+02,
    1.56530457e+02, 3.58829651e+02 ]
