%YAML:1.0
---
points: [ 7.36482391e+01, 2.02099670e+02, 9.89281387e+01, 2.03494904e+02,
    1.24203613e+02, 2.04832550e+02, 1.49341492e+02, 2.06326492e+02,
    1.74432114e+02, 2.07520920e+02, 7.40637665e+01, 2.27611176e+02,
    9.92894821e+01, 2.28930923e+02, 1.24433037e+02, 2.30332779e+02,
    1.49483459e+02, 2.31617004e+02, 1.74510284e+02, 2.32921494e+02,
    7.41894608e+01, 2.52997177e+02, 9.93438873e+01, 2.54426880e+02,
    1.24472145e+02, 2.55642242e+02, 1.49509537e+02, 2.56914734e+02,
    1.74501968e+02, 2.58228607e+02, 7.41759262e+01, 2.78362305e+02,
    9.92988663e+01, 2.79792236e+02, 1.24408699e+02, 2.81129944e+02,
    1.49404709e+02, 2.82291016e+02, 1.74319565e+02, 2.83544769e+02,
    7.41440582e+01, 3.03533630e+02, 9.91989975e+01, 3.04750488e+02,
    1.24310745e+02, 3.06295166e+02, 1.49221848e+02, 3.07531219e+02,
    1.74094620e+02, 3.08845917e+02, 7.39530182e+01, 3.28642822e+02,
    9.88533554e+01, 3.29909607e+02, 1.23974091e+02, 3.31281769e+02,
    1.48826675e+02, 3.32650726e+02, 1.73613785e+02, 3.33967041e+02,
    7.36692581e+01, 3.53794434e+02, 9.85014801e+01, 3.54945129e+02,
    1.23414703e+02, 3.56218109e+02, 1.48373123e+02, 3.57521667e+02,
    1.73208176e+02, 3.58934753e+02 ]
