%YAML:1.0
---
points: [ 1.22783195e+02, 2.01849991e+02, 1.48321198e+02, 2.03351242e+02,
    1.73719986e+02, 2.04747177e+02, 1.98815231e+02, 2.06373184e+02,
    2.24102539e+02, 2.07633789e+02, 1.22977402e+02, 2.27421707e+02,
    1.48577179e+02, 2.28764923e+02, 1.74010162e+02, 2.30296234e+02,
    1.98975937e+02, 2.31698074e+02, 2.24118988e+02, 2.33128586e+02,
    1.23055672e+02, 2.52770355e+02, 1.48566879e+02, 2.54345947e+02,
    1.73916153e+02, 2.55659637e+02, 1.98879974e+02, 2.56986633e+02,
    2.23944244e+02, 2.58459290e+02, 1.23019524e+02, 2.78102478e+02,
    1.48476212e+02, 2.79640381e+02, 1.73771225e+02, 2.81146606e+02,
    1.98732819e+02, 2.82370789e+02, 2.23724350e+02, 2.83672119e+02,
    1.22822327e+02, 3.03352783e+02, 1.48296585e+02, 3.04707977e+02,
    1.73525833e+02, 3.06280548e+02, 1.98442688e+02, 3.07588593e+02,
    2.23488113e+02, 3.08952118e+02, 1.22664566e+02, 3.28558441e+02,
    1.47903183e+02, 3.29863770e+02, 1.73131958e+02, 3.31361542e+02,
    1.98069992e+02, 3.32758331e+02, 2.23198181e+02, 3.34176208e+02,
    1.22344131e+02, 3.53682465e+02, 1.47514496e+02, 3.54965546e+02,
    1.72523666e+02, 3.56226685e+02, 1.97595398e+02, 3.57544708e+02,
    2.22708908e+02, 3.59077179e+02 ]
