%YAML:1.0
---
points: [ 1.56723404e+02, 2.01943924e+02, 1.82260452e+02, 2.03374603e+02,
    2.07533905e+02, 2.04819656e+02, 2.32756561e+02, 2.06450150e+02,
    2.58040131e+02, 2.07791931e+02, 1.56960236e+02, 2.27483368e+02,
    1.82392212e+02, 2.28939041e+02, 2.07745346e+02, 2.30363571e+02,
    2.32818909e+02, 2.31831299e+02, 2.58016083e+02, 2.33293732e+02,
    1.56930969e+02, 2.52885040e+02, 1.82376373e+02, 2.54416183e+02,
    2.07658585e+02, 2.55775558e+02, 2.32778076e+02, 2.57160492e+02,
    2.57828796e+02, 2.58587036e+02, 1.56910309e+02, 2.78279114e+02,
    1.82249786e+02, 2.79808472e+02, 2.07473801e+02, 2.81254303e+02,
    2.32647736e+02, 2.82512787e+02, 2.57526154e+02, 2.83778687e+02,
    1.56670502e+02, 3.03449280e+02, 1.82015152e+02, 3.04843903e+02,
    2.07232147e+02, 3.06420898e+02, 2.32286057e+02, 3.07706543e+02,
    2.57207062e+02, 3.09059509e+02, 1.56375824e+02, 3.28661438e+02,
    1.81584641e+02, 3.30023834e+02, 2.06763596e+02, 3.31471497e+02,
    2.31865570e+02, 3.32928253e+02, 2.56715393e+02, 3.34211334e+02,
    1.56077042e+02, 3.53785339e+02, 1.81218063e+02, 3.55182892e+02,
    2.06376175e+02, 3.56396759e+02, 2.31296875e+02, 3.57755371e+02,
    2.56241211e+02, 3.59234894e+02 ]
