%YAML:1.0
---
points: [ 2.02007111e+02, 2.03102509e+02, 2.27349991e+02, 2.04569519e+02,
    2.52520920e+02, 2.06261139e+02, 2.77535950e+02, 2.07641937e+02,
    3.02544098e+02, 2.08942276e+02, 2.02065231e+02, 2.28572052e+02,
    2.27498413e+02, 2.30057495e+02, 2.52641357e+02, 2.31576065e+02,
    2.77497314e+02, 2.33062714e+02, 3.02517303e+02, 2.34468826e+02,
    2.02055542e+02, 2.53956009e+02, 2.27371521e+02, 2.55460754e+02,
    2.52459488e+02, 2.56911133e+02, 2.77343292e+02, 2.58432526e+02,
    3.02380920e+02, 2.59810333e+02, 2.01863190e+02, 2.79306519e+02,
    2.27177414e+02, 2.80832153e+02, 2.52270905e+02, 2.82245789e+02,
    2.77179840e+02, 2.83578644e+02, 3.02151337e+02, 2.85168091e+02,
    2.01695755e+02, 3.04269012e+02, 2.26862732e+02, 3.05920563e+02,
    2.51931870e+02, 3.07413544e+02, 2.76811676e+02, 3.08676086e+02,
    3.01693054e+02, 3.10089172e+02, 2.01467926e+02, 3.29437378e+02,
    2.26525955e+02, 3.30820038e+02, 2.51458557e+02, 3.32454376e+02,
    2.76296326e+02, 3.33804108e+02, 3.01193085e+02, 3.34974335e+02,
    2.00938354e+02, 3.54457031e+02, 2.25843857e+02, 3.55752533e+02,
    2.50723907e+02, 3.57179047e+02, 2.75728210e+02, 3.58602753e+02,
    3.00707184e+02, 3.60016296e+02 ]
