%YAML:1.0
---
points: [ 2.23406494e+02, 2.03444946e+02, 2.48784561e+02, 2.05105438e+02,
    2.74075073e+02, 2.06726440e+02, 2.99088745e+02, 2.08150482e+02,
    3.24195465e+02, 2.09518982e+02, 2.23389786e+02, 2.28810089e+02,
    2.48852615e+02, 2.30397446e+02, 2.74144012e+02, 2.32094574e+02,
    2.99013824e+02, 2.33522476e+02, 3.24084137e+02, 2.34891541e+02,
    2.23300751e+02, 2.54208252e+02, 2.48670258e+02, 2.55712357e+02,
    2.73940796e+02, 2.57214203e+02, 2.98772430e+02, 2.58748322e+02,
    3.23825226e+02, 2.60259949e+02, 2.23225433e+02, 2.79511993e+02,
    2.48472580e+02, 2.81099823e+02, 2.73653931e+02, 2.82488220e+02,
    2.98510651e+02, 2.83892242e+02, 3.23394348e+02, 2.85534424e+02,
    2.22882095e+02, 3.04513977e+02, 2.48177444e+02, 3.06294403e+02,
    2.73233459e+02, 3.07640808e+02, 2.98050232e+02, 3.08960419e+02,
    3.22923798e+02, 3.10468262e+02, 2.22492950e+02, 3.29528015e+02,
    2.47548065e+02, 3.31002930e+02, 2.72568909e+02, 3.32555817e+02,
    2.97484161e+02, 3.34046875e+02, 3.22517761e+02, 3.35351746e+02,
    2.21955780e+02, 3.54589508e+02, 2.47012405e+02, 3.55918762e+02,
    2.71972107e+02, 3.57362305e+02, 2.96954742e+02, 3.58799835e+02,
    3.21845642e+02, 3.60296783e+02 ]
