%YAML:1.0
---
points: [ 2.90785583e+02, 2.05910522e+02, 3.16203766e+02, 2.06723221e+02,
    3.41321075e+02, 2.07412857e+02, 3.66248688e+02, 2.07960388e+02,
    3.91431396e+02, 2.08512756e+02, 2.91573975e+02, 2.31222519e+02,
    3.17042084e+02, 2.32076263e+02, 3.42271027e+02, 2.32778763e+02,
    3.66924286e+02, 2.33408554e+02, 3.91958710e+02, 2.33825958e+02,
    2.92272980e+02, 2.56522827e+02, 3.17534821e+02, 2.57216827e+02,
    3.42707977e+02, 2.57890259e+02, 3.67636993e+02, 2.58639893e+02,
    3.92497528e+02, 2.59203918e+02, 2.92761841e+02, 2.81816711e+02,
    3.17934448e+02, 2.82446686e+02, 3.43146484e+02, 2.83165894e+02,
    3.68141968e+02, 2.83703461e+02, 3.92910889e+02, 2.84228271e+02,
    2.93222229e+02, 3.06908936e+02, 3.18411774e+02, 3.07634277e+02,
    3.43534912e+02, 3.08280457e+02, 3.68369141e+02, 3.08768158e+02,
    3.93183563e+02, 3.09342468e+02, 2.93612701e+02, 3.31884552e+02,
    3.18669739e+02, 3.32588989e+02, 3.43796936e+02, 3.33205261e+02,
    3.68584015e+02, 3.33771606e+02, 3.93325378e+02, 3.34345947e+02,
    2.93787689e+02, 3.56654907e+02, 3.18855682e+02, 3.57279968e+02,
    3.43855072e+02, 3.57902740e+02, 3.68784363e+02, 3.58586823e+02,
    3.93485626e+02, 3.59225647e+02 ]
