%YAML:1.0
---
points: [ 3.22798279e+02, 2.05865280e+02, 3.48221893e+02, 2.06653534e+02,
    3.73356140e+02, 2.07326569e+02, 3.98268829e+02, 2.07864349e+02,
    4.23358124e+02, 2.08443665e+02, 3.23639191e+02, 2.31232529e+02,
    3.49072174e+02, 2.32001694e+02, 3.74310150e+02, 2.32734421e+02,
    3.98968842e+02, 2.33334442e+02, 4.23878326e+02, 2.33778946e+02,
    3.24274750e+02, 2.56498627e+02, 3.49563171e+02, 2.57206726e+02,
    3.74680023e+02, 2.57848450e+02, 3.99669556e+02, 2.58531219e+02,
    4.24500214e+02, 2.59130341e+02, 3.24802521e+02, 2.81805328e+02,
    3.50066223e+02, 2.82447357e+02, 3.75146790e+02, 2.83079407e+02,
    4.00165558e+02, 2.83667206e+02, 4.24854980e+02, 2.84156189e+02,
    3.25369812e+02, 3.06923370e+02, 3.50472595e+02, 3.07618011e+02,
    3.75531647e+02, 3.08222626e+02, 4.00432648e+02, 3.08701233e+02,
    4.25153259e+02, 3.09287781e+02, 3.25821350e+02, 3.31909058e+02,
    3.50688751e+02, 3.32583008e+02, 3.75811890e+02, 3.33153564e+02,
    4.00689148e+02, 3.33691528e+02, 4.25368805e+02, 3.34277252e+02,
    3.26096802e+02, 3.56660553e+02, 3.50885498e+02, 3.57274872e+02,
    3.75947266e+02, 3.57897278e+02, 4.00836121e+02, 3.58512817e+02,
    4.25578949e+02, 3.59168854e+02 ]
