%YAML:1.0
---
points: [ 3.40667999e+02, 2.05768448e+02, 3.66078766e+02, 2.06625656e+02,
    3.91336182e+02, 2.07235641e+02, 4.16434753e+02, 2.07778015e+02,
    4.41430664e+02, 2.08377350e+02, 3.41424561e+02, 2.31131851e+02,
    3.66717163e+02, 2.31910568e+02, 3.92000092e+02, 2.32601028e+02,
    4.17019714e+02, 2.33222214e+02, 4.42075470e+02, 2.33724289e+02,
    3.42266815e+02, 2.56440369e+02, 3.67441132e+02, 2.57165649e+02,
    3.92611603e+02, 2.57746826e+02, 4.17632507e+02, 2.58478394e+02,
    4.42561249e+02, 2.58992279e+02, 3.42781006e+02, 2.81758026e+02,
    3.68009735e+02, 2.82405731e+02, 3.93101257e+02, 2.83008636e+02,
    4.18159576e+02, 2.83566620e+02, 4.43066772e+02, 2.84131500e+02,
    3.43252747e+02, 3.06883575e+02, 3.68426270e+02, 3.07579254e+02,
    3.93458588e+02, 3.08166138e+02, 4.18398132e+02, 3.08662598e+02,
    4.43393799e+02, 3.09252258e+02, 3.43681458e+02, 3.31917786e+02,
    3.68726074e+02, 3.32567230e+02, 3.93709412e+02, 3.33081573e+02,
    4.18559845e+02, 3.33677246e+02, 4.43558472e+02, 3.34290771e+02,
    3.43972382e+02, 3.56690186e+02, 3.69014618e+02, 3.57289825e+02,
    3.93865906e+02, 3.57842773e+02, 4.18726837e+02, 3.58436096e+02,
    4.43699219e+02, 3.59089050e+02 ]
