%YAML:1.0
---
points: [ 3.89208527e+02, 2.04512299e+02, 4.14644592e+02, 2.05256012e+02,
    4.40110443e+02, 2.06049026e+02, 4.65341888e+02, 2.06678802e+02,
    4.90582642e+02, 2.07189407e+02, 3.90030121e+02, 2.30137146e+02,
    4.15554260e+02, 2.30752243e+02, 4.40767120e+02, 2.31473587e+02,
    4.66060272e+02, 2.32137527e+02, 4.91252991e+02, 2.32628448e+02,
    3.90791748e+02, 2.55542206e+02, 4.16365265e+02, 2.56243530e+02,
    4.41639313e+02, 2.56834991e+02, 4.66681885e+02, 2.57360168e+02,
    4.91803741e+02, 2.57889191e+02, 3.91444153e+02, 2.81009277e+02,
    4.16853729e+02, 2.81657837e+02, 4.42226166e+02, 2.82264435e+02,
    4.67204102e+02, 2.82660553e+02, 4.92278992e+02, 2.83265350e+02,
    3.91945587e+02, 3.06327423e+02, 4.17407898e+02, 3.06944489e+02,
    4.42631195e+02, 3.07502930e+02, 4.67651611e+02, 3.07890808e+02,
    4.92563873e+02, 3.08482635e+02, 3.92476379e+02, 3.31286346e+02,
    4.17801575e+02, 3.31915192e+02, 4.43092255e+02, 3.32558960e+02,
    4.68087524e+02, 3.32992432e+02, 4.92875793e+02, 3.33551208e+02,
    3.92825684e+02, 3.56350616e+02, 4.18111359e+02, 3.56854370e+02,
    4.43350128e+02, 3.57375427e+02, 4.68361542e+02, 3.57963623e+02,
    4.93297821e+02, 3.58406860e+02 ]
