%YAML:1.0
---
points: [ 4.10061401e+02, 2.03930054e+02, 4.35428162e+02, 2.04677643e+02,
    4.60916046e+02, 2.05295593e+02, 4.86194916e+02, 2.05979568e+02,
    5.11552002e+02, 2.06567642e+02, 4.10897491e+02, 2.29595337e+02,
    4.36464539e+02, 2.30303635e+02, 4.61810913e+02, 2.30822250e+02,
    4.87044556e+02, 2.31483810e+02, 5.12259949e+02, 2.32049225e+02,
    4.11644775e+02, 2.55237473e+02, 4.37111633e+02, 2.55758652e+02,
    4.62434418e+02, 2.56413300e+02, 4.87513702e+02, 2.56906189e+02,
    5.12687988e+02, 2.57389893e+02, 4.12333649e+02, 2.80680695e+02,
    4.37789368e+02, 2.81333435e+02, 4.63176941e+02, 2.81786102e+02,
    4.88209229e+02, 2.82399872e+02, 5.13240051e+02, 2.82743195e+02,
    4.12881989e+02, 3.05936584e+02, 4.38341583e+02, 3.06634308e+02,
    4.63633423e+02, 3.07172974e+02, 4.88667999e+02, 3.07626892e+02,
    5.13621277e+02, 3.08100861e+02, 4.13336548e+02, 3.31043060e+02,
    4.38635254e+02, 3.31610413e+02, 4.63991882e+02, 3.32252258e+02,
    4.89015930e+02, 3.32691101e+02, 5.13979248e+02, 3.33165039e+02,
    4.13691986e+02, 3.56158417e+02, 4.38917755e+02, 3.56579315e+02,
    4.64233398e+02, 3.57191772e+02, 4.89281006e+02, 3.57622772e+02,
    5.14247925e+02, 3.58123779e+02 ]
