%YAML:1.0
---
points: [ 4.76480896e+02, 2.04807846e+02, 5.01973938e+02, 2.05539688e+02,
    5.27294312e+02, 2.06223755e+02, 5.52376648e+02, 2.06746857e+02,
    5.77424316e+02, 2.07223557e+02, 4.77241516e+02, 2.30362228e+02,
    5.02596405e+02, 2.31115936e+02, 5.27939453e+02, 2.31731232e+02,
    5.53047607e+02, 2.32251709e+02, 5.78002258e+02, 2.32726379e+02,
    4.78015533e+02, 2.55807983e+02, 5.03269379e+02, 2.56547302e+02,
    5.28534424e+02, 2.57170898e+02, 5.53609192e+02, 2.57589478e+02,
    5.78518005e+02, 2.58142700e+02, 4.78736084e+02, 2.81381226e+02,
    5.03849304e+02, 2.81924469e+02, 5.29119690e+02, 2.82466217e+02,
    5.54188538e+02, 2.82895050e+02, 5.79069519e+02, 2.83384308e+02,
    4.79242065e+02, 3.06631744e+02, 5.04377991e+02, 3.07284393e+02,
    5.29463013e+02, 3.07611938e+02, 5.54462646e+02, 3.08208466e+02,
    5.79510681e+02, 3.08572693e+02, 4.79756653e+02, 3.31677582e+02,
    5.04820984e+02, 3.32320923e+02, 5.29803650e+02, 3.32744934e+02,
    5.54698547e+02, 3.33248474e+02, 5.79691650e+02, 3.33631195e+02,
    4.80220276e+02, 3.56571259e+02, 5.05232697e+02, 3.57122192e+02,
    5.30089294e+02, 3.57604279e+02, 5.54938843e+02, 3.58041199e+02,
    5.79913879e+02, 3.58560059e+02 ]
