%YAML:1.0
---
points: [ 5.33898743e+02, 2.04515259e+02, 5.59361084e+02, 2.05283752e+02,
    5.84624634e+02, 2.06041779e+02, 6.09616211e+02, 2.06635239e+02,
    6.34675720e+02, 2.07141785e+02, 5.34532471e+02, 2.30172424e+02,
    5.59882935e+02, 2.30815292e+02, 5.85194153e+02, 2.31552322e+02,
    6.10165833e+02, 2.32164459e+02, 6.35146362e+02, 2.32661682e+02,
    5.35181946e+02, 2.55603775e+02, 5.60416077e+02, 2.56361908e+02,
    5.85566040e+02, 2.56987793e+02, 6.10627930e+02, 2.57509583e+02,
    6.35493713e+02, 2.58102356e+02, 5.35672363e+02, 2.81182526e+02,
    5.60836792e+02, 2.81768524e+02, 5.86094055e+02, 2.82393555e+02,
    6.11087524e+02, 2.82855591e+02, 6.35738098e+02, 2.83382904e+02,
    5.36112488e+02, 3.06471069e+02, 5.61235718e+02, 3.07111847e+02,
    5.86414062e+02, 3.07599731e+02, 6.11335327e+02, 3.08164612e+02,
    6.36077942e+02, 3.08575348e+02, 5.36524231e+02, 3.31506134e+02,
    5.61466736e+02, 3.32206757e+02, 5.86521790e+02, 3.32708527e+02,
    6.11489075e+02, 3.33266724e+02, 6.36293457e+02, 3.33691498e+02,
    5.36776428e+02, 3.56479218e+02, 5.61642761e+02, 3.57072113e+02,
    5.86605469e+02, 3.57554565e+02, 6.11577759e+02, 3.58099701e+02,
    6.36463074e+02, 3.58590179e+02 ]
