%YAML:1.0
---
points: [ 5.86468628e+02, 2.04798996e+02, 6.11693604e+02, 2.05612076e+02,
    6.36857971e+02, 2.06425797e+02, 6.61722168e+02, 2.06863480e+02,
    6.86724976e+02, 2.07462753e+02, 5.86965881e+02, 2.30380692e+02,
    6.12248535e+02, 2.31217102e+02, 6.37345764e+02, 2.31959702e+02,
    6.62170593e+02, 2.32459641e+02, 6.87095337e+02, 2.32968460e+02,
    5.87468140e+02, 2.55917480e+02, 6.12596924e+02, 2.56676727e+02,
    6.37713562e+02, 2.57326782e+02, 6.62451355e+02, 2.57838623e+02,
    6.87338745e+02, 2.58403473e+02, 5.87816650e+02, 2.81456177e+02,
    6.12909241e+02, 2.82127899e+02, 6.38050293e+02, 2.82627045e+02,
    6.62716980e+02, 2.83239594e+02, 6.87413330e+02, 2.83661530e+02,
    5.88182251e+02, 3.06730774e+02, 6.13247864e+02, 3.07356628e+02,
    6.38269409e+02, 3.07818420e+02, 6.62892639e+02, 3.08395355e+02,
    6.87529114e+02, 3.08823883e+02, 5.88387451e+02, 3.31751526e+02,
    6.13358032e+02, 3.32415558e+02, 6.38363342e+02, 3.32933502e+02,
    6.63046021e+02, 3.33496613e+02, 6.87593018e+02, 3.33957672e+02,
    5.88576904e+02, 3.56649902e+02, 6.13413147e+02, 3.57287445e+02,
    6.38414001e+02, 3.57747620e+02, 6.63107788e+02, 3.58344147e+02,
    6.87586914e+02, 3.58820984e+02 ]
