%YAML:1.0
---
points: [ 6.59791870e+02, 2.04937088e+02, 6.85080505e+02, 2.05799545e+02,
    7.10118774e+02, 2.06567520e+02, 7.34932983e+02, 2.07083771e+02,
    7.59884705e+02, 2.07683731e+02, 6.60233948e+02, 2.30519257e+02,
    6.85381348e+02, 2.31388168e+02, 7.10393616e+02, 2.32123001e+02,
    7.35159546e+02, 2.32664886e+02, 7.60038818e+02, 2.33307648e+02,
    6.60432617e+02, 2.56100433e+02, 6.85510925e+02, 2.56850800e+02,
    7.10536438e+02, 2.57451782e+02, 7.35272339e+02, 2.58149750e+02,
    7.60136902e+02, 2.58678955e+02, 6.60581787e+02, 2.81611450e+02,
    6.85573242e+02, 2.82345367e+02, 7.10618408e+02, 2.82811218e+02,
    7.35338135e+02, 2.83461914e+02, 7.60104797e+02, 2.83985504e+02,
    6.60720825e+02, 3.06840668e+02, 6.85632019e+02, 3.07538574e+02,
    7.10650024e+02, 3.08168854e+02, 7.35330627e+02, 3.08661072e+02,
    7.60062134e+02, 3.09212585e+02, 6.60842529e+02, 3.31940247e+02,
    6.85662415e+02, 3.32619263e+02, 7.10621765e+02, 3.33237366e+02,
    7.35251343e+02, 3.33718628e+02, 7.59910217e+02, 3.34276825e+02,
    6.60850037e+02, 3.56834015e+02, 6.85617554e+02, 3.57483673e+02,
    7.10534546e+02, 3.58095947e+02, 7.35132202e+02, 3.58644165e+02,
    7.59766785e+02, 3.59217712e+02 ]
