%YAML:1.0
---
points: [ 7.30640442e+02, 2.07040665e+02, 7.55497009e+02, 2.07844986e+02,
    7.80471985e+02, 2.08528107e+02, 8.05213989e+02, 2.09164307e+02,
    8.29794373e+02, 2.09744598e+02, 7.30744690e+02, 2.32492340e+02,
    7.55574036e+02, 2.33421677e+02, 7.80496033e+02, 2.33955627e+02,
    8.05227600e+02, 2.34553543e+02, 8.29694641e+02, 2.35180771e+02,
    7.30804932e+02, 2.57727081e+02, 7.55588379e+02, 2.58613647e+02,
    7.80485046e+02, 2.59303101e+02, 8.05145203e+02, 2.59925476e+02,
    8.29599426e+02, 2.60484650e+02, 7.30865479e+02, 2.83003845e+02,
    7.55567810e+02, 2.83690460e+02, 7.80424683e+02, 2.84440979e+02,
    8.04974304e+02, 2.85122162e+02, 8.29450562e+02, 2.85637360e+02,
    7.30831177e+02, 3.08123932e+02, 7.55480347e+02, 3.08791870e+02,
    7.80279846e+02, 3.09389954e+02, 8.04789001e+02, 3.09947418e+02,
    8.29309387e+02, 3.10531464e+02, 7.30783081e+02, 3.33029236e+02,
    7.55388306e+02, 3.33693878e+02, 7.80118835e+02, 3.34325775e+02,
    8.04577881e+02, 3.34699829e+02, 8.29038940e+02, 3.35273102e+02,
    7.30665588e+02, 3.57758057e+02, 7.55208923e+02, 3.58451904e+02,
    7.79815491e+02, 3.59068420e+02, 8.04278748e+02, 3.59621674e+02,
    8.28740356e+02, 3.60172882e+02 ]
