%YAML:1.0
---
points: [ 8.27214111e+02, 2.07545624e+02, 8.51911377e+02, 2.08245026e+02,
    8.76609619e+02, 2.08681946e+02, 9.01377625e+02, 2.09304626e+02,
    9.26095947e+02, 2.09707001e+02, 8.27162842e+02, 2.32998047e+02,
    8.51828918e+02, 2.33646667e+02, 8.76506165e+02, 2.34241562e+02,
    9.01218628e+02, 2.34612045e+02, 9.25773254e+02, 2.35133209e+02,
    8.27116516e+02, 2.58252808e+02, 8.51670715e+02, 2.58917847e+02,
    8.76352600e+02, 2.59511932e+02, 9.00933716e+02, 2.60009216e+02,
    9.25538940e+02, 2.60445038e+02, 8.26914856e+02, 2.83425842e+02,
    8.51525269e+02, 2.84062500e+02, 8.76224304e+02, 2.84647278e+02,
    9.00685730e+02, 2.85238342e+02, 9.25223694e+02, 2.85616577e+02,
    8.26795227e+02, 3.08489655e+02, 8.51326355e+02, 3.09096802e+02,
    8.75824280e+02, 3.09534943e+02, 9.00508362e+02, 3.10001038e+02,
    9.24812744e+02, 3.10488281e+02, 8.26669312e+02, 3.33424072e+02,
    8.51028076e+02, 3.33935638e+02, 8.75570435e+02, 3.34403839e+02,
    9.00163635e+02, 3.34754303e+02, 9.24513855e+02, 3.35205322e+02,
    8.26496765e+02, 3.58157074e+02, 8.50722290e+02, 3.58664062e+02,
    8.75325623e+02, 3.59169250e+02, 8.99732178e+02, 3.59596069e+02,
    9.24142944e+02, 3.59986816e+02 ]
