%YAML:1.0
---
points: [ 8.73456726e+02, 2.08429535e+02, 8.98071167e+02, 2.09050034e+02,
    9.22710449e+02, 2.09663910e+02, 9.47464050e+02, 2.10149719e+02,
    9.71987915e+02, 2.10598846e+02, 8.73359741e+02, 2.33755234e+02,
    8.97780701e+02, 2.34508835e+02, 9.22538696e+02, 2.35073151e+02,
    9.47136902e+02, 2.35446472e+02, 9.71582520e+02, 2.35809875e+02,
    8.73228088e+02, 2.59086670e+02, 8.97610229e+02, 2.59719666e+02,
    9.22358887e+02, 2.60338135e+02, 9.46750793e+02, 2.60668060e+02,
    9.71288269e+02, 2.61167938e+02, 8.73032715e+02, 2.84118835e+02,
    8.97404053e+02, 2.84779449e+02, 9.22132080e+02, 2.85400787e+02,
    9.46429688e+02, 2.85774353e+02, 9.70887390e+02, 2.86227905e+02,
    8.72718750e+02, 3.09135986e+02, 8.97223389e+02, 3.09648987e+02,
    9.21728577e+02, 3.10203186e+02, 9.46135376e+02, 3.10659332e+02,
    9.70556396e+02, 3.11103302e+02, 8.72536438e+02, 3.34028503e+02,
    8.96966553e+02, 3.34476929e+02, 9.21493408e+02, 3.34817566e+02,
    9.45681030e+02, 3.35329437e+02, 9.70238098e+02, 3.35673767e+02,
    8.72258362e+02, 3.58594513e+02, 8.96599854e+02, 3.59163147e+02,
    9.21118652e+02, 3.59535919e+02, 9.45375305e+02, 3.60030914e+02,
    9.69783325e+02, 3.60450073e+02 ]
