%YAML:1.0
---
points: [ 9.27179016e+02, 2.07923462e+02, 9.51750854e+02, 2.08553940e+02,
    9.76338318e+02, 2.09183578e+02, 1.00119550e+03, 2.09587891e+02,
    1.02587524e+03, 2.10013519e+02, 9.26829529e+02, 2.33464722e+02,
    9.51459595e+02, 2.34042877e+02, 9.76127136e+02, 2.34570587e+02,
    1.00070093e+03, 2.35008636e+02, 1.02544141e+03, 2.35322891e+02,
    9.26650696e+02, 2.58687988e+02, 9.51140686e+02, 2.59348328e+02,
    9.75694458e+02, 2.59784485e+02, 1.00040106e+03, 2.60337891e+02,
    1.02488074e+03, 2.60604187e+02, 9.26452576e+02, 2.83805908e+02,
    9.50759827e+02, 2.84420044e+02, 9.75430603e+02, 2.85091797e+02,
    9.99964905e+02, 2.85490906e+02, 1.02445264e+03, 2.85779327e+02,
    9.26123474e+02, 3.08789093e+02, 9.50485901e+02, 3.09377075e+02,
    9.75111938e+02, 3.09786682e+02, 9.99549866e+02, 3.10301514e+02,
    1.02398859e+03, 3.10651093e+02, 9.25818481e+02, 3.33741760e+02,
    9.50195862e+02, 3.34265839e+02, 9.74641724e+02, 3.34601257e+02,
    9.99171570e+02, 3.34922455e+02, 1.02353375e+03, 3.35352386e+02,
    9.25518066e+02, 3.58425201e+02, 9.49765747e+02, 3.58886230e+02,
    9.74347351e+02, 3.59357300e+02, 9.98671509e+02, 3.59671600e+02,
    1.02312280e+03, 3.60166931e+02 ]
