%YAML:1.0
---
points: [ 1.00870544e+03, 2.07553391e+02, 1.03346338e+03, 2.08183289e+02,
    1.05824121e+03, 2.08518951e+02, 1.08277710e+03, 2.08879395e+02,
    1.10757898e+03, 2.09363251e+02, 1.00834320e+03, 2.32969696e+02,
    1.03298523e+03, 2.33566681e+02, 1.05766833e+03, 2.33972519e+02,
    1.08216589e+03, 2.34421051e+02, 1.10695789e+03, 2.34674423e+02,
    1.00788147e+03, 2.58299713e+02, 1.03251074e+03, 2.58885529e+02,
    1.05708606e+03, 2.59377991e+02, 1.08151416e+03, 2.59714050e+02,
    1.10638416e+03, 2.60124603e+02, 1.00747510e+03, 2.83423096e+02,
    1.03200256e+03, 2.83907532e+02, 1.05649707e+03, 2.84467529e+02,
    1.08106836e+03, 2.84936401e+02, 1.10577686e+03, 2.85274017e+02,
    1.00703528e+03, 3.08470856e+02, 1.03151953e+03, 3.09055511e+02,
    1.05595935e+03, 3.09413605e+02, 1.08049182e+03, 3.09777893e+02,
    1.10519702e+03, 3.10159851e+02, 1.00657581e+03, 3.33420563e+02,
    1.03111682e+03, 3.33854584e+02, 1.05547485e+03, 3.34304688e+02,
    1.08004395e+03, 3.34585663e+02, 1.10458215e+03, 3.34884430e+02,
    1.00620264e+03, 3.58066528e+02, 1.03054236e+03, 3.58581543e+02,
    1.05497583e+03, 3.58962677e+02, 1.07949573e+03, 3.59381073e+02,
    1.10389075e+03, 3.59708130e+02 ]
