%YAML:1.0
---
points: [ 1.06254443e+03, 2.06997147e+02, 1.08716125e+03, 2.07660461e+02,
    1.11180359e+03, 2.08237106e+02, 1.13660461e+03, 2.08510010e+02,
    1.16128809e+03, 2.08846771e+02, 1.06181067e+03, 2.32528244e+02,
    1.08641699e+03, 2.33249268e+02, 1.11126990e+03, 2.33667694e+02,
    1.13579053e+03, 2.34053940e+02, 1.16052954e+03, 2.34391495e+02,
    1.06133740e+03, 2.57761719e+02, 1.08585986e+03, 2.58498962e+02,
    1.11053601e+03, 2.58974609e+02, 1.13508313e+03, 2.59420715e+02,
    1.15986548e+03, 2.59733002e+02, 1.06075427e+03, 2.83099030e+02,
    1.08535413e+03, 2.83600708e+02, 1.10989307e+03, 2.84025452e+02,
    1.13436279e+03, 2.84574158e+02, 1.15915833e+03, 2.85025970e+02,
    1.06025647e+03, 3.08204498e+02, 1.08471741e+03, 3.08675568e+02,
    1.10925952e+03, 3.09171021e+02, 1.13365564e+03, 3.09544220e+02,
    1.15846277e+03, 3.09891296e+02, 1.05972021e+03, 3.33141968e+02,
    1.08429846e+03, 3.33608246e+02, 1.10858301e+03, 3.34116180e+02,
    1.13320813e+03, 3.34457489e+02, 1.15775037e+03, 3.34709320e+02,
    1.05929126e+03, 3.57811310e+02, 1.08361230e+03, 3.58371552e+02,
    1.10811597e+03, 3.58758759e+02, 1.13251880e+03, 3.59280273e+02,
    1.15720435e+03, 3.59569519e+02 ]
