%YAML:1.0
---
points: [ 1.13620251e+03, 2.07816635e+02, 1.16053723e+03, 2.08392929e+02,
    1.18534802e+03, 2.08801437e+02, 1.20997766e+03, 2.09305267e+02,
    1.23458655e+03, 2.09592834e+02, 1.13529810e+03, 2.33334351e+02,
    1.15981128e+03, 2.33780121e+02, 1.18446118e+03, 2.34341599e+02,
    1.20894824e+03, 2.34635025e+02, 1.23374304e+03, 2.34956436e+02,
    1.13452747e+03, 2.58549225e+02, 1.15904578e+03, 2.59124573e+02,
    1.18361426e+03, 2.59573608e+02, 1.20813770e+03, 2.59977661e+02,
    1.23282922e+03, 2.60319611e+02, 1.13380383e+03, 2.83645599e+02,
    1.15834705e+03, 2.84230988e+02, 1.18271960e+03, 2.84670380e+02,
    1.20730786e+03, 2.85210938e+02, 1.23218262e+03, 2.85467072e+02,
    1.13324182e+03, 3.08628265e+02, 1.15759351e+03, 3.09217499e+02,
    1.18204114e+03, 3.09535950e+02, 1.20654883e+03, 3.10029388e+02,
    1.23127112e+03, 3.10378998e+02, 1.13255518e+03, 3.33562073e+02,
    1.15694580e+03, 3.34104706e+02, 1.18137671e+03, 3.34416138e+02,
    1.20588416e+03, 3.34716187e+02, 1.23047852e+03, 3.35096802e+02,
    1.13199158e+03, 3.58290924e+02, 1.15620911e+03, 3.58712341e+02,
    1.18063232e+03, 3.59203552e+02, 1.20526062e+03, 3.59561432e+02,
    1.22957581e+03, 3.59831696e+02 ]
