%YAML:1.0
---
points: [ 1.21380310e+03, 2.06910172e+02, 1.23840491e+03, 2.07590851e+02,
    1.26323865e+03, 2.08078400e+02, 1.28784143e+03, 2.08377945e+02,
    1.31273938e+03, 2.08673080e+02, 1.21278723e+03, 2.32480042e+02,
    1.23747400e+03, 2.33116226e+02, 1.26221216e+03, 2.33539398e+02,
    1.28667029e+03, 2.33795135e+02, 1.31169666e+03, 2.34225037e+02,
    1.21214648e+03, 2.57722809e+02, 1.23650830e+03, 2.58398224e+02,
    1.26105750e+03, 2.58812500e+02, 1.28570068e+03, 2.59216980e+02,
    1.31067151e+03, 2.59506531e+02, 1.21123950e+03, 2.83047699e+02,
    1.23562793e+03, 2.83532349e+02, 1.26020898e+03, 2.83943390e+02,
    1.28478394e+03, 2.84384247e+02, 1.30966394e+03, 2.84708435e+02,
    1.21039624e+03, 3.08207184e+02, 1.23463403e+03, 3.08624146e+02,
    1.25932812e+03, 3.09070282e+02, 1.28395703e+03, 3.09341156e+02,
    1.30856934e+03, 3.09621613e+02, 1.20954309e+03, 3.33122894e+02,
    1.23390527e+03, 3.33572968e+02, 1.25853052e+03, 3.34061096e+02,
    1.28303943e+03, 3.34356476e+02, 1.30776624e+03, 3.34554108e+02,
    1.20870813e+03, 3.57793884e+02, 1.23315955e+03, 3.58334991e+02,
    1.25777197e+03, 3.58707764e+02, 1.28222937e+03, 3.59106171e+02,
    1.30684070e+03, 3.59447418e+02 ]
