%YAML:1.0
---
points: [ 1.27498389e+03, 2.07245667e+02, 1.29953186e+03, 2.07884903e+02,
    1.32391199e+03, 2.08423553e+02, 1.34857568e+03, 2.08751755e+02,
    1.37342383e+03, 2.09314102e+02, 1.27404187e+03, 2.32686584e+02,
    1.29834290e+03, 2.33375397e+02, 1.32284924e+03, 2.33738388e+02,
    1.34745618e+03, 2.34250107e+02, 1.37211316e+03, 2.34592331e+02,
    1.27304858e+03, 2.57885620e+02, 1.29725757e+03, 2.58565979e+02,
    1.32179004e+03, 2.59045532e+02, 1.34633264e+03, 2.59524506e+02,
    1.37097021e+03, 2.59802399e+02, 1.27193860e+03, 2.83146301e+02,
    1.29635315e+03, 2.83601440e+02, 1.32084814e+03, 2.84043427e+02,
    1.34528503e+03, 2.84551605e+02, 1.37002185e+03, 2.85038910e+02,
    1.27107288e+03, 3.08216461e+02, 1.29541846e+03, 3.08666412e+02,
    1.31984070e+03, 3.09135895e+02, 1.34426990e+03, 3.09472626e+02,
    1.36900659e+03, 3.09786926e+02, 1.27019678e+03, 3.33106781e+02,
    1.29458887e+03, 3.33580292e+02, 1.31883179e+03, 3.34075012e+02,
    1.34340210e+03, 3.34418610e+02, 1.36814465e+03, 3.34614502e+02,
    1.26945032e+03, 3.57757812e+02, 1.29364185e+03, 3.58306976e+02,
    1.31815161e+03, 3.58666199e+02, 1.34257349e+03, 3.59071320e+02,
    1.36706665e+03, 3.59480286e+02 ]
