%YAML:1.0
---
points: [ 1.36458032e+03, 2.04759232e+02, 1.38917529e+03, 2.05381790e+02,
    1.41373022e+03, 2.05856277e+02, 1.43857690e+03, 2.06289154e+02,
    1.46351733e+03, 2.06590073e+02, 1.36347229e+03, 2.30380783e+02,
    1.38769446e+03, 2.30874710e+02, 1.41249023e+03, 2.31359131e+02,
    1.43737317e+03, 2.31650269e+02, 1.46230847e+03, 2.32022156e+02,
    1.36235535e+03, 2.55828979e+02, 1.38667334e+03, 2.56410583e+02,
    1.41143945e+03, 2.56684448e+02, 1.43614465e+03, 2.57042236e+02,
    1.46098645e+03, 2.57280182e+02, 1.36113013e+03, 2.81365417e+02,
    1.38564111e+03, 2.81676147e+02, 1.41041919e+03, 2.82139343e+02,
    1.43481213e+03, 2.82416565e+02, 1.45976074e+03, 2.82582886e+02,
    1.36020068e+03, 3.06545746e+02, 1.38463538e+03, 3.07022888e+02,
    1.40929102e+03, 3.07347992e+02, 1.43386633e+03, 3.07556183e+02,
    1.45873730e+03, 3.07750854e+02, 1.35926868e+03, 3.31532532e+02,
    1.38378271e+03, 3.31966614e+02, 1.40830188e+03, 3.32335724e+02,
    1.43290735e+03, 3.32582581e+02, 1.45782385e+03, 3.32790558e+02,
    1.35841235e+03, 3.56446045e+02, 1.38273413e+03, 3.56773346e+02,
    1.40743188e+03, 3.57141815e+02, 1.43220032e+03, 3.57425598e+02,
    1.45674231e+03, 3.57616272e+02 ]
