%YAML:1.0
---
points: [ 1.41839612e+03, 2.03827759e+02, 1.44302441e+03, 2.04308807e+02,
    1.46782068e+03, 2.04692001e+02, 1.49263440e+03, 2.04982040e+02,
    1.51754761e+03, 2.05280914e+02, 1.41718213e+03, 2.29586746e+02,
    1.44167639e+03, 2.29988754e+02, 1.46638501e+03, 2.30306442e+02,
    1.49129443e+03, 2.30490891e+02, 1.51637329e+03, 2.30723175e+02,
    1.41596729e+03, 2.55215118e+02, 1.44050574e+03, 2.55543289e+02,
    1.46525708e+03, 2.55765167e+02, 1.49005945e+03, 2.56108124e+02,
    1.51514563e+03, 2.56290253e+02, 1.41486401e+03, 2.80693298e+02,
    1.43934314e+03, 2.80925812e+02, 1.46420813e+03, 2.81343689e+02,
    1.48882861e+03, 2.81549561e+02, 1.51375635e+03, 2.81736084e+02,
    1.41364355e+03, 3.05902161e+02, 1.43826501e+03, 3.06316833e+02,
    1.46307202e+03, 3.06527222e+02, 1.48777551e+03, 3.06808044e+02,
    1.51267883e+03, 3.06996094e+02, 1.41274121e+03, 3.30980743e+02,
    1.43743030e+03, 3.31254883e+02, 1.46208142e+03, 3.31557587e+02,
    1.48670850e+03, 3.31790314e+02, 1.51169678e+03, 3.32059174e+02,
    1.41187622e+03, 3.56084290e+02, 1.43648682e+03, 3.56331512e+02,
    1.46119360e+03, 3.56472870e+02, 1.48582935e+03, 3.56707611e+02,
    1.51072229e+03, 3.57000397e+02 ]
