%YAML:1.0
---
points: [ 1.47640393e+03, 2.04170822e+02, 1.50109424e+03, 2.04629105e+02,
    1.52578064e+03, 2.04970306e+02, 1.55053430e+03, 2.05322296e+02,
    1.57552466e+03, 2.05669708e+02, 1.47508984e+03, 2.29732651e+02,
    1.49966321e+03, 2.30205582e+02, 1.52431335e+03, 2.30453232e+02,
    1.54906177e+03, 2.30778793e+02, 1.57416125e+03, 2.31089981e+02,
    1.47374792e+03, 2.55336411e+02, 1.49822461e+03, 2.55638901e+02,
    1.52301367e+03, 2.55940857e+02, 1.54790723e+03, 2.56324646e+02,
    1.57276135e+03, 2.56513245e+02, 1.47258350e+03, 2.80689758e+02,
    1.49694385e+03, 2.81058929e+02, 1.52178711e+03, 2.81398163e+02,
    1.54657874e+03, 2.81660919e+02, 1.57154175e+03, 2.81963074e+02,
    1.47130066e+03, 3.05914856e+02, 1.49586694e+03, 3.06332764e+02,
    1.52055200e+03, 3.06603607e+02, 1.54527551e+03, 3.06921936e+02,
    1.57032007e+03, 3.07193207e+02, 1.47023425e+03, 3.30972290e+02,
    1.49478687e+03, 3.31273804e+02, 1.51951489e+03, 3.31617920e+02,
    1.54429053e+03, 3.31878601e+02, 1.56925732e+03, 3.32216187e+02,
    1.46930334e+03, 3.55969208e+02, 1.49373047e+03, 3.56272797e+02,
    1.51841675e+03, 3.56472839e+02, 1.54329810e+03, 3.56751099e+02,
    1.56821936e+03, 3.57127960e+02 ]
