%YAML:1.0
---
points: [ 1.47639905e+03, 2.04168411e+02, 1.50106421e+03, 2.04637924e+02,
    1.52572107e+03, 2.04938309e+02, 1.55050671e+03, 2.05330276e+02,
    1.57548987e+03, 2.05651062e+02, 1.47503210e+03, 2.29746002e+02,
    1.49965002e+03, 2.30194107e+02, 1.52428735e+03, 2.30494919e+02,
    1.54901807e+03, 2.30787384e+02, 1.57412830e+03, 2.31101135e+02,
    1.47372583e+03, 2.55316315e+02, 1.49820862e+03, 2.55637970e+02,
    1.52297351e+03, 2.55959244e+02, 1.54786401e+03, 2.56315857e+02,
    1.57274902e+03, 2.56520050e+02, 1.47256396e+03, 2.80694244e+02,
    1.49686560e+03, 2.81038025e+02, 1.52175073e+03, 2.81414703e+02,
    1.54653137e+03, 2.81676178e+02, 1.57147583e+03, 2.81964264e+02,
    1.47125220e+03, 3.05917419e+02, 1.49581714e+03, 3.06356964e+02,
    1.52053613e+03, 3.06614868e+02, 1.54525488e+03, 3.06875885e+02,
    1.57031506e+03, 3.07209137e+02, 1.47019958e+03, 3.31037994e+02,
    1.49476685e+03, 3.31258667e+02, 1.51943860e+03, 3.31634766e+02,
    1.54426831e+03, 3.31879333e+02, 1.56924670e+03, 3.32224640e+02,
    1.46923926e+03, 3.55953308e+02, 1.49369336e+03, 3.56319702e+02,
    1.51838184e+03, 3.56496857e+02, 1.54329395e+03, 3.56790314e+02,
    1.56819238e+03, 3.57101685e+02 ]
