%YAML:1.0
---
points: [ 1.56035803e+03, 2.05935501e+02, 1.58498218e+03, 2.06537277e+02,
    1.60954688e+03, 2.06844955e+02, 1.63425183e+03, 2.07328979e+02,
    1.65930225e+03, 2.07644867e+02, 1.55873389e+03, 2.31300507e+02,
    1.58334644e+03, 2.31793533e+02, 1.60781750e+03, 2.32267731e+02,
    1.63257190e+03, 2.32625214e+02, 1.65778137e+03, 2.32974945e+02,
    1.55733667e+03, 2.56545746e+02, 1.58167212e+03, 2.57090240e+02,
    1.60638403e+03, 2.57428284e+02, 1.63113416e+03, 2.57794952e+02,
    1.65609167e+03, 2.58177521e+02, 1.55576562e+03, 2.81840302e+02,
    1.58030469e+03, 2.82267700e+02, 1.60506091e+03, 2.82596588e+02,
    1.62951526e+03, 2.82967896e+02, 1.65458105e+03, 2.83301605e+02,
    1.55443091e+03, 3.06870880e+02, 1.57890100e+03, 3.07426422e+02,
    1.60360669e+03, 3.07632812e+02, 1.62830273e+03, 3.08095612e+02,
    1.65335547e+03, 3.08391205e+02, 1.55330298e+03, 3.31819031e+02,
    1.57760620e+03, 3.32278259e+02, 1.60228052e+03, 3.32656006e+02,
    1.62718372e+03, 3.32896606e+02, 1.65216248e+03, 3.33350861e+02,
    1.55201782e+03, 3.56538147e+02, 1.57644104e+03, 3.57041534e+02,
    1.60124829e+03, 3.57364868e+02, 1.62598535e+03, 3.57728912e+02,
    1.65064685e+03, 3.58066040e+02 ]
