%YAML:1.0
---
points: [ 1.64150439e+03, 2.06141266e+02, 1.66578394e+03, 2.06771500e+02,
    1.69037317e+03, 2.07425217e+02, 1.71485547e+03, 2.07958099e+02,
    1.73932422e+03, 2.08474762e+02, 1.63964929e+03, 2.31436676e+02,
    1.66388013e+03, 2.32140854e+02, 1.68833606e+03, 2.32692566e+02,
    1.71273047e+03, 2.33327515e+02, 1.73773108e+03, 2.33692780e+02,
    1.63802014e+03, 2.56618225e+02, 1.66228564e+03, 2.57269012e+02,
    1.68657178e+03, 2.57791473e+02, 1.71128247e+03, 2.58477020e+02,
    1.73607153e+03, 2.58852295e+02, 1.63648132e+03, 2.81893768e+02,
    1.66057898e+03, 2.82426208e+02, 1.68510461e+03, 2.82935547e+02,
    1.70959204e+03, 2.83504761e+02, 1.73434155e+03, 2.83893097e+02,
    1.63476245e+03, 3.06902130e+02, 1.65919592e+03, 3.07509583e+02,
    1.68359314e+03, 3.08011841e+02, 1.70810571e+03, 3.08481110e+02,
    1.73281592e+03, 3.08980194e+02, 1.63349109e+03, 3.31841034e+02,
    1.65776733e+03, 3.32476807e+02, 1.68217297e+03, 3.32885651e+02,
    1.70667749e+03, 3.33457001e+02, 1.73161829e+03, 3.33891022e+02,
    1.63224756e+03, 3.56552460e+02, 1.65642358e+03, 3.57146271e+02,
    1.68089148e+03, 3.57613007e+02, 1.70557874e+03, 3.58089447e+02,
    1.73015320e+03, 3.58601349e+02 ]
