%YAML:1.0
---
points: [ 1.72202673e+03, 2.08322662e+02, 1.74619800e+03, 2.09011902e+02,
    1.77043457e+03, 2.09680771e+02, 1.79496240e+03, 2.10355499e+02,
    1.81932104e+03, 2.10980881e+02, 1.72032300e+03, 2.33512283e+02,
    1.74424878e+03, 2.34174805e+02, 1.76863672e+03, 2.34684784e+02,
    1.79284106e+03, 2.35316833e+02, 1.81762659e+03, 2.35782761e+02,
    1.71844629e+03, 2.58440643e+02, 1.74268005e+03, 2.59201263e+02,
    1.76694092e+03, 2.59736237e+02, 1.79128589e+03, 2.60380219e+02,
    1.81617993e+03, 2.60738373e+02, 1.71693066e+03, 2.83288849e+02,
    1.74118359e+03, 2.83844696e+02, 1.76538550e+03, 2.84555542e+02,
    1.78974963e+03, 2.85261261e+02, 1.81449023e+03, 2.85707703e+02,
    1.71549768e+03, 3.08160034e+02, 1.73956848e+03, 3.08716827e+02,
    1.76395935e+03, 3.09279388e+02, 1.78847766e+03, 3.09781464e+02,
    1.81290039e+03, 3.10403656e+02, 1.71412976e+03, 3.32824310e+02,
    1.73836975e+03, 3.33438477e+02, 1.76278223e+03, 3.34048218e+02,
    1.78716821e+03, 3.34446808e+02, 1.81174841e+03, 3.34876099e+02,
    1.71264990e+03, 3.57410522e+02, 1.73708130e+03, 3.57948669e+02,
    1.76145105e+03, 3.58559570e+02, 1.78586084e+03, 3.59086578e+02,
    1.81057678e+03, 3.59525452e+02 ]
