%YAML:1.0
---
points: [ 1.72204150e+03, 2.08328568e+02, 1.74619507e+03, 2.09082336e+02,
    1.77039209e+03, 2.09696732e+02, 1.79494250e+03, 2.10382385e+02,
    1.81935278e+03, 2.10950851e+02, 1.72031421e+03, 2.33533249e+02,
    1.74422913e+03, 2.34162766e+02, 1.76866187e+03, 2.34691986e+02,
    1.79284973e+03, 2.35296814e+02, 1.81758984e+03, 2.35782990e+02,
    1.71846167e+03, 2.58488098e+02, 1.74265210e+03, 2.59202332e+02,
    1.76694470e+03, 2.59760773e+02, 1.79129077e+03, 2.60337616e+02,
    1.81613440e+03, 2.60755676e+02, 1.71692749e+03, 2.83307404e+02,
    1.74120325e+03, 2.83871857e+02, 1.76533411e+03, 2.84530182e+02,
    1.78970496e+03, 2.85235474e+02, 1.81447131e+03, 2.85705597e+02,
    1.71548804e+03, 3.08171600e+02, 1.73956848e+03, 3.08690216e+02,
    1.76390979e+03, 3.09281921e+02, 1.78848987e+03, 3.09757477e+02,
    1.81289258e+03, 3.10398102e+02, 1.71412500e+03, 3.32840393e+02,
    1.73836230e+03, 3.33451660e+02, 1.76274500e+03, 3.34099579e+02,
    1.78715381e+03, 3.34428162e+02, 1.81174585e+03, 3.34892883e+02,
    1.71263330e+03, 3.57426605e+02, 1.73703406e+03, 3.57956879e+02,
    1.76145825e+03, 3.58554749e+02, 1.78583325e+03, 3.59111847e+02,
    1.81053149e+03, 3.59575409e+02 ]
