%YAML:1.0
---
points: [ 1.78692847e+03, 2.08246384e+02, 1.81103943e+03, 2.08811554e+02,
    1.83510803e+03, 2.09570679e+02, 1.85934888e+03, 2.10166260e+02,
    1.88375684e+03, 2.10824371e+02, 1.78528674e+03, 2.33399475e+02,
    1.80920825e+03, 2.33969559e+02, 1.83329553e+03, 2.34552109e+02,
    1.85757654e+03, 2.35192444e+02, 1.88203918e+03, 2.35576157e+02,
    1.78359033e+03, 2.58309753e+02, 1.80742310e+03, 2.58925842e+02,
    1.83165747e+03, 2.59605865e+02, 1.85592175e+03, 2.60217224e+02,
    1.88047400e+03, 2.60549652e+02, 1.78201184e+03, 2.83201355e+02,
    1.80612683e+03, 2.83728455e+02, 1.83025977e+03, 2.84388550e+02,
    1.85443250e+03, 2.85049530e+02, 1.87910229e+03, 2.85573303e+02,
    1.78050818e+03, 3.07840851e+02, 1.80463940e+03, 3.08529480e+02,
    1.82865430e+03, 3.09122742e+02, 1.85316248e+03, 3.09550079e+02,
    1.87760144e+03, 3.10225525e+02, 1.77929065e+03, 3.32703308e+02,
    1.80339294e+03, 3.33292725e+02, 1.82752100e+03, 3.33754700e+02,
    1.85182898e+03, 3.34331299e+02, 1.87625977e+03, 3.34663452e+02,
    1.77794092e+03, 3.57215820e+02, 1.80204736e+03, 3.57716675e+02,
    1.82641101e+03, 3.58347656e+02, 1.85069153e+03, 3.58817261e+02,
    1.87503369e+03, 3.59437408e+02 ]
