%YAML:1.0
---
points: [ 1.81157349e+03, 2.08205322e+02, 1.83556226e+03, 2.08738327e+02,
    1.85950757e+03, 2.09515961e+02, 1.88382544e+03, 2.10083954e+02,
    1.90786206e+03, 2.10779846e+02, 1.80993054e+03, 2.33329086e+02,
    1.83356946e+03, 2.33829926e+02, 1.85785449e+03, 2.34523254e+02,
    1.88177698e+03, 2.35147736e+02, 1.90645789e+03, 2.35573135e+02,
    1.80818872e+03, 2.58199402e+02, 1.83215674e+03, 2.58858978e+02,
    1.85616833e+03, 2.59526672e+02, 1.88027222e+03, 2.60117676e+02,
    1.90478125e+03, 2.60527496e+02, 1.80674915e+03, 2.83013550e+02,
    1.83057874e+03, 2.83587219e+02, 1.85460071e+03, 2.84329132e+02,
    1.87872644e+03, 2.85024078e+02, 1.90321118e+03, 2.85510620e+02,
    1.80536145e+03, 3.07828949e+02, 1.82906299e+03, 3.08524078e+02,
    1.85333667e+03, 3.09093719e+02, 1.87747473e+03, 3.09523926e+02,
    1.90165405e+03, 3.10201599e+02, 1.80395374e+03, 3.32623077e+02,
    1.82775769e+03, 3.33240173e+02, 1.85208105e+03, 3.33720032e+02,
    1.87620813e+03, 3.34280731e+02, 1.90062207e+03, 3.34632080e+02,
    1.80249695e+03, 3.57237091e+02, 1.82666687e+03, 3.57720520e+02,
    1.85073071e+03, 3.58305878e+02, 1.87499390e+03, 3.58755249e+02,
    1.89941736e+03, 3.59378418e+02 ]
