%YAML:1.0
---
points: [ 1.91065674e+03, 3.56944092e+02, 1.88646216e+03, 3.57685059e+02,
    1.86250488e+03, 3.58500458e+02, 1.83836047e+03, 3.59259674e+02,
    1.81441003e+03, 3.59817627e+02, 1.91082300e+03, 3.32471497e+02,
    1.88639233e+03, 3.33295807e+02, 1.86250476e+03, 3.33927612e+02,
    1.83838318e+03, 3.34525055e+02, 1.81450818e+03, 3.35176361e+02,
    1.91084546e+03, 3.07777710e+02, 1.88646326e+03, 3.08534729e+02,
    1.86252319e+03, 3.09234650e+02, 1.83842908e+03, 3.09865936e+02,
    1.81460669e+03, 3.10533691e+02, 1.91116870e+03, 2.83006165e+02,
    1.88655823e+03, 2.83711853e+02, 1.86275452e+03, 2.84462616e+02,
    1.83860974e+03, 2.85263977e+02, 1.81489343e+03, 2.85758423e+02,
    1.91137097e+03, 2.58321838e+02, 1.88687109e+03, 2.58933380e+02,
    1.86298389e+03, 2.59666504e+02, 1.83887976e+03, 2.60385193e+02,
    1.81530518e+03, 2.60795227e+02, 1.91171875e+03, 2.33386963e+02,
    1.88741150e+03, 2.34075470e+02, 1.86333752e+03, 2.34689224e+02,
    1.83935339e+03, 2.35304001e+02, 1.81570496e+03, 2.35738251e+02,
    1.91229724e+03, 2.08391739e+02, 1.88814258e+03, 2.09033401e+02,
    1.86398462e+03, 2.09604218e+02, 1.83988977e+03, 2.10219330e+02,
    1.81627173e+03, 2.10749878e+02 ]
