%YAML:1.0
---
points: [ 1.81809998e+03, 1.80486336e+01, 1.84082947e+03, 1.83724709e+01,
    1.86361499e+03, 1.85731544e+01, 1.88657739e+03, 1.86489620e+01,
    1.90976489e+03, 1.87894783e+01, 1.81753418e+03, 4.36173363e+01,
    1.84007971e+03, 4.38477745e+01, 1.86294690e+03, 4.40781097e+01,
    1.88576648e+03, 4.42639542e+01, 1.90919788e+03, 4.41331749e+01,
    1.81702454e+03, 6.90839005e+01, 1.83954724e+03, 6.93446503e+01,
    1.86257617e+03, 6.94767303e+01, 1.88536572e+03, 6.94992294e+01,
    1.90849487e+03, 6.94540482e+01, 1.81669299e+03, 9.44297867e+01,
    1.83927002e+03, 9.45578842e+01, 1.86235352e+03, 9.45956268e+01,
    1.88499780e+03, 9.46274567e+01, 1.90819751e+03, 9.44951324e+01,
    1.81639893e+03, 1.19590546e+02, 1.83894324e+03, 1.19683708e+02,
    1.86187366e+03, 1.19701630e+02, 1.88475305e+03, 1.19636070e+02,
    1.90787720e+03, 1.19530571e+02, 1.81629041e+03, 1.44704941e+02,
    1.83883997e+03, 1.44765015e+02, 1.86175232e+03, 1.44707733e+02,
    1.88472119e+03, 1.44629593e+02, 1.90770410e+03, 1.44434540e+02,
    1.81615454e+03, 1.69857224e+02, 1.83878442e+03, 1.69726608e+02,
    1.86177161e+03, 1.69666702e+02, 1.88471631e+03, 1.69557480e+02,
    1.90762305e+03, 1.69435150e+02 ]
