%YAML:1.0
---
points: [ 1.81375452e+03, 1.06436548e+01, 1.83773828e+03, 1.06290455e+01,
    1.86178577e+03, 1.05213881e+01, 1.88614233e+03, 1.01182928e+01,
    1.91060742e+03, 9.86454868e+00, 1.81292212e+03, 3.60067787e+01,
    1.83684619e+03, 3.59417343e+01, 1.86086035e+03, 3.57510414e+01,
    1.88521057e+03, 3.55403023e+01, 1.90985291e+03, 3.51474686e+01,
    1.81233484e+03, 6.13633842e+01, 1.83628479e+03, 6.13233604e+01,
    1.86030200e+03, 6.11174164e+01, 1.88461804e+03, 6.07390823e+01,
    1.90924036e+03, 6.04053612e+01, 1.81181592e+03, 8.65916977e+01,
    1.83567297e+03, 8.64981461e+01, 1.85975195e+03, 8.62779160e+01,
    1.88413220e+03, 8.60792084e+01, 1.90852759e+03, 8.55866547e+01,
    1.81139148e+03, 1.11647568e+02, 1.83528223e+03, 1.11570488e+02,
    1.85936462e+03, 1.11390144e+02, 1.88360779e+03, 1.10936287e+02,
    1.90812952e+03, 1.10572906e+02, 1.81106262e+03, 1.36501953e+02,
    1.83484277e+03, 1.36330627e+02, 1.85916785e+03, 1.36057037e+02,
    1.88339648e+03, 1.35692856e+02, 1.90769543e+03, 1.35332764e+02,
    1.81070654e+03, 1.61363358e+02, 1.83464429e+03, 1.61231796e+02,
    1.85899109e+03, 1.60815781e+02, 1.88320154e+03, 1.60534332e+02,
    1.90742017e+03, 1.60294815e+02 ]
