%YAML:1.0
---
points: [ 1.77716296e+03, 1.16404877e+01, 1.80080847e+03, 1.18049393e+01,
    1.82463696e+03, 1.17827587e+01, 1.84879126e+03, 1.16913643e+01,
    1.87320728e+03, 1.15642834e+01, 1.77629077e+03, 3.68496971e+01,
    1.80008704e+03, 3.70471306e+01, 1.82385352e+03, 3.69879379e+01,
    1.84797034e+03, 3.67727165e+01, 1.87234851e+03, 3.65688248e+01,
    1.77565320e+03, 6.20625038e+01, 1.79944690e+03, 6.21939468e+01,
    1.82332275e+03, 6.20822868e+01, 1.84741101e+03, 6.18956528e+01,
    1.87154907e+03, 6.16698494e+01, 1.77520972e+03, 8.73280182e+01,
    1.79894019e+03, 8.73034439e+01, 1.82277539e+03, 8.72049332e+01,
    1.84685425e+03, 8.71156158e+01, 1.87116650e+03, 8.67965317e+01,
    1.77463843e+03, 1.12433769e+02, 1.79851758e+03, 1.12412186e+02,
    1.82238892e+03, 1.12314987e+02, 1.84647375e+03, 1.12069054e+02,
    1.87059839e+03, 1.11769135e+02, 1.77435205e+03, 1.37233124e+02,
    1.79814380e+03, 1.37151398e+02, 1.82211536e+03, 1.36882156e+02,
    1.84625842e+03, 1.36604401e+02, 1.87038928e+03, 1.36400925e+02,
    1.77402808e+03, 1.61956696e+02, 1.79777563e+03, 1.61742142e+02,
    1.82194226e+03, 1.61518570e+02, 1.84607690e+03, 1.61385162e+02,
    1.87003931e+03, 1.61197662e+02 ]
