%YAML:1.0
---
points: [ 1.75229260e+03, 1.22770424e+01, 1.77572864e+03, 1.23944912e+01,
    1.79965295e+03, 1.24791765e+01, 1.82364185e+03, 1.24010239e+01,
    1.84780420e+03, 1.23435926e+01, 1.75142017e+03, 3.75618439e+01,
    1.77494214e+03, 3.76726913e+01, 1.79894409e+03, 3.76872063e+01,
    1.82271448e+03, 3.75961571e+01, 1.84724207e+03, 3.73650513e+01,
    1.75060229e+03, 6.25629005e+01, 1.77441479e+03, 6.26852951e+01,
    1.79830969e+03, 6.26200371e+01, 1.82229150e+03, 6.25078773e+01,
    1.84652588e+03, 6.23756905e+01, 1.75017297e+03, 8.77067642e+01,
    1.77391418e+03, 8.77125397e+01, 1.79770520e+03, 8.76683731e+01,
    1.82170227e+03, 8.75653076e+01, 1.84614563e+03, 8.73668900e+01,
    1.74958997e+03, 1.12790459e+02, 1.77351929e+03, 1.12779236e+02,
    1.79733728e+03, 1.12709106e+02, 1.82140784e+03, 1.12566696e+02,
    1.84558350e+03, 1.12413475e+02, 1.74928809e+03, 1.37671295e+02,
    1.77328259e+03, 1.37624985e+02, 1.79705566e+03, 1.37511215e+02,
    1.82119128e+03, 1.37319397e+02, 1.84529553e+03, 1.36967712e+02,
    1.74887012e+03, 1.62451660e+02, 1.77284949e+03, 1.62272141e+02,
    1.79681873e+03, 1.62096207e+02, 1.82088757e+03, 1.61798477e+02,
    1.84481030e+03, 1.61644913e+02 ]
