%YAML:1.0
---
points: [ 1.70668713e+03, 1.15617409e+01, 1.73051929e+03, 1.16987457e+01,
    1.75439954e+03, 1.17683878e+01, 1.77852429e+03, 1.17635441e+01,
    1.80243970e+03, 1.17319059e+01, 1.70606909e+03, 3.68206978e+01,
    1.72957703e+03, 3.69182510e+01, 1.75361145e+03, 3.70043449e+01,
    1.77748743e+03, 3.69193382e+01, 1.80179517e+03, 3.68046494e+01,
    1.70537830e+03, 6.20790710e+01, 1.72889099e+03, 6.22132187e+01,
    1.75300623e+03, 6.22034569e+01, 1.77685730e+03, 6.21392860e+01,
    1.80121204e+03, 6.19537163e+01, 1.70477869e+03, 8.73314438e+01,
    1.72842419e+03, 8.73561783e+01, 1.75246240e+03, 8.73367386e+01,
    1.77637793e+03, 8.72596436e+01, 1.80065564e+03, 8.70492172e+01,
    1.70432104e+03, 1.12463211e+02, 1.72792126e+03, 1.12440544e+02,
    1.75188574e+03, 1.12427269e+02, 1.77587415e+03, 1.12295815e+02,
    1.80028833e+03, 1.12105148e+02, 1.70370325e+03, 1.37409317e+02,
    1.72756543e+03, 1.37299957e+02, 1.75159033e+03, 1.37207962e+02,
    1.77558179e+03, 1.36882904e+02, 1.79985974e+03, 1.36618500e+02,
    1.70332739e+03, 1.62199738e+02, 1.72722778e+03, 1.61969208e+02,
    1.75135681e+03, 1.61761673e+02, 1.77532764e+03, 1.61580185e+02,
    1.79947180e+03, 1.61444214e+02 ]
