%YAML:1.0
---
points: [ 1.67070837e+03, 9.44047165e+00, 1.69460376e+03, 9.66512203e+00,
    1.71836975e+03, 9.89183331e+00, 1.74236194e+03, 9.94802570e+00,
    1.76634790e+03, 1.00290842e+01, 1.66987854e+03, 3.50897369e+01,
    1.69353601e+03, 3.53020630e+01, 1.71744739e+03, 3.53601265e+01,
    1.74148499e+03, 3.53950996e+01, 1.76550537e+03, 3.53513069e+01,
    1.66931921e+03, 6.05013237e+01, 1.69285938e+03, 6.06891479e+01,
    1.71670044e+03, 6.07628479e+01, 1.74068347e+03, 6.07019958e+01,
    1.76482434e+03, 6.06697426e+01, 1.66863757e+03, 8.59140549e+01,
    1.69226550e+03, 8.59891815e+01, 1.71631653e+03, 8.61341629e+01,
    1.74009497e+03, 8.60430374e+01, 1.76430676e+03, 8.58814468e+01,
    1.66807654e+03, 1.11123970e+02, 1.69166235e+03, 1.11219612e+02,
    1.71565930e+03, 1.11216705e+02, 1.73960486e+03, 1.11103355e+02,
    1.76377405e+03, 1.10939545e+02, 1.66755920e+03, 1.36140335e+02,
    1.69134924e+03, 1.36102921e+02, 1.71534473e+03, 1.36050766e+02,
    1.73921399e+03, 1.35903976e+02, 1.76349622e+03, 1.35708435e+02,
    1.66705212e+03, 1.61212723e+02, 1.69096448e+03, 1.61112289e+02,
    1.71503516e+03, 1.60934860e+02, 1.73882141e+03, 1.60792603e+02,
    1.76305811e+03, 1.60664200e+02 ]
