%YAML:1.0
---
points: [ 1.61874963e+03, 1.25373383e+01, 1.64265417e+03, 1.26643715e+01,
    1.66642944e+03, 1.27628784e+01, 1.69048438e+03, 1.27242002e+01,
    1.71448767e+03, 1.26978159e+01, 1.61803418e+03, 3.80051003e+01,
    1.64172632e+03, 3.82842598e+01, 1.66555933e+03, 3.82672348e+01,
    1.68960657e+03, 3.82042389e+01, 1.71367126e+03, 3.79556656e+01,
    1.61740247e+03, 6.33586273e+01, 1.64118713e+03, 6.35126839e+01,
    1.66486096e+03, 6.34168701e+01, 1.68898999e+03, 6.33404617e+01,
    1.71304236e+03, 6.31476822e+01, 1.61672388e+03, 8.86157990e+01,
    1.64045996e+03, 8.85933914e+01, 1.66442041e+03, 8.85306854e+01,
    1.68834302e+03, 8.84347839e+01, 1.71248828e+03, 8.82542953e+01,
    1.61620984e+03, 1.13766182e+02, 1.63979993e+03, 1.13732552e+02,
    1.66377637e+03, 1.13618240e+02, 1.68774170e+03, 1.13481346e+02,
    1.71188391e+03, 1.13273994e+02, 1.61574231e+03, 1.38790924e+02,
    1.63938611e+03, 1.38655869e+02, 1.66346716e+03, 1.38535919e+02,
    1.68738354e+03, 1.38371719e+02, 1.71156372e+03, 1.38070282e+02,
    1.61530139e+03, 1.63661270e+02, 1.63902563e+03, 1.63482773e+02,
    1.66309180e+03, 1.63192978e+02, 1.68696484e+03, 1.62921936e+02,
    1.71112036e+03, 1.62701096e+02 ]
