%YAML:1.0
---
points: [ 1.56554248e+03, 1.21345615e+01, 1.58965552e+03, 1.21855383e+01,
    1.61354590e+03, 1.21049013e+01, 1.63778308e+03, 1.18513079e+01,
    1.66213013e+03, 1.17221279e+01, 1.56491638e+03, 3.76376648e+01,
    1.58881360e+03, 3.76184959e+01, 1.61278259e+03, 3.74930534e+01,
    1.63717126e+03, 3.72446251e+01, 1.66138245e+03, 3.68963165e+01,
    1.56433582e+03, 6.29929504e+01, 1.58830493e+03, 6.29678078e+01,
    1.61235010e+03, 6.26886902e+01, 1.63651489e+03, 6.24619141e+01,
    1.66072913e+03, 6.21646271e+01, 1.56378699e+03, 8.83809586e+01,
    1.58758984e+03, 8.82596436e+01, 1.61189050e+03, 8.80335388e+01,
    1.63605273e+03, 8.77152405e+01, 1.66032251e+03, 8.74181519e+01,
    1.56337854e+03, 1.13622215e+02, 1.58724878e+03, 1.13472610e+02,
    1.61142029e+03, 1.13216110e+02, 1.63554614e+03, 1.12792526e+02,
    1.65974805e+03, 1.12487335e+02, 1.56299255e+03, 1.38668686e+02,
    1.58680859e+03, 1.38462433e+02, 1.61107251e+03, 1.38156830e+02,
    1.63518481e+03, 1.37767334e+02, 1.65947168e+03, 1.37335815e+02,
    1.56253625e+03, 1.63541199e+02, 1.58648035e+03, 1.63176620e+02,
    1.61077856e+03, 1.62807144e+02, 1.63479565e+03, 1.62483154e+02,
    1.65916138e+03, 1.62133255e+02 ]
