%YAML:1.0
---
points: [ 1.47300195e+03, 1.16233177e+01, 1.49700952e+03, 1.14722767e+01,
    1.52151257e+03, 1.11694155e+01, 1.54575171e+03, 1.05902205e+01,
    1.57036902e+03, 1.01529093e+01, 1.47239624e+03, 3.73044891e+01,
    1.49651416e+03, 3.70487022e+01, 1.52099500e+03, 3.66340294e+01,
    1.54526074e+03, 3.61677704e+01, 1.56998669e+03, 3.55536690e+01,
    1.47191846e+03, 6.27129021e+01, 1.49623755e+03, 6.24702873e+01,
    1.52050769e+03, 6.20976868e+01, 1.54480530e+03, 6.15606918e+01,
    1.56950562e+03, 6.09564934e+01, 1.47152246e+03, 8.82183609e+01,
    1.49584253e+03, 8.78341141e+01, 1.52022632e+03, 8.74430542e+01,
    1.54448523e+03, 8.70341034e+01, 1.56919751e+03, 8.64221191e+01,
    1.47126367e+03, 1.13532379e+02, 1.49552209e+03, 1.13221931e+02,
    1.51985681e+03, 1.12687836e+02, 1.54422461e+03, 1.12247200e+02,
    1.56883459e+03, 1.11545334e+02, 1.47111121e+03, 1.38635483e+02,
    1.49534253e+03, 1.38218826e+02, 1.51959814e+03, 1.37711166e+02,
    1.54396790e+03, 1.37134689e+02, 1.56864343e+03, 1.36408981e+02,
    1.47089624e+03, 1.63614700e+02, 1.49515723e+03, 1.63054245e+02,
    1.51948340e+03, 1.62492889e+02, 1.54371814e+03, 1.61865005e+02,
    1.56839832e+03, 1.61354919e+02 ]
