%YAML:1.0
---
points: [ 1.40975574e+03, 1.05924435e+01, 1.43409167e+03, 1.02882738e+01,
    1.45853540e+03, 9.85118103e+00, 1.48311462e+03, 9.37234402e+00,
    1.50766003e+03, 8.73504066e+00, 1.40938196e+03, 3.63666687e+01,
    1.43361121e+03, 3.60215988e+01, 1.45821680e+03, 3.55223427e+01,
    1.48263928e+03, 3.50014801e+01, 1.50735229e+03, 3.44322433e+01,
    1.40913306e+03, 6.19927483e+01, 1.43340076e+03, 6.16038551e+01,
    1.45788708e+03, 6.12130547e+01, 1.48235693e+03, 6.05751572e+01,
    1.50703101e+03, 5.99688683e+01, 1.40890466e+03, 8.75028992e+01,
    1.43325891e+03, 8.71669159e+01, 1.45767090e+03, 8.65973587e+01,
    1.48206604e+03, 8.59990463e+01, 1.50672986e+03, 8.54438782e+01,
    1.40875610e+03, 1.12872574e+02, 1.43305896e+03, 1.12568390e+02,
    1.45753149e+03, 1.11989517e+02, 1.48183618e+03, 1.11335724e+02,
    1.50657410e+03, 1.10569260e+02, 1.40865906e+03, 1.38186615e+02,
    1.43291504e+03, 1.37671753e+02, 1.45747485e+03, 1.37013321e+02,
    1.48174268e+03, 1.36295746e+02, 1.50646082e+03, 1.35576584e+02,
    1.40859680e+03, 1.63079514e+02, 1.43279700e+03, 1.62557663e+02,
    1.45741565e+03, 1.61919449e+02, 1.48167712e+03, 1.61361389e+02,
    1.50635327e+03, 1.60672302e+02 ]
