%YAML:1.0
---
points: [ 1.35557385e+03, 1.16560402e+01, 1.38009082e+03, 1.14255514e+01,
    1.40439062e+03, 1.09273920e+01, 1.42884302e+03, 1.03957405e+01,
    1.45355627e+03, 9.81171894e+00, 1.35535938e+03, 3.73578529e+01,
    1.37967737e+03, 3.69952126e+01, 1.40411340e+03, 3.66057739e+01,
    1.42853064e+03, 3.60009842e+01, 1.45334595e+03, 3.53635750e+01,
    1.35524219e+03, 6.27785645e+01, 1.37950464e+03, 6.24868851e+01,
    1.40393274e+03, 6.20457001e+01, 1.42833691e+03, 6.15138588e+01,
    1.45301917e+03, 6.08345032e+01, 1.35509290e+03, 8.83797760e+01,
    1.37938745e+03, 8.79257202e+01, 1.40368530e+03, 8.74496689e+01,
    1.42819336e+03, 8.69539871e+01, 1.45276672e+03, 8.62734756e+01,
    1.35496411e+03, 1.13697868e+02, 1.37927698e+03, 1.13345657e+02,
    1.40358313e+03, 1.12738846e+02, 1.42807629e+03, 1.12292442e+02,
    1.45268713e+03, 1.11492188e+02, 1.35489417e+03, 1.38877533e+02,
    1.37927637e+03, 1.38421707e+02, 1.40351538e+03, 1.37814484e+02,
    1.42800330e+03, 1.37220230e+02, 1.45262244e+03, 1.36416458e+02,
    1.35486133e+03, 1.63886917e+02, 1.37918811e+03, 1.63303009e+02,
    1.40351611e+03, 1.62685287e+02, 1.42797253e+03, 1.62081238e+02,
    1.45250720e+03, 1.61411575e+02 ]
