%YAML:1.0
---
points: [ 1.28401880e+03, 1.30175953e+01, 1.30818762e+03, 1.28746614e+01,
    1.33254883e+03, 1.26112061e+01, 1.35695190e+03, 1.22192888e+01,
    1.38143091e+03, 1.17600117e+01, 1.28374719e+03, 3.86902885e+01,
    1.30794299e+03, 3.85747795e+01, 1.33237781e+03, 3.83072319e+01,
    1.35669373e+03, 3.77740250e+01, 1.38123047e+03, 3.72110252e+01,
    1.28367920e+03, 6.42171707e+01, 1.30780225e+03, 6.39765167e+01,
    1.33227112e+03, 6.36320267e+01, 1.35654089e+03, 6.31372948e+01,
    1.38099939e+03, 6.24636612e+01, 1.28357275e+03, 8.95848007e+01,
    1.30773657e+03, 8.93065948e+01, 1.33219666e+03, 8.89054337e+01,
    1.35639246e+03, 8.84817657e+01, 1.38076038e+03, 8.77727585e+01,
    1.28357166e+03, 1.14735207e+02, 1.30763647e+03, 1.14477806e+02,
    1.33206506e+03, 1.14155838e+02, 1.35633325e+03, 1.13590202e+02,
    1.38068604e+03, 1.13068184e+02, 1.28356750e+03, 1.39865875e+02,
    1.30764600e+03, 1.39633118e+02, 1.33207397e+03, 1.39256439e+02,
    1.35630774e+03, 1.38652832e+02, 1.38063831e+03, 1.38061157e+02,
    1.28358875e+03, 1.64871979e+02, 1.30765796e+03, 1.64548203e+02,
    1.33208838e+03, 1.64040009e+02, 1.35630737e+03, 1.63455124e+02,
    1.38061511e+03, 1.62839081e+02 ]
