%YAML:1.0
---
points: [ 1.21851794e+03, 1.23379526e+01, 1.24293933e+03, 1.21683083e+01,
    1.26752771e+03, 1.18541441e+01, 1.29193274e+03, 1.15020866e+01,
    1.31664929e+03, 1.09399347e+01, 1.21844336e+03, 3.81210556e+01,
    1.24279407e+03, 3.78561745e+01, 1.26736902e+03, 3.75336838e+01,
    1.29172290e+03, 3.69882736e+01, 1.31651660e+03, 3.65175133e+01,
    1.21841003e+03, 6.36423569e+01, 1.24275696e+03, 6.34186058e+01,
    1.26726465e+03, 6.29350967e+01, 1.29156909e+03, 6.24935570e+01,
    1.31642017e+03, 6.19970245e+01, 1.21845190e+03, 8.91455612e+01,
    1.24279871e+03, 8.88147507e+01, 1.26726990e+03, 8.84673767e+01,
    1.29154761e+03, 8.79217911e+01, 1.31635901e+03, 8.74450455e+01,
    1.21845850e+03, 1.14382126e+02, 1.24277295e+03, 1.14194122e+02,
    1.26718286e+03, 1.13749146e+02, 1.29151538e+03, 1.13280701e+02,
    1.31625220e+03, 1.12684425e+02, 1.21852502e+03, 1.39591675e+02,
    1.24279321e+03, 1.39347092e+02, 1.26718335e+03, 1.38833328e+02,
    1.29149658e+03, 1.38348511e+02, 1.31616772e+03, 1.37707352e+02,
    1.21860608e+03, 1.64643005e+02, 1.24282642e+03, 1.64329819e+02,
    1.26725867e+03, 1.63709320e+02, 1.29152649e+03, 1.63198532e+02,
    1.31616492e+03, 1.62598145e+02 ]
