%YAML:1.0
---
points: [ 1.14110217e+03, 1.08658228e+01, 1.16545386e+03, 1.07089405e+01,
    1.19018506e+03, 1.04814444e+01, 1.21463586e+03, 1.01243515e+01,
    1.23932812e+03, 9.64407349e+00, 1.14122351e+03, 3.67379684e+01,
    1.16547400e+03, 3.66361732e+01, 1.19023352e+03, 3.63816032e+01,
    1.21466064e+03, 3.58119621e+01, 1.23932483e+03, 3.53930588e+01,
    1.14137610e+03, 6.23720932e+01, 1.16558167e+03, 6.22867241e+01,
    1.19029431e+03, 6.19191933e+01, 1.21464136e+03, 6.15440521e+01,
    1.23932104e+03, 6.09203682e+01, 1.14152942e+03, 8.81109695e+01,
    1.16570691e+03, 8.78071060e+01, 1.19035217e+03, 8.75199509e+01,
    1.21471118e+03, 8.71881943e+01, 1.23930078e+03, 8.65646133e+01,
    1.14164551e+03, 1.13576813e+02, 1.16584290e+03, 1.13320381e+02,
    1.19043921e+03, 1.12905319e+02, 1.21481909e+03, 1.12533997e+02,
    1.23930164e+03, 1.11944878e+02, 1.14183618e+03, 1.38797806e+02,
    1.16606653e+03, 1.38543304e+02, 1.19052258e+03, 1.38164642e+02,
    1.21491821e+03, 1.37671738e+02, 1.23935828e+03, 1.36987915e+02,
    1.14209644e+03, 1.64009644e+02, 1.16624487e+03, 1.63509903e+02,
    1.19064404e+03, 1.63005875e+02, 1.21510791e+03, 1.62563477e+02,
    1.23940491e+03, 1.62021500e+02 ]
