%YAML:1.0
---
points: [ 1.04474219e+03, 1.23730860e+01, 1.06934900e+03, 1.24750223e+01,
    1.09370886e+03, 1.24169168e+01, 1.11817920e+03, 1.22420788e+01,
    1.14263977e+03, 1.19761972e+01, 1.04517175e+03, 3.82808380e+01,
    1.06952271e+03, 3.83302650e+01, 1.09403259e+03, 3.82766342e+01,
    1.11827588e+03, 3.79635277e+01, 1.14280176e+03, 3.75750237e+01,
    1.04545398e+03, 6.38302841e+01, 1.06975476e+03, 6.39258766e+01,
    1.09430310e+03, 6.37702370e+01, 1.11841541e+03, 6.35838280e+01,
    1.14303479e+03, 6.30837708e+01, 1.04577234e+03, 8.93323059e+01,
    1.07012476e+03, 8.93039246e+01, 1.09454126e+03, 8.92004089e+01,
    1.11865735e+03, 8.89555969e+01, 1.14324414e+03, 8.85635529e+01,
    1.04619788e+03, 1.14659721e+02, 1.07036182e+03, 1.14624245e+02,
    1.09471057e+03, 1.14482704e+02, 1.11887988e+03, 1.14276199e+02,
    1.14337585e+03, 1.13848434e+02, 1.04656299e+03, 1.39855728e+02,
    1.07068115e+03, 1.39780807e+02, 1.09507910e+03, 1.39609589e+02,
    1.11923730e+03, 1.39392944e+02, 1.14354004e+03, 1.38946365e+02,
    1.04691858e+03, 1.65062485e+02, 1.07096924e+03, 1.64823730e+02,
    1.09541541e+03, 1.64629333e+02, 1.11944067e+03, 1.64387985e+02,
    1.14368665e+03, 1.63951660e+02 ]
