%YAML:1.0
---
points: [ 9.48494324e+02, 1.32080641e+01, 9.73032288e+02, 1.34064579e+01,
    9.97407532e+02, 1.34664040e+01, 1.02178833e+03, 1.33981094e+01,
    1.04635583e+03, 1.33246098e+01, 9.49039490e+02, 3.89053917e+01,
    9.73500183e+02, 3.91832161e+01, 9.97759888e+02, 3.92165222e+01,
    1.02228308e+03, 3.90552101e+01, 1.04672266e+03, 3.88317299e+01,
    9.49499390e+02, 6.46252670e+01, 9.73925232e+02, 6.48232346e+01,
    9.98359619e+02, 6.47359848e+01, 1.02264832e+03, 6.46337051e+01,
    1.04722986e+03, 6.43980179e+01, 9.50073975e+02, 9.02559662e+01,
    9.74488770e+02, 9.03441238e+01, 9.98875427e+02, 9.02764511e+01,
    1.02316254e+03, 9.01132050e+01, 1.04757690e+03, 8.96848831e+01,
    9.50586060e+02, 1.15497337e+02, 9.75052368e+02, 1.15558563e+02,
    9.99401733e+02, 1.15457085e+02, 1.02349512e+03, 1.15287186e+02,
    1.04788721e+03, 1.14942146e+02, 9.51256104e+02, 1.40686798e+02,
    9.75483643e+02, 1.40608429e+02, 9.99805481e+02, 1.40504898e+02,
    1.02397046e+03, 1.40342682e+02, 1.04833643e+03, 1.39944733e+02,
    9.51836365e+02, 1.65726990e+02, 9.76036560e+02, 1.65627579e+02,
    1.00038428e+03, 1.65469162e+02, 1.02442041e+03, 1.65281525e+02,
    1.04861438e+03, 1.64936295e+02 ]
