%YAML:1.0
---
points: [ 8.32914978e+02, 1.43532219e+01, 8.57595093e+02, 1.47481918e+01,
    8.82199463e+02, 1.50662365e+01, 9.06684631e+02, 1.51920099e+01,
    9.31250305e+02, 1.52647448e+01, 8.33675842e+02, 4.01944427e+01,
    8.58443298e+02, 4.04851685e+01, 8.82821411e+02, 4.06657066e+01,
    9.07335754e+02, 4.06496391e+01, 9.31796021e+02, 4.06438904e+01,
    8.34510620e+02, 6.56463928e+01, 8.59063232e+02, 6.59370117e+01,
    8.83591187e+02, 6.62198944e+01, 9.07868896e+02, 6.62743607e+01,
    9.32433838e+02, 6.61637344e+01, 8.35221985e+02, 9.11275711e+01,
    8.59746582e+02, 9.14471130e+01, 8.84320618e+02, 9.15883789e+01,
    9.08505554e+02, 9.16040192e+01, 9.32854980e+02, 9.15446320e+01,
    8.36147766e+02, 1.16376495e+02, 8.60431335e+02, 1.16665634e+02,
    8.84945740e+02, 1.16745804e+02, 9.09071472e+02, 1.16726868e+02,
    9.33468323e+02, 1.16655411e+02, 8.36846863e+02, 1.41417419e+02,
    8.61205750e+02, 1.41506577e+02, 8.85547180e+02, 1.41578445e+02,
    9.09766174e+02, 1.41575546e+02, 9.33998474e+02, 1.41468918e+02,
    8.37536621e+02, 1.66450287e+02, 8.61805969e+02, 1.66488373e+02,
    8.86203796e+02, 1.66487900e+02, 9.10398682e+02, 1.66459656e+02,
    9.34462219e+02, 1.66397964e+02 ]
