%YAML:1.0
---
points: [ 7.78981628e+02, 1.27496977e+01, 8.03589417e+02, 1.31399860e+01,
    8.28446899e+02, 1.33113718e+01, 8.53170044e+02, 1.33140554e+01,
    8.77623779e+02, 1.32907476e+01, 7.79850403e+02, 3.85963821e+01,
    8.04659546e+02, 3.87953339e+01, 8.29246582e+02, 3.89395256e+01,
    8.53700012e+02, 3.88731422e+01, 8.78416565e+02, 3.87691765e+01,
    7.80736633e+02, 6.42055740e+01, 8.05471008e+02, 6.44410248e+01,
    8.29937683e+02, 6.45332794e+01, 8.54458984e+02, 6.45373154e+01,
    8.79073364e+02, 6.43856125e+01, 7.81557800e+02, 8.96600876e+01,
    8.06337097e+02, 8.98166580e+01, 8.30821777e+02, 8.99489822e+01,
    8.55241455e+02, 8.99008942e+01, 8.79724609e+02, 8.96904449e+01,
    7.82387390e+02, 1.14890831e+02, 8.06948547e+02, 1.15164482e+02,
    8.31595825e+02, 1.15201378e+02, 8.55809692e+02, 1.15117073e+02,
    8.80415894e+02, 1.14840263e+02, 7.83198364e+02, 1.40226669e+02,
    8.07645752e+02, 1.40282593e+02, 8.32324219e+02, 1.40283142e+02,
    8.56564819e+02, 1.40157806e+02, 8.80949768e+02, 1.39882278e+02,
    7.84146362e+02, 1.65231369e+02, 8.08339966e+02, 1.65277283e+02,
    8.32875000e+02, 1.65169846e+02, 8.57270752e+02, 1.65119553e+02,
    8.81520813e+02, 1.64867371e+02 ]
