%YAML:1.0
---
points: [ 7.17347168e+02, 1.04638615e+01, 7.42303284e+02, 1.07367601e+01,
    7.67106018e+02, 1.08674717e+01, 7.91746826e+02, 1.08779383e+01,
    8.16656799e+02, 1.08357601e+01, 7.18322327e+02, 3.63440437e+01,
    7.43305054e+02, 3.65922165e+01, 7.68161316e+02, 3.67076569e+01,
    7.92731750e+02, 3.66568527e+01, 8.17496643e+02, 3.65185127e+01,
    7.19261597e+02, 6.21399422e+01, 7.44223206e+02, 6.22674141e+01,
    7.69120605e+02, 6.23073235e+01, 7.93595703e+02, 6.23034515e+01,
    8.18336914e+02, 6.21617889e+01, 7.20359131e+02, 8.76519623e+01,
    7.45085205e+02, 8.77503357e+01, 7.69800293e+02, 8.78056793e+01,
    7.94583069e+02, 8.77417221e+01, 8.19013733e+02, 8.76017761e+01,
    7.21295776e+02, 1.13210251e+02, 7.45952637e+02, 1.13330017e+02,
    7.70629822e+02, 1.13376694e+02, 7.95329834e+02, 1.13263092e+02,
    8.19772705e+02, 1.13037704e+02, 7.22303772e+02, 1.38452545e+02,
    7.46894470e+02, 1.38532471e+02, 7.71379089e+02, 1.38532318e+02,
    7.96112732e+02, 1.38408325e+02, 8.20548279e+02, 1.38246979e+02,
    7.23006531e+02, 1.63481735e+02, 7.47681580e+02, 1.63487762e+02,
    7.72289795e+02, 1.63410629e+02, 7.96659790e+02, 1.63325394e+02,
    8.21305359e+02, 1.63166183e+02 ]
