%YAML:1.0
---
points: [ 6.38452454e+02, 9.88191319e+00, 6.63501282e+02, 1.02481833e+01,
    6.88540527e+02, 1.04447212e+01, 7.13356384e+02, 1.05264826e+01,
    7.38346863e+02, 1.05021753e+01, 6.39539307e+02, 3.57302094e+01,
    6.64717285e+02, 3.61554375e+01, 6.89722534e+02, 3.63122902e+01,
    7.14423340e+02, 3.63691025e+01, 7.39329346e+02, 3.63105392e+01,
    6.40678833e+02, 6.15947075e+01, 6.65694641e+02, 6.18886032e+01,
    6.90722717e+02, 6.20663948e+01, 7.15595764e+02, 6.20874825e+01,
    7.40312866e+02, 6.19058228e+01, 6.41998901e+02, 8.73486252e+01,
    6.66863770e+02, 8.74931259e+01, 6.91809082e+02, 8.75452347e+01,
    7.16596069e+02, 8.75607224e+01, 7.41299744e+02, 8.74926300e+01,
    6.43165100e+02, 1.12736916e+02, 6.68069763e+02, 1.12965492e+02,
    6.92711975e+02, 1.13070053e+02, 7.17539612e+02, 1.13000885e+02,
    7.42330383e+02, 1.12882828e+02, 6.44161072e+02, 1.38124573e+02,
    6.68963257e+02, 1.38260040e+02, 6.93807556e+02, 1.38321579e+02,
    7.18438965e+02, 1.38291183e+02, 7.43135559e+02, 1.38162186e+02,
    6.45149048e+02, 1.63212677e+02, 6.69933899e+02, 1.63236221e+02,
    6.94719055e+02, 1.63210373e+02, 7.19243347e+02, 1.63199585e+02,
    7.44015747e+02, 1.63147781e+02 ]
