%YAML:1.0
---
points: [ 6.11494873e+02, 1.09333744e+01, 6.36576965e+02, 1.13462353e+01,
    6.61492188e+02, 1.14772434e+01, 6.86365112e+02, 1.14893236e+01,
    7.11293579e+02, 1.14645929e+01, 6.12754089e+02, 3.68066368e+01,
    6.37905212e+02, 3.71017456e+01, 6.62757019e+02, 3.71544113e+01,
    6.87430908e+02, 3.71021500e+01, 7.12367126e+02, 3.70543747e+01,
    6.13989319e+02, 6.24170265e+01, 6.38885315e+02, 6.26083755e+01,
    6.63971069e+02, 6.26680374e+01, 6.88678345e+02, 6.26965256e+01,
    7.13414185e+02, 6.25384178e+01, 6.15270996e+02, 8.80705566e+01,
    6.40140320e+02, 8.82523041e+01, 6.65159668e+02, 8.82953339e+01,
    6.89850769e+02, 8.83122559e+01, 7.14430786e+02, 8.81271896e+01,
    6.16497925e+02, 1.13509468e+02, 6.41372925e+02, 1.13649437e+02,
    6.66114258e+02, 1.13679932e+02, 6.90765381e+02, 1.13616661e+02,
    7.15556946e+02, 1.13515083e+02, 6.17568542e+02, 1.38783096e+02,
    6.42444153e+02, 1.38846466e+02, 6.67125854e+02, 1.38875488e+02,
    6.91781799e+02, 1.38795685e+02, 7.16452271e+02, 1.38620941e+02,
    6.18513977e+02, 1.63860016e+02, 6.43438660e+02, 1.63867844e+02,
    6.68268860e+02, 1.63835236e+02, 6.92653748e+02, 1.63748779e+02,
    7.17421631e+02, 1.63606430e+02 ]
