%YAML:1.0
---
points: [ 5.55553589e+02, 9.65497589e+00, 5.80717468e+02, 9.79668617e+00,
    6.05823181e+02, 9.77904892e+00, 6.30619019e+02, 9.64167595e+00,
    6.55576050e+02, 9.48046112e+00, 5.57178528e+02, 3.55051079e+01,
    5.82198669e+02, 3.56023178e+01, 6.07284241e+02, 3.55661316e+01,
    6.32126404e+02, 3.54305840e+01, 6.56935120e+02, 3.52589073e+01,
    5.58533936e+02, 6.12989731e+01, 5.83515930e+02, 6.14051704e+01,
    6.08480774e+02, 6.13433113e+01, 6.33410034e+02, 6.12202301e+01,
    6.58300293e+02, 6.08455734e+01, 5.59818481e+02, 8.69475861e+01,
    5.84932190e+02, 8.70374146e+01, 6.09866577e+02, 8.69048996e+01,
    6.34619873e+02, 8.67761154e+01, 6.59422974e+02, 8.65060272e+01,
    5.61154358e+02, 1.12480545e+02, 5.86213501e+02, 1.12512108e+02,
    6.11177368e+02, 1.12437096e+02, 6.35704407e+02, 1.12239685e+02,
    6.60475952e+02, 1.11898056e+02, 5.62487427e+02, 1.37715561e+02,
    5.87286743e+02, 1.37645309e+02, 6.12233032e+02, 1.37545471e+02,
    6.36923279e+02, 1.37343140e+02, 6.61532654e+02, 1.36972870e+02,
    5.63642334e+02, 1.62745453e+02, 5.88404053e+02, 1.62640228e+02,
    6.13313721e+02, 1.62496674e+02, 6.38139282e+02, 1.62319672e+02,
    6.62565674e+02, 1.62124924e+02 ]
