%YAML:1.0
---
points: [ 5.03651215e+02, 8.53322506e+00, 5.28893738e+02, 8.54694271e+00,
    5.54263550e+02, 8.53128529e+00, 5.79322144e+02, 8.40286732e+00,
    6.04099487e+02, 8.18875599e+00, 5.05515869e+02, 3.44869347e+01,
    5.30673889e+02, 3.45243721e+01, 5.55700684e+02, 3.44623833e+01,
    5.80781616e+02, 3.42237511e+01, 6.05723999e+02, 3.38436623e+01,
    5.06996643e+02, 6.03464279e+01, 5.32269653e+02, 6.04005241e+01,
    5.57245667e+02, 6.02650833e+01, 5.82044739e+02, 6.00183907e+01,
    6.06975098e+02, 5.96369514e+01, 5.08413391e+02, 8.58786087e+01,
    5.33569214e+02, 8.58836060e+01, 5.58636108e+02, 8.57941360e+01,
    5.83429749e+02, 8.56556778e+01, 6.08277588e+02, 8.53849716e+01,
    5.09832367e+02, 1.11395309e+02, 5.34802979e+02, 1.11389877e+02,
    5.59853027e+02, 1.11234283e+02, 5.84833313e+02, 1.10955727e+02,
    6.09563965e+02, 1.10684532e+02, 5.11232635e+02, 1.36660141e+02,
    5.36147339e+02, 1.36509384e+02, 5.61108704e+02, 1.36383408e+02,
    5.85996948e+02, 1.36223373e+02, 6.10700562e+02, 1.35798386e+02,
    5.12481384e+02, 1.61767731e+02, 5.37503845e+02, 1.61623459e+02,
    5.62318237e+02, 1.61464951e+02, 5.87035645e+02, 1.61321411e+02,
    6.11868774e+02, 1.61120193e+02 ]
