%YAML:1.0
---
points: [ 6.12267517e+02, 1.63181610e+02, 5.87627075e+02, 1.63570923e+02,
    5.63141907e+02, 1.63938751e+02, 5.38444153e+02, 1.64260666e+02,
    5.13664185e+02, 1.64468079e+02, 6.11247131e+02, 1.38315826e+02,
    5.86521851e+02, 1.38662994e+02, 5.61845764e+02, 1.39012024e+02,
    5.37321838e+02, 1.39262299e+02, 5.12443665e+02, 1.39415207e+02,
    6.09946045e+02, 1.13222733e+02, 5.85384949e+02, 1.13562889e+02,
    5.60737366e+02, 1.13875244e+02, 5.35826294e+02, 1.14130539e+02,
    5.10954742e+02, 1.14208946e+02, 6.08541138e+02, 8.78066635e+01,
    5.84193481e+02, 8.83035278e+01, 5.59447144e+02, 8.85173950e+01,
    5.34450562e+02, 8.87208557e+01, 5.09527771e+02, 8.88474503e+01,
    6.07340393e+02, 6.23549461e+01, 5.82599915e+02, 6.27072601e+01,
    5.58007080e+02, 6.30962067e+01, 5.33147339e+02, 6.33136292e+01,
    5.07920624e+02, 6.33516006e+01, 6.06185608e+02, 3.68684998e+01,
    5.81282593e+02, 3.72506104e+01, 5.56451904e+02, 3.75700684e+01,
    5.31644409e+02, 3.77302933e+01, 5.06589905e+02, 3.77826996e+01,
    6.04673645e+02, 1.13550358e+01, 5.79768433e+02, 1.16449337e+01,
    5.54884949e+02, 1.18685932e+01, 5.29899902e+02, 1.20469456e+01,
    5.05063721e+02, 1.20408192e+01 ]
