%YAML:1.0
---
points: [ 4.51719513e+02, 1.18399973e+01, 4.76700012e+02, 1.17424192e+01,
    5.01897461e+02, 1.16397429e+01, 5.26680420e+02, 1.13196259e+01,
    5.51471497e+02, 1.08919735e+01, 4.53497131e+02, 3.75579491e+01,
    4.78587830e+02, 3.74302979e+01, 5.03516602e+02, 3.72258568e+01,
    5.28287048e+02, 3.68578148e+01, 5.53221191e+02, 3.64727554e+01,
    4.55105438e+02, 6.29971848e+01, 4.80230896e+02, 6.28709259e+01,
    5.05238861e+02, 6.26418839e+01, 5.29696838e+02, 6.24044456e+01,
    5.54562439e+02, 6.20406532e+01, 4.56605804e+02, 8.85734253e+01,
    4.81624512e+02, 8.84047012e+01, 5.06627838e+02, 8.81996002e+01,
    5.31331726e+02, 8.78317413e+01, 5.55911987e+02, 8.74763107e+01,
    4.58296295e+02, 1.13891556e+02, 4.83175568e+02, 1.13744247e+02,
    5.07895203e+02, 1.13520630e+02, 5.32724060e+02, 1.13231476e+02,
    5.57387024e+02, 1.12749023e+02, 4.59719147e+02, 1.39172592e+02,
    4.84558502e+02, 1.38895782e+02, 5.09352997e+02, 1.38611038e+02,
    5.34067078e+02, 1.38313354e+02, 5.58648682e+02, 1.37829315e+02,
    4.60979034e+02, 1.64173477e+02, 4.85777466e+02, 1.63857880e+02,
    5.10648315e+02, 1.63495514e+02, 5.35287476e+02, 1.63156586e+02,
    5.59821777e+02, 1.62756836e+02 ]
