%YAML:1.0
---
points: [ 4.19469391e+02, 1.00285292e+01, 4.44644165e+02, 9.88339043e+00,
    4.69910522e+02, 9.65373135e+00, 4.94716766e+02, 9.25879765e+00,
    5.19627869e+02, 8.83099174e+00, 4.21449982e+02, 3.57486343e+01,
    4.46551605e+02, 3.56039925e+01, 4.71543610e+02, 3.54341736e+01,
    4.96440308e+02, 3.51259499e+01, 5.21446228e+02, 3.45934753e+01,
    4.23045837e+02, 6.14062119e+01, 4.48270203e+02, 6.13277512e+01,
    4.73328674e+02, 6.10559158e+01, 4.97996887e+02, 6.06784897e+01,
    5.22822998e+02, 6.03125916e+01, 4.24608398e+02, 8.71246567e+01,
    4.49761505e+02, 8.68302994e+01, 4.74839172e+02, 8.65786896e+01,
    4.99608917e+02, 8.62812653e+01, 5.24314636e+02, 8.57901688e+01,
    4.26371338e+02, 1.12542999e+02, 4.51367554e+02, 1.12391205e+02,
    4.76197021e+02, 1.12055214e+02, 5.01101685e+02, 1.11613319e+02,
    5.25877441e+02, 1.11149323e+02, 4.27756317e+02, 1.37728165e+02,
    4.52691589e+02, 1.37445755e+02, 4.77542480e+02, 1.37172333e+02,
    5.02400055e+02, 1.36649429e+02, 5.27253113e+02, 1.36260208e+02,
    4.28983368e+02, 1.62723328e+02, 4.54095642e+02, 1.62450287e+02,
    4.78954498e+02, 1.62113922e+02, 5.03639496e+02, 1.61668655e+02,
    5.28414734e+02, 1.61361877e+02 ]
