%YAML:1.0
---
points: [ 3.92419708e+02, 9.33220768e+00, 4.17657410e+02, 9.20669937e+00,
    4.42872528e+02, 8.91877937e+00, 4.67633148e+02, 8.61266327e+00,
    4.92607147e+02, 8.34694862e+00, 3.94293060e+02, 3.51088715e+01,
    4.19394257e+02, 3.49713211e+01, 4.44543060e+02, 3.47639046e+01,
    4.69414520e+02, 3.44054413e+01, 4.94304016e+02, 3.40055351e+01,
    3.96038727e+02, 6.07075195e+01, 4.21169128e+02, 6.06269798e+01,
    4.46017334e+02, 6.04479027e+01, 4.70788940e+02, 6.01812172e+01,
    4.95736572e+02, 5.96371002e+01, 3.97509888e+02, 8.63259354e+01,
    4.22554016e+02, 8.61746292e+01, 4.47600372e+02, 8.58726196e+01,
    4.72322021e+02, 8.56714554e+01, 4.97181610e+02, 8.52459183e+01,
    3.98817383e+02, 1.11714584e+02, 4.23885773e+02, 1.11570488e+02,
    4.48906677e+02, 1.11281967e+02, 4.73770996e+02, 1.10867043e+02,
    4.98472473e+02, 1.10491173e+02, 4.00422791e+02, 1.36835312e+02,
    4.25249908e+02, 1.36618713e+02, 4.50256866e+02, 1.36335388e+02,
    4.75140808e+02, 1.36091400e+02, 4.99683929e+02, 1.35582596e+02,
    4.01668304e+02, 1.61893051e+02, 4.26645081e+02, 1.61639679e+02,
    4.51475403e+02, 1.61424500e+02, 4.76263275e+02, 1.61195404e+02,
    5.01005432e+02, 1.60741455e+02 ]
