%YAML:1.0
---
points: [ 3.94468018e+02, 1.34558964e+01, 4.19391266e+02, 1.33325520e+01,
    4.44159515e+02, 1.30624943e+01, 4.69008575e+02, 1.25734739e+01,
    4.93674408e+02, 1.21773682e+01, 3.96295013e+02, 3.90691948e+01,
    4.21263489e+02, 3.88913002e+01, 4.45899811e+02, 3.86593857e+01,
    4.70525177e+02, 3.82616920e+01, 4.95343536e+02, 3.76449165e+01,
    3.97897034e+02, 6.44893341e+01, 4.22731842e+02, 6.43543777e+01,
    4.47552307e+02, 6.39907951e+01, 4.72082947e+02, 6.36306839e+01,
    4.96726379e+02, 6.28811722e+01, 3.99458252e+02, 8.97721176e+01,
    4.24133270e+02, 8.95135269e+01, 4.48951294e+02, 8.92492752e+01,
    4.73713104e+02, 8.89082108e+01, 4.98037933e+02, 8.84011078e+01,
    4.01006683e+02, 1.14853233e+02, 4.25648163e+02, 1.14680679e+02,
    4.50362183e+02, 1.14398643e+02, 4.75028168e+02, 1.14055672e+02,
    4.99441284e+02, 1.13573265e+02, 4.02348145e+02, 1.40013763e+02,
    4.27032745e+02, 1.39684860e+02, 4.51756134e+02, 1.39494827e+02,
    4.76184204e+02, 1.39121567e+02, 5.00782196e+02, 1.38589813e+02,
    4.03541199e+02, 1.64955246e+02, 4.28362122e+02, 1.64706314e+02,
    4.52995819e+02, 1.64367508e+02, 4.77400024e+02, 1.63888580e+02,
    5.02056488e+02, 1.63442703e+02 ]
