%YAML:1.0
---
points: [ 3.36736267e+02, 1.54837608e+01, 3.61608521e+02, 1.55529852e+01,
    3.86598663e+02, 1.54642935e+01, 4.11514709e+02, 1.53133621e+01,
    4.36174774e+02, 1.51483479e+01, 3.38470520e+02, 4.08352280e+01,
    3.63410156e+02, 4.08592415e+01, 3.88318115e+02, 4.08043022e+01,
    4.13045868e+02, 4.06247444e+01, 4.37691833e+02, 4.04637909e+01,
    3.39781525e+02, 6.61560364e+01, 3.64770355e+02, 6.61756592e+01,
    3.89853485e+02, 6.61220703e+01, 4.14428619e+02, 6.59330978e+01,
    4.39012421e+02, 6.56282272e+01, 3.41306946e+02, 9.13981171e+01,
    3.66200195e+02, 9.13715057e+01, 3.91228241e+02, 9.12432632e+01,
    4.15871643e+02, 9.11343231e+01, 4.40308594e+02, 9.07694092e+01,
    3.42728088e+02, 1.16336998e+02, 3.67642120e+02, 1.16328720e+02,
    3.92379272e+02, 1.16165245e+02, 4.17067383e+02, 1.15955017e+02,
    4.41710327e+02, 1.15750885e+02, 3.44142303e+02, 1.41136520e+02,
    3.68962219e+02, 1.41125046e+02, 3.93526703e+02, 1.40893555e+02,
    4.18284668e+02, 1.40711578e+02, 4.42774384e+02, 1.40504044e+02,
    3.45107971e+02, 1.65933426e+02, 3.69990509e+02, 1.65812698e+02,
    3.94821655e+02, 1.65633362e+02, 4.19328583e+02, 1.65499893e+02,
    4.43879120e+02, 1.65325302e+02 ]
