%YAML:1.0
---
points: [ 2.36483597e+02, 9.46064663e+00, 2.61658997e+02, 9.62408829e+00,
    2.86982666e+02, 9.57015991e+00, 3.12231567e+02, 9.48103523e+00,
    3.37289154e+02, 9.29950905e+00, 2.38247162e+02, 3.51667633e+01,
    2.63617340e+02, 3.52561111e+01, 2.88708771e+02, 3.52049294e+01,
    3.13742188e+02, 3.51325874e+01, 3.38706696e+02, 3.48645515e+01,
    2.39625870e+02, 6.05979805e+01, 2.65008850e+02, 6.06962357e+01,
    2.90304535e+02, 6.06169624e+01, 3.15251373e+02, 6.05403175e+01,
    3.40001923e+02, 6.04152565e+01, 2.41130203e+02, 8.61007767e+01,
    2.66281555e+02, 8.61246490e+01, 2.91559540e+02, 8.60502930e+01,
    3.16606201e+02, 8.59044495e+01, 3.41445312e+02, 8.56939621e+01,
    2.42449066e+02, 1.11341827e+02, 2.67626862e+02, 1.11369995e+02,
    2.92772614e+02, 1.11245529e+02, 3.17741638e+02, 1.11121628e+02,
    3.42792969e+02, 1.10943909e+02, 2.43646530e+02, 1.36349976e+02,
    2.68918854e+02, 1.36280945e+02, 2.93990479e+02, 1.36266388e+02,
    3.18917877e+02, 1.36156403e+02, 3.43808929e+02, 1.35914536e+02,
    2.44922562e+02, 1.61400116e+02, 2.70065063e+02, 1.61329727e+02,
    2.95075714e+02, 1.61300522e+02, 3.19889465e+02, 1.61148300e+02,
    3.44868530e+02, 1.60998871e+02 ]
