%YAML:1.0
---
points: [ 1.56936752e+02, 8.61717319e+00, 1.82451019e+02, 8.70998096e+00,
    2.07865967e+02, 8.69902039e+00, 2.33141357e+02, 8.55762959e+00,
    2.58316620e+02, 8.41796398e+00, 1.58919998e+02, 3.43631744e+01,
    1.84533585e+02, 3.44528389e+01, 2.09756058e+02, 3.43904190e+01,
    2.34885391e+02, 3.42369156e+01, 2.59906219e+02, 3.40171318e+01,
    1.60596176e+02, 5.99431839e+01, 1.86130981e+02, 6.00562973e+01,
    2.11494308e+02, 5.98794479e+01, 2.36512466e+02, 5.97670403e+01,
    2.61397705e+02, 5.95084839e+01, 1.62322174e+02, 8.54494781e+01,
    1.87646118e+02, 8.54604263e+01, 2.12903778e+02, 8.53821335e+01,
    2.38069687e+02, 8.52239685e+01, 2.62892395e+02, 8.48978958e+01,
    1.63818726e+02, 1.10717812e+02, 1.89180725e+02, 1.10674347e+02,
    2.14233383e+02, 1.10541283e+02, 2.39377457e+02, 1.10329910e+02,
    2.64241638e+02, 1.10091606e+02, 1.65189377e+02, 1.35808334e+02,
    1.90411285e+02, 1.35699631e+02, 2.15551544e+02, 1.35594955e+02,
    2.40435242e+02, 1.35400558e+02, 2.65479553e+02, 1.35198914e+02,
    1.66356628e+02, 1.60888916e+02, 1.91544922e+02, 1.60772308e+02,
    2.16804611e+02, 1.60612671e+02, 2.41740143e+02, 1.60466461e+02,
    2.66762604e+02, 1.60302307e+02 ]
