%YAML:1.0
---
points: [ 1.61623779e+02, 1.24490108e+01, 1.87096985e+02, 1.25340900e+01,
    2.12239456e+02, 1.24788218e+01, 2.37392029e+02, 1.23268700e+01,
    2.62140686e+02, 1.21373920e+01, 1.63630341e+02, 3.79960175e+01,
    1.89055893e+02, 3.79800110e+01, 2.14150269e+02, 3.79632645e+01,
    2.38987167e+02, 3.77449226e+01, 2.63914825e+02, 3.74944496e+01,
    1.65306229e+02, 6.32179718e+01, 1.90633621e+02, 6.32832336e+01,
    2.15791809e+02, 6.32230911e+01, 2.40480118e+02, 6.29694099e+01,
    2.65390625e+02, 6.26762772e+01, 1.66889038e+02, 8.85305939e+01,
    1.92022278e+02, 8.84195557e+01, 2.17345825e+02, 8.83723297e+01,
    2.42146194e+02, 8.82288818e+01, 2.66716187e+02, 8.79130249e+01,
    1.68480881e+02, 1.13638092e+02, 1.93503357e+02, 1.13661324e+02,
    2.18548126e+02, 1.13523148e+02, 2.43512222e+02, 1.13382912e+02,
    2.68294891e+02, 1.13124069e+02, 1.69856049e+02, 1.38753647e+02,
    1.95014542e+02, 1.38652618e+02, 2.19785782e+02, 1.38507477e+02,
    2.44736298e+02, 1.38278900e+02, 2.69505463e+02, 1.37996567e+02,
    1.71177200e+02, 1.63552338e+02, 1.96271667e+02, 1.63422409e+02,
    2.21144531e+02, 1.63203476e+02, 2.45786926e+02, 1.62932953e+02,
    2.70688721e+02, 1.62775482e+02 ]
