%YAML:1.0
---
points: [ 1.12100800e+02, 1.28558331e+01, 1.37378845e+02, 1.28348589e+01,
    1.62370743e+02, 1.26906490e+01, 1.87142136e+02, 1.24842348e+01,
    2.12033859e+02, 1.21479263e+01, 1.13822845e+02, 3.83761520e+01,
    1.39257477e+02, 3.83550835e+01, 1.64406967e+02, 3.82188721e+01,
    1.89087006e+02, 3.77214622e+01, 2.13612030e+02, 3.73755760e+01,
    1.15897545e+02, 6.36466866e+01, 1.40821060e+02, 6.36226311e+01,
    1.65982193e+02, 6.33658981e+01, 1.90671707e+02, 6.30653343e+01,
    2.15346909e+02, 6.25981979e+01, 1.17505089e+02, 8.88447495e+01,
    1.42721848e+02, 8.87191925e+01, 1.67562973e+02, 8.85188293e+01,
    1.92164093e+02, 8.82102203e+01, 2.16847397e+02, 8.78414917e+01,
    1.19048340e+02, 1.14035477e+02, 1.44257278e+02, 1.13894905e+02,
    1.69174759e+02, 1.13629318e+02, 1.93565628e+02, 1.13355141e+02,
    2.18307877e+02, 1.12917953e+02, 1.20695656e+02, 1.39105225e+02,
    1.45522690e+02, 1.38795334e+02, 1.70457306e+02, 1.38591385e+02,
    1.95056854e+02, 1.38259735e+02, 2.19534988e+02, 1.37804001e+02,
    1.22170082e+02, 1.63829071e+02, 1.46728592e+02, 1.63611771e+02,
    1.71503265e+02, 1.63222687e+02, 1.96350601e+02, 1.62871414e+02,
    2.20951248e+02, 1.62604004e+02 ]
