%YAML:1.0
---
points: [ 1.06863068e+02, 1.27915306e+01, 1.32386597e+02, 1.29519300e+01,
    1.57477127e+02, 1.27987165e+01, 1.82389572e+02, 1.26952276e+01,
    2.07215073e+02, 1.24878922e+01, 1.08670242e+02, 3.83708420e+01,
    1.34218887e+02, 3.84528389e+01, 1.59410492e+02, 3.83731041e+01,
    1.84322586e+02, 3.80862808e+01, 2.08972122e+02, 3.77286606e+01,
    1.10730209e+02, 6.36887131e+01, 1.35782639e+02, 6.37219391e+01,
    1.61038315e+02, 6.34949608e+01, 1.85820847e+02, 6.32905159e+01,
    2.10662003e+02, 6.27926826e+01, 1.12390038e+02, 8.88537979e+01,
    1.37632126e+02, 8.87491989e+01, 1.62593674e+02, 8.86406174e+01,
    1.87352417e+02, 8.83789978e+01, 2.12199020e+02, 8.80702133e+01,
    1.13942047e+02, 1.14021965e+02, 1.39128006e+02, 1.13928131e+02,
    1.64195099e+02, 1.13721306e+02, 1.88749390e+02, 1.13455215e+02,
    2.13454590e+02, 1.13212425e+02, 1.15552071e+02, 1.39112885e+02,
    1.40387573e+02, 1.38843582e+02, 1.65461914e+02, 1.38684952e+02,
    1.90160049e+02, 1.38380356e+02, 2.14740646e+02, 1.38096512e+02,
    1.16947639e+02, 1.63838852e+02, 1.41628876e+02, 1.63685028e+02,
    1.66485107e+02, 1.63334930e+02, 1.91421295e+02, 1.62980972e+02,
    2.16252045e+02, 1.62740524e+02 ]
