%YAML:1.0
---
points: [ 5.11015854e+01, 1.33202753e+01, 7.66374664e+01, 1.33558750e+01,
    1.02051155e+02, 1.32696018e+01, 1.27180527e+02, 1.31606445e+01,
    1.52076233e+02, 1.27858620e+01, 5.35195694e+01, 3.87868729e+01,
    7.90484924e+01, 3.87646027e+01, 1.04190773e+02, 3.86979141e+01,
    1.29017960e+02, 3.84756088e+01, 1.53874374e+02, 3.81452675e+01,
    5.54334869e+01, 6.41274261e+01, 8.08033447e+01, 6.41567230e+01,
    1.06088058e+02, 6.38758278e+01, 1.30729599e+02, 6.36478233e+01,
    1.55591354e+02, 6.32519760e+01, 5.73333626e+01, 8.93278122e+01,
    8.25235901e+01, 8.92342529e+01, 1.07616447e+02, 8.90318527e+01,
    1.32666489e+02, 8.87539368e+01, 1.57280930e+02, 8.83401184e+01,
    5.90750275e+01, 1.14365685e+02, 8.44108124e+01, 1.14330788e+02,
    1.09209335e+02, 1.14176888e+02, 1.34119400e+02, 1.13780418e+02,
    1.58757401e+02, 1.13406090e+02, 6.06195946e+01, 1.39464310e+02,
    8.59441757e+01, 1.39274307e+02, 1.10815491e+02, 1.39077087e+02,
    1.35411545e+02, 1.38726578e+02, 1.60116699e+02, 1.38313202e+02,
    6.21845245e+01, 1.64317566e+02, 8.72116776e+01, 1.64142715e+02,
    1.12111595e+02, 1.63716110e+02, 1.36669785e+02, 1.63275940e+02,
    1.61325592e+02, 1.62946350e+02 ]
