%YAML:1.0
---
points: [ 9.25433731e+00, 1.23648911e+01, 3.50056000e+01, 1.30678244e+01,
    6.03787041e+01, 1.34128962e+01, 8.55196991e+01, 1.36475410e+01,
    1.10521133e+02, 1.37980499e+01, 1.14563007e+01, 3.80042686e+01,
    3.69911957e+01, 3.85105400e+01, 6.21345520e+01, 3.88784332e+01,
    8.71142044e+01, 3.90270538e+01, 1.11891617e+02, 3.91853142e+01,
    1.30724859e+01, 6.31600800e+01, 3.84950523e+01, 6.37627525e+01,
    6.36254311e+01, 6.41055374e+01, 8.84384232e+01, 6.43377686e+01,
    1.13094475e+02, 6.43826065e+01, 1.44485531e+01, 8.85009232e+01,
    3.97053680e+01, 8.88195572e+01, 6.48125534e+01, 8.91865005e+01,
    8.97075806e+01, 8.93243561e+01, 1.14323662e+02, 8.93800507e+01,
    1.56723080e+01, 1.13653931e+02, 4.08770027e+01, 1.13958412e+02,
    6.59627686e+01, 1.14212624e+02, 9.07317200e+01, 1.14289398e+02,
    1.15446373e+02, 1.14338585e+02, 1.69215012e+01, 1.38656372e+02,
    4.21309090e+01, 1.38819092e+02, 6.69500198e+01, 1.39164429e+02,
    9.17560654e+01, 1.39283890e+02, 1.16421494e+02, 1.39333939e+02,
    1.80567303e+01, 1.63263153e+02, 4.30560417e+01, 1.63657745e+02,
    6.78478165e+01, 1.63800644e+02, 9.25312424e+01, 1.63975128e+02,
    1.17323395e+02, 1.64108704e+02 ]
