%YAML:1.0
---
points: [ 1.14725285e+01, 1.07116823e+01, 3.71580734e+01, 1.22576942e+01,
    6.23496323e+01, 1.33479185e+01, 8.73995056e+01, 1.44052725e+01,
    1.12398865e+02, 1.52514439e+01, 1.24952583e+01, 3.62137985e+01,
    3.81985512e+01, 3.75096741e+01, 6.34791336e+01, 3.87333794e+01,
    8.81516495e+01, 3.97263565e+01, 1.13067406e+02, 4.05029106e+01,
    1.33217382e+01, 6.14470787e+01, 3.87521286e+01, 6.26551819e+01,
    6.40064850e+01, 6.39150124e+01, 8.88058929e+01, 6.49375687e+01,
    1.13505272e+02, 6.57114258e+01, 1.40255318e+01, 8.68268585e+01,
    3.93052521e+01, 8.79036255e+01, 6.44447098e+01, 8.89706573e+01,
    8.92980118e+01, 9.01276779e+01, 1.13893669e+02, 9.08866272e+01,
    1.44823122e+01, 1.12022209e+02, 3.97393532e+01, 1.13017639e+02,
    6.48509598e+01, 1.14005196e+02, 8.96197281e+01, 1.14894615e+02,
    1.14166229e+02, 1.15737038e+02, 1.48618116e+01, 1.36693069e+02,
    4.00397339e+01, 1.37923752e+02, 6.50883102e+01, 1.38957489e+02,
    8.98060150e+01, 1.39744232e+02, 1.14233803e+02, 1.40549286e+02,
    1.51883659e+01, 1.61514603e+02, 4.01800957e+01, 1.62522141e+02,
    6.51679993e+01, 1.63520142e+02, 8.97783203e+01, 1.64574585e+02,
    1.14348465e+02, 1.65397293e+02 ]
