%YAML:1.0
---
points: [ 8.44760513e+00, 1.58737869e+01, 2.82593327e+01, 1.63265743e+01,
    4.79063263e+01, 1.64719410e+01, 6.71121216e+01, 1.65322285e+01,
    8.65513687e+01, 1.65006809e+01, 1.03703566e+01, 3.56238632e+01,
    3.01131516e+01, 3.58655052e+01, 4.96903458e+01, 3.60793686e+01,
    6.90678101e+01, 3.59419289e+01, 8.81726685e+01, 3.59105415e+01,
    1.22114468e+01, 5.53354111e+01, 3.18856335e+01, 5.54916229e+01,
    5.12886772e+01, 5.55570869e+01, 7.05179214e+01, 5.55596581e+01,
    8.97405472e+01, 5.54649010e+01, 1.37124777e+01, 7.49091263e+01,
    3.34914169e+01, 7.51656036e+01, 5.28839951e+01, 7.51147614e+01,
    7.20246048e+01, 7.50646133e+01, 9.11474762e+01, 7.49567337e+01,
    1.52940102e+01, 9.41731567e+01, 3.47709389e+01, 9.42879639e+01,
    5.42001610e+01, 9.43000946e+01, 7.34962234e+01, 9.42953796e+01,
    9.23463058e+01, 9.41634903e+01, 1.68555756e+01, 1.13599007e+02,
    3.62644882e+01, 1.13573402e+02, 5.55030632e+01, 1.13615234e+02,
    7.47372208e+01, 1.13485451e+02, 9.35645294e+01, 1.13446800e+02,
    1.81672058e+01, 1.32761383e+02, 3.75121422e+01, 1.32758041e+02,
    5.67211227e+01, 1.32710510e+02, 7.56671448e+01, 1.32660507e+02,
    9.48850632e+01, 1.32596466e+02 ]
