%YAML:1.0
---
points: [ 1.21225433e+01, 1.51464691e+01, 3.18216057e+01, 1.61148090e+01,
    5.14281044e+01, 1.67665806e+01, 7.06786728e+01, 1.73008022e+01,
    9.02095871e+01, 1.78058376e+01, 1.34068346e+01, 3.49125977e+01,
    3.32660141e+01, 3.55786057e+01, 5.26703491e+01, 3.63256950e+01,
    7.20589752e+01, 3.66625328e+01, 9.12295685e+01, 3.72083244e+01,
    1.46141748e+01, 5.45362587e+01, 3.44034805e+01, 5.52380333e+01,
    5.39200249e+01, 5.57108994e+01, 7.30906906e+01, 5.63084526e+01,
    9.21977463e+01, 5.65810623e+01, 1.56721687e+01, 7.40627823e+01,
    3.52453346e+01, 7.46561432e+01, 5.47228508e+01, 7.53251953e+01,
    7.40564957e+01, 7.56784897e+01, 9.29817505e+01, 7.60147247e+01,
    1.68288174e+01, 9.33466873e+01, 3.63827095e+01, 9.38917618e+01,
    5.55282059e+01, 9.44779968e+01, 7.48276215e+01, 9.49005966e+01,
    9.37838135e+01, 9.53619385e+01, 1.76598110e+01, 1.12672043e+02,
    3.71493492e+01, 1.13256203e+02, 5.64138107e+01, 1.13685684e+02,
    7.55188065e+01, 1.14152977e+02, 9.44531860e+01, 1.14380226e+02,
    1.83564510e+01, 1.31779739e+02, 3.77721786e+01, 1.32420959e+02,
    5.69258499e+01, 1.32729660e+02, 7.60904617e+01, 1.33227203e+02,
    9.52795334e+01, 1.33606964e+02 ]
