%YAML:1.0
---
points: [ 5.68073883e+01, 1.71138916e+01, 7.64728851e+01, 1.79820805e+01,
    9.60060349e+01, 1.85193787e+01, 1.15305458e+02, 1.90728111e+01,
    1.34455154e+02, 1.95528488e+01, 5.80405235e+01, 3.65206070e+01,
    7.74717331e+01, 3.72655449e+01, 9.71386642e+01, 3.80403099e+01,
    1.16243561e+02, 3.85320816e+01, 1.35287048e+02, 3.88591042e+01,
    5.90497856e+01, 5.59464149e+01, 7.85720367e+01, 5.66031036e+01,
    9.77934647e+01, 5.71773376e+01, 1.17185532e+02, 5.77197762e+01,
    1.36103821e+02, 5.82211685e+01, 5.98582039e+01, 7.54342651e+01,
    7.93881378e+01, 7.59284897e+01, 9.86249084e+01, 7.65217133e+01,
    1.17766846e+02, 7.70471268e+01, 1.36741257e+02, 7.73594437e+01,
    6.06076241e+01, 9.44934845e+01, 8.02393951e+01, 9.52501373e+01,
    9.92952271e+01, 9.57568359e+01, 1.18471565e+02, 9.62295532e+01,
    1.37557068e+02, 9.66109161e+01, 6.13762169e+01, 1.13711823e+02,
    8.07073746e+01, 1.14252060e+02, 1.00061218e+02, 1.14712456e+02,
    1.18943283e+02, 1.15213318e+02, 1.37896759e+02, 1.15597916e+02,
    6.19988136e+01, 1.32789825e+02, 8.12616425e+01, 1.33335938e+02,
    1.00591103e+02, 1.33771713e+02, 1.19323830e+02, 1.34242218e+02,
    1.38500641e+02, 1.34577759e+02 ]
