%YAML:1.0
---
points: [ 7.98673782e+01, 1.80826626e+01, 9.92944946e+01, 1.87351151e+01,
    1.18674911e+02, 1.93854923e+01, 1.37802429e+02, 1.98847904e+01,
    1.57070877e+02, 2.04086208e+01, 8.06678009e+01, 3.74514275e+01,
    1.00461838e+02, 3.82679939e+01, 1.19499664e+02, 3.87505569e+01,
    1.38858841e+02, 3.93358727e+01, 1.57905762e+02, 3.97625465e+01,
    8.16184311e+01, 5.66492195e+01, 1.01201622e+02, 5.73536682e+01,
    1.20479149e+02, 5.79812431e+01, 1.39459229e+02, 5.85528450e+01,
    1.58613235e+02, 5.90098763e+01, 8.23692245e+01, 7.59698029e+01,
    1.01915939e+02, 7.66511841e+01, 1.21202690e+02, 7.72132339e+01,
    1.40178543e+02, 7.75954590e+01, 1.59220779e+02, 7.81305695e+01,
    8.31148911e+01, 9.51965561e+01, 1.02481216e+02, 9.59047775e+01,
    1.21821648e+02, 9.64389572e+01, 1.40711639e+02, 9.68411942e+01,
    1.59723587e+02, 9.73147583e+01, 8.38243256e+01, 1.14269554e+02,
    1.02951050e+02, 1.14798271e+02, 1.22386597e+02, 1.15358040e+02,
    1.41237595e+02, 1.15807030e+02, 1.60189911e+02, 1.16266922e+02,
    8.43710022e+01, 1.33354294e+02, 1.03498268e+02, 1.33844131e+02,
    1.22657539e+02, 1.34358353e+02, 1.41625229e+02, 1.34668839e+02,
    1.60620773e+02, 1.35172256e+02 ]
