%YAML:1.0
---
points: [ 1.58320160e+02, 1.56678514e+01, 1.77632126e+02, 1.64676323e+01,
    1.97037338e+02, 1.69218140e+01, 2.16416367e+02, 1.74566402e+01,
    2.35368103e+02, 1.78716049e+01, 1.59396072e+02, 3.52861938e+01,
    1.78927338e+02, 3.58007507e+01, 1.98129501e+02, 3.63965721e+01,
    2.17279160e+02, 3.67692566e+01, 2.36404480e+02, 3.72329674e+01,
    1.60196625e+02, 5.47245636e+01, 1.79703217e+02, 5.53420410e+01,
    1.98965027e+02, 5.57737160e+01, 2.18148788e+02, 5.62733231e+01,
    2.37136536e+02, 5.65888977e+01, 1.61052124e+02, 7.42141647e+01,
    1.80510498e+02, 7.47246475e+01, 1.99795197e+02, 7.52542419e+01,
    2.18737930e+02, 7.56476974e+01, 2.37901718e+02, 7.59717560e+01,
    1.61696503e+02, 9.34080429e+01, 1.81290436e+02, 9.39943695e+01,
    2.00447906e+02, 9.44488983e+01, 2.19465317e+02, 9.48254166e+01,
    2.38506332e+02, 9.53111496e+01, 1.62596710e+02, 1.12723694e+02,
    1.81709198e+02, 1.13210693e+02, 2.01186966e+02, 1.13661255e+02,
    2.19993393e+02, 1.14067451e+02, 2.39017303e+02, 1.14337578e+02,
    1.63218750e+02, 1.31754654e+02, 1.82350540e+02, 1.32300156e+02,
    2.01545990e+02, 1.32681686e+02, 2.20512299e+02, 1.33105804e+02,
    2.39589615e+02, 1.33513596e+02 ]
