%YAML:1.0
---
points: [ 2.15769760e+02, 1.34977493e+01, 2.35286545e+02, 1.41676483e+01,
    2.54892441e+02, 1.47508669e+01, 2.74327881e+02, 1.52610769e+01,
    2.93562103e+02, 1.57852497e+01, 2.16782578e+02, 3.33400497e+01,
    2.36407669e+02, 3.38626823e+01, 2.55684723e+02, 3.44847069e+01,
    2.75241272e+02, 3.48852654e+01, 2.94465637e+02, 3.53219643e+01,
    2.17809097e+02, 5.27979584e+01, 2.37385223e+02, 5.34980850e+01,
    2.56733337e+02, 5.40303001e+01, 2.76000641e+02, 5.45732918e+01,
    2.95383362e+02, 5.49444733e+01, 2.18504028e+02, 7.22624588e+01,
    2.38212845e+02, 7.28213348e+01, 2.57497070e+02, 7.34940186e+01,
    2.76824066e+02, 7.41118927e+01, 2.96020142e+02, 7.44721756e+01,
    2.19326157e+02, 9.18065643e+01, 2.38798431e+02, 9.23975296e+01,
    2.58318176e+02, 9.28795090e+01, 2.77405975e+02, 9.33913879e+01,
    2.96746735e+02, 9.37902756e+01, 2.20064178e+02, 1.11189262e+02,
    2.39507584e+02, 1.11693909e+02, 2.58956787e+02, 1.12314140e+02,
    2.78093353e+02, 1.12696648e+02, 2.97282715e+02, 1.13129311e+02,
    2.20784805e+02, 1.30316864e+02, 2.40122070e+02, 1.30875168e+02,
    2.59442078e+02, 1.31328842e+02, 2.78684174e+02, 1.31823761e+02,
    2.97810852e+02, 1.32428665e+02 ]
