%YAML:1.0
---
points: [ 2.82418030e+02, 1.30132999e+01, 3.02170563e+02, 1.36722393e+01,
    3.21654938e+02, 1.43192139e+01, 3.40830597e+02, 1.49138813e+01,
    3.60224182e+02, 1.54627628e+01, 2.83497467e+02, 3.27155075e+01,
    3.02918365e+02, 3.35133972e+01, 3.22535370e+02, 3.40770721e+01,
    3.41820709e+02, 3.46081505e+01, 3.61001373e+02, 3.51469231e+01,
    2.84321564e+02, 5.22529335e+01, 3.03740753e+02, 5.31236458e+01,
    3.23269836e+02, 5.36734238e+01, 3.42599701e+02, 5.42970886e+01,
    3.61677917e+02, 5.47462883e+01, 2.85156189e+02, 7.19567108e+01,
    3.04497650e+02, 7.24903183e+01, 3.23963898e+02, 7.32269440e+01,
    3.43246216e+02, 7.37539749e+01, 3.62478210e+02, 7.43217926e+01,
    2.85684753e+02, 9.14606857e+01, 3.05370911e+02, 9.22279968e+01,
    3.24510895e+02, 9.26608276e+01, 3.43887878e+02, 9.32703857e+01,
    3.63092834e+02, 9.37361832e+01, 2.86417725e+02, 1.10773857e+02,
    3.05798340e+02, 1.11468224e+02, 3.25220581e+02, 1.12191101e+02,
    3.44417175e+02, 1.12582825e+02, 3.63591400e+02, 1.13082054e+02,
    2.86951996e+02, 1.29993011e+02, 3.06345764e+02, 1.30624512e+02,
    3.25641113e+02, 1.31205002e+02, 3.44810608e+02, 1.31786652e+02,
    3.64223236e+02, 1.32430573e+02 ]
