%YAML:1.0
---
points: [ 3.38430420e+02, 1.35487604e+01, 3.57911926e+02, 1.44405375e+01,
    3.77233673e+02, 1.51100130e+01, 3.96627167e+02, 1.57026119e+01,
    4.15986786e+02, 1.65178528e+01, 3.39268402e+02, 3.34358749e+01,
    3.58793396e+02, 3.41833801e+01, 3.78131348e+02, 3.48327141e+01,
    3.97413940e+02, 3.54164925e+01, 4.16702972e+02, 3.59745407e+01,
    3.39863281e+02, 5.29807625e+01, 3.59482727e+02, 5.37960701e+01,
    3.78882538e+02, 5.45133705e+01, 3.98107513e+02, 5.51755791e+01,
    4.17308685e+02, 5.56148682e+01, 3.40613129e+02, 7.24601364e+01,
    3.60085754e+02, 7.33359604e+01, 3.79557220e+02, 7.40427170e+01,
    3.98564392e+02, 7.47034073e+01, 4.17878510e+02, 7.53289871e+01,
    3.41250092e+02, 9.21463318e+01, 3.60669495e+02, 9.28015900e+01,
    3.80044250e+02, 9.34544678e+01, 3.99232574e+02, 9.40374908e+01,
    4.18378540e+02, 9.45683975e+01, 3.41958191e+02, 1.11516190e+02,
    3.61186340e+02, 1.12242897e+02, 3.80588776e+02, 1.12816887e+02,
    3.99734375e+02, 1.13432274e+02, 4.18723541e+02, 1.14016800e+02,
    3.42537537e+02, 1.30705307e+02, 3.61582367e+02, 1.31366425e+02,
    3.80973511e+02, 1.32042358e+02, 4.00111115e+02, 1.32675186e+02,
    4.19242828e+02, 1.33225113e+02 ]
