%YAML:1.0
---
points: [ 4.08605042e+02, 1.69840565e+01, 4.28182892e+02, 1.79825134e+01,
    4.47499634e+02, 1.87300453e+01, 4.66621399e+02, 1.95192585e+01,
    4.85768951e+02, 2.03013763e+01, 4.09388641e+02, 3.65217819e+01,
    4.28641632e+02, 3.74458466e+01, 4.48206757e+02, 3.84754562e+01,
    4.67160583e+02, 3.90949478e+01, 4.86331055e+02, 3.98368111e+01,
    4.09898834e+02, 5.59225311e+01, 4.29189026e+02, 5.68621025e+01,
    4.48575775e+02, 5.76596375e+01, 4.67668488e+02, 5.86014214e+01,
    4.86790253e+02, 5.92365723e+01, 4.10447021e+02, 7.55242386e+01,
    4.29747833e+02, 7.63087158e+01, 4.49040131e+02, 7.71469650e+01,
    4.68290344e+02, 7.77703934e+01, 4.87187317e+02, 7.85328674e+01,
    4.10907837e+02, 9.46346359e+01, 4.30127441e+02, 9.56697693e+01,
    4.49439209e+02, 9.64429245e+01, 4.68679749e+02, 9.72583542e+01,
    4.87482758e+02, 9.77166824e+01, 4.11429321e+02, 1.14034767e+02,
    4.30491180e+02, 1.14721321e+02, 4.49760986e+02, 1.15546242e+02,
    4.68825317e+02, 1.16265038e+02, 4.87782013e+02, 1.17060493e+02,
    4.11666077e+02, 1.33119141e+02, 4.30823303e+02, 1.33938339e+02,
    4.50026550e+02, 1.34546646e+02, 4.69158386e+02, 1.35356964e+02,
    4.88158661e+02, 1.36069321e+02 ]
