%YAML:1.0
---
points: [ 4.84832977e+02, 1.78255901e+01, 5.03944794e+02, 1.86282463e+01,
    5.23163940e+02, 1.93288994e+01, 5.42351501e+02, 2.01261501e+01,
    5.61232727e+02, 2.05772133e+01, 4.85460083e+02, 3.73763885e+01,
    5.04597656e+02, 3.83246346e+01, 5.23737183e+02, 3.89373474e+01,
    5.42720154e+02, 3.96079369e+01, 5.61606934e+02, 4.02337456e+01,
    4.85866455e+02, 5.68356628e+01, 5.05305725e+02, 5.75720253e+01,
    5.24256836e+02, 5.84512215e+01, 5.43180542e+02, 5.90858459e+01,
    5.62215210e+02, 5.96292343e+01, 4.86426086e+02, 7.63205185e+01,
    5.05671173e+02, 7.70856628e+01, 5.24593628e+02, 7.76735153e+01,
    5.43547546e+02, 7.84123459e+01, 5.62572449e+02, 7.89940643e+01,
    4.86873352e+02, 9.56521606e+01, 5.06013733e+02, 9.64209137e+01,
    5.24994202e+02, 9.71295853e+01, 5.44092590e+02, 9.76514359e+01,
    5.62892090e+02, 9.82175446e+01, 4.87283691e+02, 1.14723442e+02,
    5.06414642e+02, 1.15533180e+02, 5.25438599e+02, 1.16213654e+02,
    5.44333069e+02, 1.16847420e+02, 5.63232666e+02, 1.17447250e+02,
    4.87556427e+02, 1.33992706e+02, 5.06690735e+02, 1.34601303e+02,
    5.25711365e+02, 1.35209213e+02, 5.44503662e+02, 1.35796326e+02,
    5.63499146e+02, 1.36361343e+02 ]
