%YAML:1.0
---
points: [ 5.40756042e+02, 8.39875698e+00, 5.60300171e+02, 8.56742764e+00,
    5.79627869e+02, 8.67063999e+00, 5.98653870e+02, 8.77304459e+00,
    6.17964844e+02, 8.83560944e+00, 5.42354309e+02, 2.83655758e+01,
    5.61491272e+02, 2.85407982e+01, 5.80895142e+02, 2.86432362e+01,
    6.00107117e+02, 2.86882229e+01, 6.19201538e+02, 2.87049351e+01,
    5.43400513e+02, 4.82058372e+01, 5.62829895e+02, 4.84057922e+01,
    5.81996094e+02, 4.85529251e+01, 6.01315857e+02, 4.86230431e+01,
    6.20299927e+02, 4.85906181e+01, 5.44557495e+02, 6.77845154e+01,
    5.64099854e+02, 6.80117111e+01, 5.83242615e+02, 6.81347275e+01,
    6.02278564e+02, 6.82546616e+01, 6.21499146e+02, 6.82002411e+01,
    5.45759583e+02, 8.75239410e+01, 5.65133423e+02, 8.75707855e+01,
    5.84455017e+02, 8.76535187e+01, 6.03330688e+02, 8.76688080e+01,
    6.22445740e+02, 8.76215820e+01, 5.47005981e+02, 1.07084053e+02,
    5.66188477e+02, 1.07242966e+02, 5.85442444e+02, 1.07290642e+02,
    6.04467102e+02, 1.07297737e+02, 6.23402100e+02, 1.07289062e+02,
    5.48092712e+02, 1.26350975e+02, 5.67262573e+02, 1.26402885e+02,
    5.86366821e+02, 1.26424622e+02, 6.05452637e+02, 1.26433556e+02,
    6.24366882e+02, 1.26421394e+02 ]
