%YAML:1.0
---
points: [ 5.41194763e+02, 8.70550346e+00, 5.60798462e+02, 9.23136234e+00,
    5.80404846e+02, 9.56852913e+00, 5.99704956e+02, 9.81897640e+00,
    6.18953552e+02, 1.00717688e+01, 5.42661438e+02, 2.87563267e+01,
    5.62259888e+02, 2.92286205e+01, 5.81550781e+02, 2.94841309e+01,
    6.01152649e+02, 2.96814690e+01, 6.20296448e+02, 2.98500633e+01,
    5.44040588e+02, 4.87013245e+01, 5.63534607e+02, 4.90362282e+01,
    5.82937012e+02, 4.93782005e+01, 6.02204834e+02, 4.95730591e+01,
    6.21536316e+02, 4.96430969e+01, 5.45225098e+02, 6.85439835e+01,
    5.64744080e+02, 6.88358307e+01, 5.84302124e+02, 6.91616898e+01,
    6.03285522e+02, 6.93474960e+01, 6.22580566e+02, 6.94420700e+01,
    5.46304993e+02, 8.81902161e+01, 5.65825317e+02, 8.84159470e+01,
    5.85262268e+02, 8.86684036e+01, 6.04489014e+02, 8.88232651e+01,
    6.23539856e+02, 8.88812637e+01, 5.47692627e+02, 1.07710831e+02,
    5.66874146e+02, 1.07880508e+02, 5.86385498e+02, 1.08156815e+02,
    6.05545532e+02, 1.08308296e+02, 6.24613708e+02, 1.08373993e+02,
    5.48759094e+02, 1.27294685e+02, 5.68183594e+02, 1.27430672e+02,
    5.87352905e+02, 1.27559189e+02, 6.06571350e+02, 1.27649231e+02,
    6.25693909e+02, 1.27721947e+02 ]
