%YAML:1.0
---
points: [ 5.97198608e+02, 8.38109970e+00, 6.16699768e+02, 8.65168571e+00,
    6.36270935e+02, 9.11545563e+00, 6.55418823e+02, 9.37254143e+00,
    6.74837769e+02, 9.67865181e+00, 5.98463318e+02, 2.83828602e+01,
    6.18080139e+02, 2.87312622e+01, 6.37521301e+02, 2.91132221e+01,
    6.56709045e+02, 2.93599377e+01, 6.75840149e+02, 2.95194454e+01,
    5.99852844e+02, 4.83618851e+01, 6.19199341e+02, 4.87552147e+01,
    6.38526001e+02, 4.89986649e+01, 6.57775085e+02, 4.92731133e+01,
    6.77040588e+02, 4.94074020e+01, 6.01079895e+02, 6.81248703e+01,
    6.20270935e+02, 6.85298080e+01, 6.39623596e+02, 6.88729477e+01,
    6.58889526e+02, 6.90914764e+01, 6.77961670e+02, 6.91609039e+01,
    6.02011719e+02, 8.77235565e+01, 6.21520203e+02, 8.81738968e+01,
    6.40584595e+02, 8.84440384e+01, 6.59905884e+02, 8.86081085e+01,
    6.79057129e+02, 8.87142334e+01, 6.03192139e+02, 1.07496414e+02,
    6.22463806e+02, 1.07678337e+02, 6.41713074e+02, 1.07887863e+02,
    6.60773804e+02, 1.08099030e+02, 6.80120056e+02, 1.08173096e+02,
    6.04207947e+02, 1.26921806e+02, 6.23443970e+02, 1.27262123e+02,
    6.42731995e+02, 1.27416710e+02, 6.61750854e+02, 1.27551628e+02,
    6.80846558e+02, 1.27649315e+02 ]
