%YAML:1.0
---
points: [ 6.00723083e+02, 8.82842064e+00, 6.20225891e+02, 9.53562546e+00,
    6.39635132e+02, 9.92573071e+00, 6.58944397e+02, 1.02709589e+01,
    6.78243164e+02, 1.05396576e+01, 6.01865906e+02, 2.89104919e+01,
    6.21532471e+02, 2.95001431e+01, 6.40696472e+02, 2.99082260e+01,
    6.60164917e+02, 3.02356167e+01, 6.79389893e+02, 3.03918304e+01,
    6.03100830e+02, 4.88371010e+01, 6.22589600e+02, 4.93931313e+01,
    6.41994202e+02, 4.97688713e+01, 6.61116699e+02, 5.01028862e+01,
    6.80432068e+02, 5.03232307e+01, 6.04335571e+02, 6.88175125e+01,
    6.23576965e+02, 6.92547989e+01, 6.43161865e+02, 6.95885925e+01,
    6.62106750e+02, 6.98454666e+01, 6.81333191e+02, 7.00812454e+01,
    6.05413330e+02, 8.84769745e+01, 6.24665649e+02, 8.87730026e+01,
    6.43969727e+02, 8.91605606e+01, 6.63305420e+02, 8.93373947e+01,
    6.82271545e+02, 8.95157242e+01, 6.06508362e+02, 1.07884064e+02,
    6.25832336e+02, 1.08381493e+02, 6.45006592e+02, 1.08578720e+02,
    6.64191833e+02, 1.08759796e+02, 6.83303528e+02, 1.08914261e+02,
    6.07550476e+02, 1.27538437e+02, 6.26802307e+02, 1.27765434e+02,
    6.45906982e+02, 1.27921875e+02, 6.65146912e+02, 1.28210587e+02,
    6.84257446e+02, 1.28371811e+02 ]
