%YAML:1.0
---
points: [ 6.33092224e+02, 8.71988583e+00, 6.52501221e+02, 9.40263557e+00,
    6.71822266e+02, 9.80465031e+00, 6.91152466e+02, 1.02501793e+01,
    7.10509460e+02, 1.05646563e+01, 6.34257751e+02, 2.88047256e+01,
    6.53671265e+02, 2.94308224e+01, 6.73032288e+02, 2.98968563e+01,
    6.92179016e+02, 3.02244473e+01, 7.11414978e+02, 3.04159260e+01,
    6.35279053e+02, 4.88003807e+01, 6.54703064e+02, 4.93598747e+01,
    6.74114624e+02, 4.97611885e+01, 6.93172058e+02, 5.01111488e+01,
    7.12361328e+02, 5.03477898e+01, 6.36479614e+02, 6.87646255e+01,
    6.55644104e+02, 6.92159195e+01, 6.75159058e+02, 6.95732727e+01,
    6.94211609e+02, 6.98666687e+01, 7.13240540e+02, 7.01445007e+01,
    6.37505981e+02, 8.84071045e+01, 6.56747803e+02, 8.87986298e+01,
    6.75939941e+02, 8.91849060e+01, 6.95228394e+02, 8.93700562e+01,
    7.14150940e+02, 8.96047974e+01, 6.38500732e+02, 1.07897888e+02,
    6.57787720e+02, 1.08375328e+02, 6.76968079e+02, 1.08604683e+02,
    6.95988708e+02, 1.08788864e+02, 7.15116272e+02, 1.09056076e+02,
    6.39432556e+02, 1.27543823e+02, 6.58711487e+02, 1.27766380e+02,
    6.77790527e+02, 128., 6.96900818e+02, 1.28203537e+02, 7.15924194e+02,
    1.28472427e+02 ]
