%YAML:1.0
---
points: [ 6.70284485e+02, 8.81202412e+00, 6.89652832e+02, 9.47425079e+00,
    7.08900818e+02, 9.86329746e+00, 7.28101074e+02, 1.02314177e+01,
    7.47488708e+02, 1.05658417e+01, 6.71349792e+02, 2.89011383e+01,
    6.90630310e+02, 2.95005226e+01, 7.10026367e+02, 2.99297485e+01,
    7.29132385e+02, 3.02501011e+01, 7.48268433e+02, 3.03987579e+01,
    6.72327026e+02, 4.88682785e+01, 6.91651794e+02, 4.94393539e+01,
    7.10899841e+02, 4.97840309e+01, 7.29917114e+02, 5.01730270e+01,
    7.49166565e+02, 5.03613472e+01, 6.73477783e+02, 6.88899994e+01,
    6.92497864e+02, 6.93086624e+01, 7.11840332e+02, 6.96478729e+01,
    7.30951782e+02, 6.99394836e+01, 7.49825378e+02, 7.02039566e+01,
    6.74392456e+02, 8.85113754e+01, 6.93564575e+02, 8.89635239e+01,
    7.12588501e+02, 8.92909088e+01, 7.31805542e+02, 8.94660339e+01,
    7.50695557e+02, 8.96447067e+01, 6.75359070e+02, 1.08088692e+02,
    6.94477722e+02, 1.08494080e+02, 7.13475830e+02, 1.08674721e+02,
    7.32612122e+02, 1.08950966e+02, 7.51507874e+02, 1.09086464e+02,
    6.76195618e+02, 1.27664726e+02, 6.95398682e+02, 1.27878609e+02,
    7.14299438e+02, 1.28173782e+02, 7.33377014e+02, 1.28375763e+02,
    7.52450928e+02, 1.28537201e+02 ]
