%YAML:1.0
---
points: [ 6.70270508e+02, 8.66077709e+00, 6.89652466e+02, 9.34411144e+00,
    7.08895996e+02, 9.78960133e+00, 7.28088440e+02, 1.01521454e+01,
    7.47448975e+02, 1.05021601e+01, 6.71273926e+02, 2.88169289e+01,
    6.90610474e+02, 2.93855858e+01, 7.09976318e+02, 2.98236103e+01,
    7.29100037e+02, 3.02055588e+01, 7.48301697e+02, 3.03143444e+01,
    6.72294250e+02, 4.87724571e+01, 6.91621338e+02, 4.93375969e+01,
    7.10911316e+02, 4.96844635e+01, 7.29964783e+02, 5.00789452e+01,
    7.49226013e+02, 5.03347893e+01, 6.73454956e+02, 6.87580185e+01,
    6.92506592e+02, 6.92455215e+01, 7.11861572e+02, 6.95688477e+01,
    7.30952942e+02, 6.98411331e+01, 7.49831665e+02, 7.01326675e+01,
    6.74353516e+02, 8.84342422e+01, 6.93556824e+02, 8.88392487e+01,
    7.12591980e+02, 8.92216644e+01, 7.31836060e+02, 8.93703995e+01,
    7.50727844e+02, 8.95808258e+01, 6.75327515e+02, 1.07916222e+02,
    6.94472229e+02, 1.08410522e+02, 7.13527771e+02, 1.08638000e+02,
    7.32650391e+02, 1.08807228e+02, 7.51529968e+02, 1.09065956e+02,
    6.76197388e+02, 1.27593491e+02, 6.95403992e+02, 1.27817841e+02,
    7.14336853e+02, 1.28111084e+02, 7.33414429e+02, 1.28338837e+02,
    7.52516541e+02, 1.28491562e+02 ]
