%YAML:1.0
---
points: [ 6.98334839e+02, 8.77105713e+00, 7.17622742e+02, 9.48013306e+00,
    7.36986145e+02, 9.93433285e+00, 7.56073181e+02, 1.02655411e+01,
    7.75323486e+02, 1.06149006e+01, 6.99362549e+02, 2.89150448e+01,
    7.18645874e+02, 2.94925232e+01, 7.37837708e+02, 2.99795780e+01,
    7.56933716e+02, 3.02519150e+01, 7.76150879e+02, 3.04723339e+01,
    7.00445068e+02, 4.89523964e+01, 7.19497253e+02, 4.95111122e+01,
    7.38765320e+02, 4.98223991e+01, 7.57815369e+02, 5.02550354e+01,
    7.76800598e+02, 5.04141159e+01, 7.01320923e+02, 6.89823837e+01,
    7.20530823e+02, 6.93600082e+01, 7.39536133e+02, 6.97233429e+01,
    7.58656555e+02, 7.01273346e+01, 7.77666687e+02, 7.03197403e+01,
    7.02270935e+02, 8.85728455e+01, 7.21419800e+02, 8.90327530e+01,
    7.40436890e+02, 8.93361969e+01, 7.59410889e+02, 8.95929565e+01,
    7.78409119e+02, 8.97614594e+01, 7.03015625e+02, 1.08232620e+02,
    7.22327759e+02, 1.08538071e+02, 7.41243896e+02, 1.08832596e+02,
    7.60204773e+02, 1.09143570e+02, 7.79268860e+02, 1.09240959e+02,
    7.03936340e+02, 1.27734604e+02, 7.22946716e+02, 1.28006149e+02,
    7.42141479e+02, 1.28278885e+02, 7.60915527e+02, 1.28460266e+02,
    7.79880798e+02, 1.28651291e+02 ]
