%YAML:1.0
---
points: [ 7.21660522e+02, 1.00697594e+01, 7.40758606e+02, 1.05746031e+01,
    7.59916443e+02, 1.12102795e+01, 7.79168762e+02, 1.14826880e+01,
    7.98099670e+02, 1.17327433e+01, 7.22573792e+02, 3.01486149e+01,
    7.41763367e+02, 3.05143509e+01, 7.60839905e+02, 3.08952618e+01,
    7.79869934e+02, 3.13264713e+01, 7.98773193e+02, 3.15726070e+01,
    7.23400391e+02, 5.00965118e+01, 7.42612671e+02, 5.04484215e+01,
    7.61548096e+02, 5.06729088e+01, 7.80685791e+02, 5.10878296e+01,
    7.99658936e+02, 5.12621460e+01, 7.24264282e+02, 6.99326172e+01,
    7.43464600e+02, 7.04471207e+01, 7.62506653e+02, 7.06496048e+01,
    7.81405273e+02, 7.08826599e+01, 8.00382324e+02, 7.10423965e+01,
    7.25180054e+02, 8.94871902e+01, 7.44217285e+02, 8.99759598e+01,
    7.63278687e+02, 9.03493958e+01, 7.81937317e+02, 9.05551376e+01,
    8.01119263e+02, 9.06986618e+01, 7.26110046e+02, 1.09102982e+02,
    7.44898743e+02, 1.09348633e+02, 7.64082092e+02, 1.09566986e+02,
    7.82719421e+02, 1.09736832e+02, 8.01680725e+02, 1.09912903e+02,
    7.26871277e+02, 1.28521103e+02, 7.45700439e+02, 1.28774200e+02,
    7.64593689e+02, 1.29047012e+02, 7.83498718e+02, 1.29243942e+02,
    8.02362915e+02, 1.29394333e+02 ]
