%YAML:1.0
---
points: [ 7.47337036e+02, 1.12924528e+01, 7.66213135e+02, 1.18011675e+01,
    7.85457703e+02, 1.22379351e+01, 8.04416809e+02, 1.25338287e+01,
    8.23385803e+02, 1.27582321e+01, 7.48095703e+02, 3.11757603e+01,
    7.67140869e+02, 3.16911621e+01, 7.86210938e+02, 3.20922508e+01,
    8.05171570e+02, 3.23927803e+01, 8.24059692e+02, 3.25810814e+01,
    7.48924744e+02, 5.08701363e+01, 7.68032288e+02, 5.14174690e+01,
    7.86836792e+02, 5.17522964e+01, 8.05869263e+02, 5.20764961e+01,
    8.24662292e+02, 5.22554092e+01, 7.49696655e+02, 7.08385544e+01,
    7.68783020e+02, 7.12807312e+01, 7.87651001e+02, 7.15295639e+01,
    8.06537109e+02, 7.17014694e+01, 8.25379333e+02, 7.18256149e+01,
    7.50482178e+02, 9.05516739e+01, 7.69546143e+02, 9.08570251e+01,
    7.88355957e+02, 9.12002716e+01, 8.07277649e+02, 9.13604889e+01,
    8.26188416e+02, 9.14915771e+01, 7.51253601e+02, 1.09847801e+02,
    7.70281311e+02, 1.10283836e+02, 7.89226074e+02, 1.10528740e+02,
    8.07838745e+02, 1.10729759e+02, 8.26760010e+02, 1.10820045e+02,
    7.52190430e+02, 1.29398453e+02, 7.70926208e+02, 1.29519821e+02,
    7.89773804e+02, 1.29695770e+02, 8.08444336e+02, 1.29861237e+02,
    8.27387451e+02, 1.30121582e+02 ]
