%YAML:1.0
---
points: [ 7.90141968e+02, 1.41482601e+01, 8.08931763e+02, 1.46227579e+01,
    8.27993530e+02, 1.50892820e+01, 8.46779053e+02, 1.52919025e+01,
    8.65478699e+02, 1.55696192e+01, 7.90875061e+02, 3.38814354e+01,
    8.09801758e+02, 3.44636383e+01, 8.28565613e+02, 3.47550507e+01,
    8.47425232e+02, 3.51362572e+01, 8.66077942e+02, 3.52692795e+01,
    7.91518494e+02, 5.36529999e+01, 8.10518433e+02, 5.40664177e+01,
    8.29302734e+02, 5.44461555e+01, 8.48074219e+02, 5.47006073e+01,
    8.66637878e+02, 5.48179703e+01, 7.92261414e+02, 7.32193985e+01,
    8.11193115e+02, 7.36295166e+01, 8.29832642e+02, 7.39583511e+01,
    8.48549255e+02, 7.42550201e+01, 8.67185791e+02, 7.43222580e+01,
    7.92927124e+02, 9.26575928e+01, 8.11714539e+02, 9.30255814e+01,
    8.30436829e+02, 9.34194565e+01, 8.49195557e+02, 9.35789642e+01,
    8.67785706e+02, 9.36504974e+01, 7.93639099e+02, 1.12195320e+02,
    8.12405518e+02, 1.12498070e+02, 8.31202820e+02, 1.12689552e+02,
    8.49685120e+02, 1.12777664e+02, 8.68381531e+02, 1.12860367e+02,
    7.94418579e+02, 1.31316193e+02, 8.12972656e+02, 1.31527054e+02,
    8.31654663e+02, 1.31701416e+02, 8.50236450e+02, 1.31900223e+02,
    8.68850586e+02, 1.32151245e+02 ]
