%YAML:1.0
---
points: [ 8.30270386e+02, 1.39036255e+01, 8.49262451e+02, 1.45529356e+01,
    8.68167786e+02, 1.50260839e+01, 8.86719177e+02, 1.53114491e+01,
    9.05549438e+02, 1.56001110e+01, 8.31076721e+02, 3.38575706e+01,
    8.49769897e+02, 3.43696175e+01, 8.68666931e+02, 3.47246361e+01,
    8.87249756e+02, 3.51542053e+01, 9.06068359e+02, 3.53062057e+01,
    8.31667725e+02, 5.35840187e+01, 8.50309753e+02, 5.39603767e+01,
    8.69300232e+02, 5.44689522e+01, 8.87734009e+02, 5.47102776e+01,
    9.06510071e+02, 5.49245911e+01, 8.32276794e+02, 7.31460571e+01,
    8.50961182e+02, 7.35836334e+01, 8.69757690e+02, 7.39851913e+01,
    8.88399170e+02, 7.42521362e+01, 9.07060608e+02, 7.43696823e+01,
    8.32838562e+02, 9.26001892e+01, 8.51600342e+02, 9.29497147e+01,
    8.70336182e+02, 9.33989105e+01, 8.88948975e+02, 9.35842514e+01,
    9.07450317e+02, 9.37216187e+01, 8.33455078e+02, 1.12138794e+02,
    8.52264465e+02, 1.12477921e+02, 8.70737366e+02, 1.12662239e+02,
    8.89466675e+02, 1.12767143e+02, 9.07887451e+02, 1.12874367e+02,
    8.34011841e+02, 1.31256927e+02, 8.52808777e+02, 1.31520676e+02,
    8.71320740e+02, 1.31662735e+02, 8.89922302e+02, 1.31937393e+02,
    9.08320740e+02, 1.32238098e+02 ]
