%YAML:1.0
---
points: [ 8.51859314e+02, 1.34842978e+01, 8.70613220e+02, 1.38517399e+01,
    8.89556702e+02, 1.43715410e+01, 9.08194763e+02, 1.46345720e+01,
    9.26977966e+02, 1.48869572e+01, 8.52537415e+02, 3.33870735e+01,
    8.71266357e+02, 3.37306633e+01, 8.90147400e+02, 3.40933685e+01,
    9.08619324e+02, 3.44411316e+01, 9.27460266e+02, 3.46121483e+01,
    8.53231812e+02, 5.30317574e+01, 8.71825012e+02, 5.35466156e+01,
    8.90587891e+02, 5.38049583e+01, 9.09154846e+02, 5.40596657e+01,
    9.27861145e+02, 5.42943459e+01, 8.53685486e+02, 7.26094589e+01,
    8.72437012e+02, 7.30405045e+01, 8.91222107e+02, 7.34124069e+01,
    9.09756470e+02, 7.36809311e+01, 9.28331360e+02, 7.37718277e+01,
    8.54313782e+02, 9.23197479e+01, 8.73099915e+02, 9.26210556e+01,
    8.91624512e+02, 9.27656174e+01, 9.10315613e+02, 9.30006027e+01,
    9.28761841e+02, 9.31999207e+01, 8.54888184e+02, 1.11680595e+02,
    8.73635254e+02, 1.12067184e+02, 8.92192932e+02, 1.12305283e+02,
    9.10754150e+02, 1.12473297e+02, 9.29266663e+02, 1.12537132e+02,
    8.55377197e+02, 1.30864914e+02, 8.74182617e+02, 1.31144730e+02,
    8.92593140e+02, 1.31347290e+02, 9.11302002e+02, 1.31453598e+02,
    9.29652405e+02, 1.31583817e+02 ]
