%YAML:1.0
---
points: [ 8.95215332e+02, 1.19930964e+01, 9.13851624e+02, 1.25021477e+01,
    9.32668457e+02, 1.28298445e+01, 9.51391113e+02, 1.31580868e+01,
    9.70276550e+02, 1.33782463e+01, 8.95681335e+02, 3.20354080e+01,
    9.14407776e+02, 3.24296494e+01, 9.33246765e+02, 3.27377281e+01,
    9.51911560e+02, 3.29790230e+01, 9.70620117e+02, 3.31804543e+01,
    8.96332581e+02, 5.17452965e+01, 9.15019470e+02, 5.21405029e+01,
    9.33591736e+02, 5.24470940e+01, 9.52381653e+02, 5.26439362e+01,
    9.71129333e+02, 5.26822014e+01, 8.96799561e+02, 7.15849457e+01,
    9.15563232e+02, 7.18250809e+01, 9.34181335e+02, 7.21506653e+01,
    9.52789978e+02, 7.22926941e+01, 9.71404541e+02, 7.23503876e+01,
    8.97358276e+02, 9.12493210e+01, 9.16065613e+02, 9.15999985e+01,
    9.34579590e+02, 9.17510757e+01, 9.53308960e+02, 9.18786011e+01,
    9.71841919e+02, 9.19628067e+01, 8.97852905e+02, 1.10702583e+02,
    9.16568115e+02, 1.10984077e+02, 9.35148621e+02, 1.11140060e+02,
    9.53689148e+02, 1.11274269e+02, 9.72293518e+02, 1.11270256e+02,
    8.98426270e+02, 1.29986816e+02, 9.17098328e+02, 1.30228607e+02,
    9.35610291e+02, 1.30367889e+02, 9.54206787e+02, 1.30444305e+02,
    9.72693848e+02, 1.30460464e+02 ]
