%YAML:1.0
---
points: [ 9.22484924e+02, 1.17222910e+01, 9.41151672e+02, 1.21444807e+01,
    9.59953308e+02, 1.24784107e+01, 9.78707581e+02, 1.27015820e+01,
    9.97431824e+02, 1.28844595e+01, 9.22993286e+02, 3.17149639e+01,
    9.41720093e+02, 3.20918388e+01, 9.60395020e+02, 3.24223175e+01,
    9.79215393e+02, 3.25668335e+01, 9.97712952e+02, 3.26708412e+01,
    9.23467529e+02, 5.14833946e+01, 9.42258301e+02, 5.18748131e+01,
    9.60817749e+02, 5.21755409e+01, 9.79547424e+02, 5.22957077e+01,
    9.98179321e+02, 5.23847694e+01, 9.24068115e+02, 7.13596039e+01,
    9.42700439e+02, 7.16180420e+01, 9.61270569e+02, 7.17932739e+01,
    9.79924133e+02, 7.20362320e+01, 9.98534912e+02, 7.20139160e+01,
    9.24468262e+02, 9.10388031e+01, 9.43267090e+02, 9.13743286e+01,
    9.61723145e+02, 9.15539856e+01, 9.80365051e+02, 9.16297073e+01,
    9.98967834e+02, 9.16457596e+01, 9.25022583e+02, 1.10541679e+02,
    9.43635132e+02, 1.10744774e+02, 9.62242065e+02, 1.10882256e+02,
    9.80744385e+02, 1.10971962e+02, 9.99363220e+02, 1.10959831e+02,
    9.25578186e+02, 1.29761978e+02, 9.44216248e+02, 1.29974136e+02,
    9.62725586e+02, 1.30140335e+02, 9.81218079e+02, 1.30164841e+02,
    9.99698608e+02, 1.30243652e+02 ]
