%YAML:1.0
---
points: [ 9.91385437e+02, 1.23354330e+01, 1.01002917e+03, 1.27133293e+01,
    1.02858276e+03, 1.30932360e+01, 1.04736609e+03, 1.32682180e+01,
    1.06587329e+03, 1.33916836e+01, 9.91626038e+02, 3.22868271e+01,
    1.01040100e+03, 3.26120491e+01, 1.02887769e+03, 3.29732628e+01,
    1.04751099e+03, 3.30864677e+01, 1.06617102e+03, 3.32076111e+01,
    9.92018188e+02, 5.20122223e+01, 1.01067804e+03, 5.23531570e+01,
    1.02922571e+03, 5.25469398e+01, 1.04774902e+03, 5.26787834e+01,
    1.06634875e+03, 5.27087936e+01, 9.92330322e+02, 7.17770157e+01,
    1.01096893e+03, 7.20925217e+01, 1.02941028e+03, 7.22650757e+01,
    1.04807690e+03, 7.23422623e+01, 1.06651001e+03, 7.23406448e+01,
    9.92672424e+02, 9.15019226e+01, 1.01134607e+03, 9.17167740e+01,
    1.02968042e+03, 9.18707581e+01, 1.04832068e+03, 9.19416580e+01,
    1.06671375e+03, 9.19184494e+01, 9.93057373e+02, 1.11030769e+02,
    1.01154938e+03, 1.11189835e+02, 1.02999573e+03, 1.11244949e+02,
    1.04849731e+03, 1.11301636e+02, 1.06698621e+03, 1.11235924e+02,
    9.93474487e+02, 1.30328781e+02, 1.01192181e+03, 1.30356827e+02,
    1.03041333e+03, 1.30423615e+02, 1.04873254e+03, 1.30446091e+02,
    1.06724927e+03, 1.30420471e+02 ]
