%YAML:1.0
---
points: [ 1.04235217e+03, 1.25678997e+01, 1.06071729e+03, 1.28921328e+01,
    1.07944702e+03, 1.31679707e+01, 1.09787622e+03, 1.32283640e+01,
    1.11659009e+03, 1.33409452e+01, 1.04256580e+03, 3.25163841e+01,
    1.06096228e+03, 3.27747002e+01, 1.07961804e+03, 3.29520226e+01,
    1.09806067e+03, 3.30305405e+01, 1.11671973e+03, 3.29909782e+01,
    1.04278748e+03, 5.22440109e+01, 1.06121387e+03, 5.24585724e+01,
    1.07976355e+03, 5.25949173e+01, 1.09821082e+03, 5.26355019e+01,
    1.11690930e+03, 5.26036949e+01, 1.04308337e+03, 7.19606628e+01,
    1.06147302e+03, 7.21754608e+01, 1.08007568e+03, 7.22759399e+01,
    1.09843030e+03, 7.22750854e+01, 1.11710498e+03, 7.22136841e+01,
    1.04343103e+03, 9.16156235e+01, 1.06166199e+03, 9.17916946e+01,
    1.08028833e+03, 9.18370590e+01, 1.09861536e+03, 9.18150711e+01,
    1.11726672e+03, 9.17356720e+01, 1.04362646e+03, 1.11117104e+02,
    1.06202954e+03, 1.11210411e+02, 1.08043860e+03, 1.11256020e+02,
    1.09886792e+03, 1.11226685e+02, 1.11737036e+03, 1.11077599e+02,
    1.04386914e+03, 1.30418518e+02, 1.06233130e+03, 1.30450363e+02,
    1.08063062e+03, 1.30396652e+02, 1.09916675e+03, 1.30354034e+02,
    1.11747424e+03, 1.30293320e+02 ]
