%YAML:1.0
---
points: [ 1.05735388e+03, 1.25661049e+01, 1.07571582e+03, 1.29870796e+01,
    1.09442273e+03, 1.32963057e+01, 1.11286377e+03, 1.33845119e+01,
    1.13153052e+03, 1.35250053e+01, 1.05749817e+03, 3.25052071e+01,
    1.07585486e+03, 3.28218155e+01, 1.09451428e+03, 3.31494751e+01,
    1.11289001e+03, 3.32888489e+01, 1.13160632e+03, 3.33491287e+01,
    1.05763831e+03, 5.22532730e+01, 1.07605469e+03, 5.25322571e+01,
    1.09464209e+03, 5.26911011e+01, 1.11304724e+03, 5.29032860e+01,
    1.13167493e+03, 5.28690910e+01, 1.05787524e+03, 7.19344177e+01,
    1.07626489e+03, 7.22128067e+01, 1.09472815e+03, 7.23552170e+01,
    1.11321204e+03, 7.24291534e+01, 1.13171765e+03, 7.23872375e+01,
    1.05818860e+03, 9.16275558e+01, 1.07636987e+03, 9.18771439e+01,
    1.09489075e+03, 9.20223007e+01, 1.11330469e+03, 9.21166534e+01,
    1.13181165e+03, 9.20522842e+01, 1.05838538e+03, 1.11104973e+02,
    1.07656116e+03, 1.11293633e+02, 1.09515979e+03, 1.11355827e+02,
    1.11340198e+03, 1.11340836e+02, 1.13188074e+03, 1.11291077e+02,
    1.05852954e+03, 1.30412903e+02, 1.07673108e+03, 1.30443512e+02,
    1.09535034e+03, 1.30474152e+02, 1.11355212e+03, 1.30501541e+02,
    1.13200269e+03, 1.30459503e+02 ]
