%YAML:1.0
---
points: [ 1.12853503e+03, 1.18523073e+01, 1.14708118e+03, 1.22934885e+01,
    1.16545239e+03, 1.25073605e+01, 1.18406006e+03, 1.26734304e+01,
    1.20247876e+03, 1.27690115e+01, 1.12851453e+03, 3.19039021e+01,
    1.14701489e+03, 3.22348022e+01, 1.16538855e+03, 3.23906975e+01,
    1.18397058e+03, 3.25179977e+01, 1.20243677e+03, 3.25823174e+01,
    1.12857031e+03, 5.15922050e+01, 1.14701526e+03, 5.18956985e+01,
    1.16537451e+03, 5.21248016e+01, 1.18391602e+03, 5.21992188e+01,
    1.20235864e+03, 5.22229042e+01, 1.12860864e+03, 7.14386978e+01,
    1.14712573e+03, 7.16272812e+01, 1.16535071e+03, 7.17451553e+01,
    1.18384167e+03, 7.18107605e+01, 1.20232349e+03, 7.17627335e+01,
    1.12863953e+03, 9.11393585e+01, 1.14714844e+03, 9.13216705e+01,
    1.16540540e+03, 9.14318390e+01, 1.18383887e+03, 9.14361420e+01,
    1.20229712e+03, 9.13698120e+01, 1.12873071e+03, 1.10526237e+02,
    1.14720422e+03, 1.10695641e+02, 1.16543677e+03, 1.10720657e+02,
    1.18390125e+03, 1.10769501e+02, 1.20229211e+03, 1.10682907e+02,
    1.12884863e+03, 1.29787415e+02, 1.14727771e+03, 1.29864929e+02,
    1.16546924e+03, 1.29894043e+02, 1.18394324e+03, 1.29880066e+02,
    1.20227820e+03, 1.29845673e+02 ]
