%YAML:1.0
---
points: [ 1.18051331e+03, 1.33302031e+01, 1.19869604e+03, 1.36549053e+01,
    1.21709216e+03, 1.40258799e+01, 1.23539575e+03, 1.43690443e+01,
    1.25368530e+03, 1.45805893e+01, 1.18040942e+03, 3.32122993e+01,
    1.19859937e+03, 3.35511284e+01, 1.21685339e+03, 3.37986374e+01,
    1.23506848e+03, 3.40519257e+01, 1.25350562e+03, 3.42604218e+01,
    1.18036609e+03, 5.27256432e+01, 1.19850281e+03, 5.32920532e+01,
    1.21669971e+03, 5.35484581e+01, 1.23491113e+03, 5.37135963e+01,
    1.25338196e+03, 5.37703209e+01, 1.18034961e+03, 7.23697586e+01,
    1.19839417e+03, 7.26064682e+01, 1.21663550e+03, 7.29262238e+01,
    1.23476221e+03, 7.32009964e+01, 1.25324365e+03, 7.32761002e+01,
    1.18028955e+03, 9.21090698e+01, 1.19833252e+03, 9.23609467e+01,
    1.21653467e+03, 9.25168076e+01, 1.23465735e+03, 9.25926285e+01,
    1.25312695e+03, 9.26136017e+01, 1.18034656e+03, 1.11413925e+02,
    1.19835620e+03, 1.11617500e+02, 1.21655481e+03, 1.11766937e+02,
    1.23463110e+03, 1.11861732e+02, 1.25300574e+03, 1.11872505e+02,
    1.18029431e+03, 1.30594177e+02, 1.19830859e+03, 1.30747574e+02,
    1.21651135e+03, 1.30860596e+02, 1.23461841e+03, 1.30922195e+02,
    1.25286877e+03, 1.30997498e+02 ]
