%YAML:1.0
---
points: [ 1.24498682e+03, 1.28854485e+01, 1.26321411e+03, 1.33959818e+01,
    1.28136633e+03, 1.35681276e+01, 1.29966455e+03, 1.38469620e+01,
    1.31789526e+03, 1.41822786e+01, 1.24462573e+03, 3.27176704e+01,
    1.26289990e+03, 3.32442055e+01, 1.28111646e+03, 3.35074501e+01,
    1.29934583e+03, 3.36147881e+01, 1.31751038e+03, 3.37105713e+01,
    1.24446716e+03, 5.24030685e+01, 1.26266785e+03, 5.27488708e+01,
    1.28092151e+03, 5.31285019e+01, 1.29910071e+03, 5.33099976e+01,
    1.31732996e+03, 5.33949013e+01, 1.24439697e+03, 7.20759354e+01,
    1.26252356e+03, 7.23647385e+01, 1.28061182e+03, 7.24759979e+01,
    1.29881189e+03, 7.26236343e+01, 1.31701306e+03, 7.26509705e+01,
    1.24428040e+03, 9.16034393e+01, 1.26238489e+03, 9.19814987e+01,
    1.28047375e+03, 9.22119141e+01, 1.29858740e+03, 9.22990341e+01,
    1.31680566e+03, 9.23306503e+01, 1.24421960e+03, 1.11084633e+02,
    1.26230042e+03, 1.11202629e+02, 1.28040283e+03, 1.11353767e+02,
    1.29845044e+03, 1.11381035e+02, 1.31663904e+03, 1.11383278e+02,
    1.24411157e+03, 1.30260681e+02, 1.26223828e+03, 1.30391861e+02,
    1.28034192e+03, 1.30413025e+02, 1.29834180e+03, 1.30475250e+02,
    1.31654553e+03, 1.30495468e+02 ]
