%YAML:1.0
---
points: [ 1.29035327e+03, 1.23209009e+01, 1.30848315e+03, 1.26062346e+01,
    1.32691785e+03, 1.27485180e+01, 1.34511389e+03, 1.29861765e+01,
    1.36353137e+03, 1.30769968e+01, 1.29009583e+03, 3.21866722e+01,
    1.30821191e+03, 3.24359741e+01, 1.32654858e+03, 3.25507698e+01,
    1.34467578e+03, 3.26542282e+01, 1.36321985e+03, 3.26646156e+01,
    1.28983411e+03, 5.17755394e+01, 1.30800952e+03, 5.20686302e+01,
    1.32627869e+03, 5.21884651e+01, 1.34438293e+03, 5.22762794e+01,
    1.36279309e+03, 5.21287880e+01, 1.28960425e+03, 7.15525589e+01,
    1.30770557e+03, 7.16648712e+01, 1.32607581e+03, 7.17909470e+01,
    1.34417358e+03, 7.17665100e+01, 1.36250366e+03, 7.17023468e+01,
    1.28948254e+03, 9.11620483e+01, 1.30750439e+03, 9.13250198e+01,
    1.32567725e+03, 9.13661652e+01, 1.34383032e+03, 9.13422012e+01,
    1.36227197e+03, 9.12785187e+01, 1.28936584e+03, 1.10572304e+02,
    1.30737488e+03, 1.10636414e+02, 1.32557471e+03, 1.10620232e+02,
    1.34368115e+03, 1.10586685e+02, 1.36208154e+03, 1.10460815e+02,
    1.28926758e+03, 1.29717651e+02, 1.30726929e+03, 1.29727905e+02,
    1.32543335e+03, 1.29676025e+02, 1.34357336e+03, 1.29607361e+02,
    1.36184302e+03, 1.29597687e+02 ]
