%YAML:1.0
---
points: [ 1.35928931e+03, 1.17695198e+01, 1.37742236e+03, 1.21744528e+01,
    1.39567102e+03, 1.24168539e+01, 1.41375281e+03, 1.24982405e+01,
    1.43223486e+03, 1.26591311e+01, 1.35871167e+03, 3.16847382e+01,
    1.37690796e+03, 3.19239998e+01, 1.39523120e+03, 3.21630287e+01,
    1.41324329e+03, 3.22542725e+01, 1.43171301e+03, 3.23053703e+01,
    1.35846252e+03, 5.13961716e+01, 1.37649268e+03, 5.16217346e+01,
    1.39478394e+03, 5.17774734e+01, 1.41277368e+03, 5.18071709e+01,
    1.43127234e+03, 5.18036995e+01, 1.35821228e+03, 7.11591797e+01,
    1.37609595e+03, 7.13371964e+01, 1.39440369e+03, 7.13815231e+01,
    1.41243335e+03, 7.14640427e+01, 1.43081873e+03, 7.13914871e+01,
    1.35779724e+03, 9.07209702e+01, 1.37570642e+03, 9.08508530e+01,
    1.39408826e+03, 9.08945389e+01, 1.41222180e+03, 9.08469315e+01,
    1.43048364e+03, 9.08298950e+01, 1.35752551e+03, 1.10054161e+02,
    1.37550610e+03, 1.10175430e+02, 1.39373389e+03, 1.10172310e+02,
    1.41189929e+03, 1.10137093e+02, 1.43013074e+03, 1.09989609e+02,
    1.35726660e+03, 1.29441589e+02, 1.37536023e+03, 1.29435684e+02,
    1.39349854e+03, 1.29425827e+02, 1.41157239e+03, 1.29380264e+02,
    1.42970630e+03, 1.29358307e+02 ]
