%YAML:1.0
---
points: [ 1.43820068e+03, 1.21813498e+01, 1.45608569e+03, 1.26064119e+01,
    1.47428076e+03, 1.30302401e+01, 1.49213782e+03, 1.33135881e+01,
    1.51028271e+03, 1.34952326e+01, 1.43756152e+03, 3.19794216e+01,
    1.45535510e+03, 3.24057999e+01, 1.47343518e+03, 3.26972389e+01,
    1.49136218e+03, 3.29984283e+01, 1.50955933e+03, 3.31636353e+01,
    1.43715576e+03, 5.15807571e+01, 1.45468396e+03, 5.19273796e+01,
    1.47294971e+03, 5.22151337e+01, 1.49073853e+03, 5.24356766e+01,
    1.50880884e+03, 5.25961151e+01, 1.43649902e+03, 7.12948608e+01,
    1.45433203e+03, 7.15435028e+01, 1.47234778e+03, 7.17581635e+01,
    1.49031006e+03, 7.19577026e+01, 1.50830957e+03, 7.20583420e+01,
    1.43612195e+03, 9.08084869e+01, 1.45381494e+03, 9.10488434e+01,
    1.47168347e+03, 9.13248672e+01, 1.48978467e+03, 9.14177551e+01,
    1.50780432e+03, 9.14980545e+01, 1.43558411e+03, 1.10151001e+02,
    1.45344775e+03, 1.10379089e+02, 1.47134778e+03, 1.10552902e+02,
    1.48942529e+03, 1.10587799e+02, 1.50742896e+03, 1.10642303e+02,
    1.43512366e+03, 1.29441757e+02, 1.45305762e+03, 1.29527588e+02,
    1.47109131e+03, 1.29556503e+02, 1.48909106e+03, 1.29657089e+02,
    1.50682263e+03, 1.29698807e+02 ]
