%YAML:1.0
---
points: [ 1.47183289e+03, 1.25779905e+01, 1.48978467e+03, 1.31078196e+01,
    1.50768359e+03, 1.33898468e+01, 1.52578564e+03, 1.35623350e+01,
    1.54375781e+03, 1.37747135e+01, 1.47124329e+03, 3.24023094e+01,
    1.48916895e+03, 3.27535591e+01, 1.50685938e+03, 3.31444283e+01,
    1.52497375e+03, 3.33693924e+01, 1.54323718e+03, 3.34378586e+01,
    1.47054272e+03, 5.19852180e+01, 1.48841797e+03, 5.22890816e+01,
    1.50640259e+03, 5.25718002e+01, 1.52435132e+03, 5.27309952e+01,
    1.54250745e+03, 5.28862114e+01, 1.47003992e+03, 7.16084595e+01,
    1.48779956e+03, 7.18245010e+01, 1.50582117e+03, 7.20971756e+01,
    1.52369751e+03, 7.22006683e+01, 1.54197510e+03, 7.22241745e+01,
    1.46949304e+03, 9.11629944e+01, 1.48730798e+03, 9.14438629e+01,
    1.50529773e+03, 9.15768051e+01, 1.52326038e+03, 9.16531601e+01,
    1.54142700e+03, 9.17131958e+01, 1.46914465e+03, 1.10492119e+02,
    1.48678125e+03, 1.10634224e+02, 1.50480615e+03, 1.10737373e+02,
    1.52282996e+03, 1.10815468e+02, 1.54083472e+03, 1.10820564e+02,
    1.46859497e+03, 1.29617249e+02, 1.48641589e+03, 1.29697556e+02,
    1.50450940e+03, 1.29778473e+02, 1.52239539e+03, 1.29775543e+02,
    1.54030945e+03, 1.29884323e+02 ]
