%YAML:1.0
---
points: [ 1.51150305e+03, 1.46186838e+01, 1.52915527e+03, 1.51352291e+01,
    1.54718848e+03, 1.54105406e+01, 1.56490625e+03, 1.56612997e+01,
    1.58272998e+03, 1.60507927e+01, 1.51081067e+03, 3.43172684e+01,
    1.52838000e+03, 3.46932678e+01, 1.54631531e+03, 3.50411835e+01,
    1.56416125e+03, 3.52161255e+01, 1.58212231e+03, 3.53523941e+01,
    1.51016223e+03, 5.38471146e+01, 1.52773560e+03, 5.42332764e+01,
    1.54551941e+03, 5.44935036e+01, 1.56352649e+03, 5.46521950e+01,
    1.58143457e+03, 5.47500992e+01, 1.50958789e+03, 7.33132858e+01,
    1.52725085e+03, 7.35897827e+01, 1.54510706e+03, 7.37554245e+01,
    1.56291846e+03, 7.39829941e+01, 1.58078809e+03, 7.40828171e+01,
    1.50890063e+03, 9.25851440e+01, 1.52667957e+03, 9.28511429e+01,
    1.54445886e+03, 9.30903854e+01, 1.56238940e+03, 9.31690445e+01,
    1.58034656e+03, 9.33065872e+01, 1.50838135e+03, 1.11941666e+02,
    1.52629688e+03, 1.12197731e+02, 1.54408862e+03, 1.12309692e+02,
    1.56192139e+03, 1.12397591e+02, 1.57984290e+03, 1.12377121e+02,
    1.50804211e+03, 1.30960022e+02, 1.52580859e+03, 1.31067566e+02,
    1.54361670e+03, 1.31163681e+02, 1.56153113e+03, 1.31184235e+02,
    1.57943213e+03, 1.31258316e+02 ]
