%YAML:1.0
---
points: [ 1.56324329e+03, 2.16375198e+01, 1.58026025e+03, 2.24925976e+01,
    1.59735376e+03, 2.32425976e+01, 1.61487988e+03, 2.36935959e+01,
    1.63227942e+03, 2.43113766e+01, 1.56232605e+03, 4.06168442e+01,
    1.57940869e+03, 4.14282494e+01, 1.59660571e+03, 4.20683327e+01,
    1.61389258e+03, 4.26995277e+01, 1.63146814e+03, 4.33764038e+01,
    1.56152478e+03, 5.97942009e+01, 1.57873059e+03, 6.04747276e+01,
    1.59605115e+03, 6.10519028e+01, 1.61329089e+03, 6.15299606e+01,
    1.63078540e+03, 6.20198708e+01, 1.56081812e+03, 7.86271515e+01,
    1.57819934e+03, 7.92770233e+01, 1.59551880e+03, 7.99284210e+01,
    1.61259045e+03, 8.05351410e+01, 1.63018396e+03, 8.08191681e+01,
    1.56027820e+03, 9.75271988e+01, 1.57746301e+03, 9.82028046e+01,
    1.59481543e+03, 9.86679535e+01, 1.61220996e+03, 9.91027527e+01,
    1.62949036e+03, 9.94820328e+01, 1.55966077e+03, 1.16402847e+02,
    1.57693872e+03, 1.16984703e+02, 1.59439478e+03, 1.17480934e+02,
    1.61165906e+03, 1.17783424e+02, 1.62905872e+03, 1.18228615e+02,
    1.55923499e+03, 1.35050735e+02, 1.57648364e+03, 1.35468445e+02,
    1.59392834e+03, 1.35939560e+02, 1.61129810e+03, 1.36284515e+02,
    1.62849353e+03, 1.36670654e+02 ]
