%YAML:1.0
---
points: [ 1.55318604e+03, 9.89716625e+00, 1.57052295e+03, 1.03525391e+01,
    1.58826807e+03, 1.06717587e+01, 1.60578284e+03, 1.10071211e+01,
    1.62341492e+03, 1.13309612e+01, 1.55253760e+03, 2.90334816e+01,
    1.56994238e+03, 2.93818302e+01, 1.58746057e+03, 2.96295280e+01,
    1.60531567e+03, 2.98364239e+01, 1.62290027e+03, 3.00334816e+01,
    1.55194263e+03, 4.80884972e+01, 1.56951038e+03, 4.84630318e+01,
    1.58702783e+03, 4.86102982e+01, 1.60468127e+03, 4.87644997e+01,
    1.62248083e+03, 4.89110336e+01, 1.55151819e+03, 6.69253998e+01,
    1.56909204e+03, 6.71887054e+01, 1.58660620e+03, 6.73639145e+01,
    1.60439258e+03, 6.75362244e+01, 1.62212012e+03, 6.75895386e+01,
    1.55107764e+03, 8.58104401e+01, 1.56869983e+03, 8.60841904e+01,
    1.58619336e+03, 8.62657242e+01, 1.60396594e+03, 8.63657532e+01,
    1.62170093e+03, 8.64169693e+01, 1.55059937e+03, 1.04423378e+02,
    1.56839819e+03, 1.04601051e+02, 1.58586841e+03, 1.04690399e+02,
    1.60362146e+03, 1.04781876e+02, 1.62143811e+03, 1.04824844e+02,
    1.55028699e+03, 1.23224274e+02, 1.56812842e+03, 1.23310936e+02,
    1.58565039e+03, 1.23412811e+02, 1.60338977e+03, 1.23447342e+02,
    1.62107593e+03, 1.23511879e+02 ]
