%YAML:1.0
---
points: [ 1.61075989e+03, 8.36421299e+00, 1.62781567e+03, 8.82391548e+00,
    1.64507825e+03, 9.49390221e+00, 1.66256409e+03, 9.77016735e+00,
    1.67972583e+03, 1.03565350e+01, 1.61019519e+03, 2.75823555e+01,
    1.62725562e+03, 2.81479607e+01, 1.64440869e+03, 2.85277309e+01,
    1.66163318e+03, 2.88753014e+01, 1.67932178e+03, 2.92110748e+01,
    1.60953088e+03, 4.64901848e+01, 1.62666113e+03, 4.69388237e+01,
    1.64393787e+03, 4.74383202e+01, 1.66126196e+03, 4.77822990e+01,
    1.67871606e+03, 4.82194748e+01, 1.60905945e+03, 6.55324173e+01,
    1.62628687e+03, 6.59198303e+01, 1.64356067e+03, 6.63378677e+01,
    1.66068555e+03, 6.66003571e+01, 1.67837585e+03, 6.68688126e+01,
    1.60856091e+03, 8.43626251e+01, 1.62583411e+03, 8.47718048e+01,
    1.64315662e+03, 8.52378998e+01, 1.66042737e+03, 8.54794922e+01,
    1.67796741e+03, 8.56399689e+01, 1.60826575e+03, 1.03213097e+02,
    1.62554346e+03, 1.03463020e+02, 1.64282532e+03, 1.03683746e+02,
    1.66014270e+03, 1.03976357e+02, 1.67759375e+03, 1.04122696e+02,
    1.60776001e+03, 1.21899910e+02, 1.62529895e+03, 1.22219284e+02,
    1.64260974e+03, 1.22427780e+02, 1.65979895e+03, 1.22582596e+02,
    1.67732520e+03, 1.22748497e+02 ]
