%YAML:1.0
---
points: [ 1.61118762e+03, 9.42062759e+00, 1.62808228e+03, 1.01179590e+01,
    1.64522449e+03, 1.07256746e+01, 1.66251440e+03, 1.13600292e+01,
    1.67962256e+03, 1.17488880e+01, 1.61050745e+03, 2.85789318e+01,
    1.62745459e+03, 2.92202778e+01, 1.64448071e+03, 2.96555328e+01,
    1.66163782e+03, 3.01730747e+01, 1.67922168e+03, 3.04901981e+01,
    1.60983521e+03, 4.75879555e+01, 1.62692163e+03, 4.83510933e+01,
    1.64416980e+03, 4.86559677e+01, 1.66123926e+03, 4.92069435e+01,
    1.67864124e+03, 4.94502831e+01, 1.60942371e+03, 6.66025085e+01,
    1.62646863e+03, 6.71256790e+01, 1.64359937e+03, 6.74931030e+01,
    1.66069214e+03, 6.79262009e+01, 1.67827246e+03, 6.82706985e+01,
    1.60892859e+03, 8.56101074e+01, 1.62609924e+03, 8.60182114e+01,
    1.64328552e+03, 8.63985748e+01, 1.66041858e+03, 8.66977692e+01,
    1.67780835e+03, 8.69709244e+01, 1.60853333e+03, 1.04256096e+02,
    1.62573511e+03, 1.04585213e+02, 1.64297095e+03, 1.04889778e+02,
    1.66017126e+03, 1.05333923e+02, 1.67751172e+03, 1.05526451e+02,
    1.60826050e+03, 1.23043716e+02, 1.62549231e+03, 1.23355118e+02,
    1.64270325e+03, 1.23568024e+02, 1.65983643e+03, 1.23851547e+02,
    1.67720435e+03, 1.24151176e+02 ]
