%YAML:1.0
---
points: [ 1.64059167e+03, 9.49737072e+00, 1.65850684e+03, 9.53650761e+00,
    1.67641174e+03, 9.48004818e+00, 1.69459521e+03, 9.35692883e+00,
    1.71264197e+03, 9.25168419e+00, 1.63993176e+03, 2.87200012e+01,
    1.65782861e+03, 2.86797218e+01, 1.67573352e+03, 2.85681744e+01,
    1.69382971e+03, 2.84699535e+01, 1.71219458e+03, 2.83006229e+01,
    1.63940234e+03, 4.76831398e+01, 1.65739807e+03, 4.76768837e+01,
    1.67535571e+03, 4.75474205e+01, 1.69343091e+03, 4.73846245e+01,
    1.71173047e+03, 4.71449356e+01, 1.63906116e+03, 6.66990204e+01,
    1.65691333e+03, 6.66375732e+01, 1.67489526e+03, 6.64730148e+01,
    1.69299121e+03, 6.63470154e+01, 1.71140784e+03, 6.60871201e+01,
    1.63859277e+03, 8.56447906e+01, 1.65656018e+03, 8.56114502e+01,
    1.67458801e+03, 8.54400177e+01, 1.69264868e+03, 8.52611923e+01,
    1.71111353e+03, 8.48633423e+01, 1.63832983e+03, 1.04342239e+02,
    1.65625183e+03, 1.04192459e+02, 1.67442078e+03, 1.04036064e+02,
    1.69240112e+03, 1.03747574e+02, 1.71073328e+03, 1.03490692e+02,
    1.63796484e+03, 1.23204597e+02, 1.65600159e+03, 1.22966324e+02,
    1.67424414e+03, 1.22654350e+02, 1.69219482e+03, 1.22521797e+02,
    1.71045557e+03, 1.22298325e+02 ]
