%YAML:1.0
---
points: [ 1.69484937e+03, 1.03620033e+01, 1.71280347e+03, 1.03750935e+01,
    1.73088501e+03, 1.03997059e+01, 1.74904272e+03, 1.02394962e+01,
    1.76739478e+03, 1.00549421e+01, 1.69416589e+03, 2.95062656e+01,
    1.71188074e+03, 2.95088272e+01, 1.73006433e+03, 2.94109306e+01,
    1.74831360e+03, 2.93128128e+01, 1.76659729e+03, 2.91283607e+01,
    1.69336487e+03, 4.85957565e+01, 1.71137952e+03, 4.85980530e+01,
    1.72936755e+03, 4.85354843e+01, 1.74758325e+03, 4.84175377e+01,
    1.76572571e+03, 4.81504707e+01, 1.69264172e+03, 6.74898682e+01,
    1.71065796e+03, 6.74119034e+01, 1.72866479e+03, 6.73338699e+01,
    1.74699500e+03, 6.72095108e+01, 1.76526025e+03, 6.69550705e+01,
    1.69199951e+03, 8.64690552e+01, 1.71015063e+03, 8.64335175e+01,
    1.72820813e+03, 8.63250885e+01, 1.74646960e+03, 8.61099396e+01,
    1.76462744e+03, 8.58288727e+01, 1.69151086e+03, 1.05279099e+02,
    1.70956543e+03, 1.05099991e+02, 1.72767078e+03, 1.04797462e+02,
    1.74583337e+03, 1.04657570e+02, 1.76428625e+03, 1.04400284e+02,
    1.69110974e+03, 1.23943428e+02, 1.70916150e+03, 1.23749275e+02,
    1.72730994e+03, 1.23570366e+02, 1.74543494e+03, 1.23391991e+02,
    1.76368921e+03, 1.23233688e+02 ]
