%YAML:1.0
---
points: [ 1.68956506e+03, 1.16194553e+01, 1.70747949e+03, 1.14736814e+01,
    1.72569104e+03, 1.12825642e+01, 1.74399963e+03, 1.09448957e+01,
    1.76252307e+03, 1.05340052e+01, 1.68883472e+03, 3.05971184e+01,
    1.70671594e+03, 3.04536381e+01, 1.72517065e+03, 3.01981068e+01,
    1.74337537e+03, 2.98338737e+01, 1.76207007e+03, 2.94909039e+01,
    1.68831226e+03, 4.97480545e+01, 1.70637549e+03, 4.95949135e+01,
    1.72453235e+03, 4.93819542e+01, 1.74289148e+03, 4.89350204e+01,
    1.76145776e+03, 4.85950127e+01, 1.68772900e+03, 6.87446518e+01,
    1.70582288e+03, 6.85751190e+01, 1.72408472e+03, 6.83139420e+01,
    1.74241553e+03, 6.77944183e+01, 1.76092383e+03, 6.73890228e+01,
    1.68730322e+03, 8.76367493e+01, 1.70545520e+03, 8.74391251e+01,
    1.72352197e+03, 8.72155151e+01, 1.74204724e+03, 8.67502975e+01,
    1.76051123e+03, 8.64340439e+01, 1.68684656e+03, 1.06556892e+02,
    1.70517896e+03, 1.06306564e+02, 1.72330981e+03, 1.05876411e+02,
    1.74170923e+03, 1.05489067e+02, 1.76027295e+03, 1.04974518e+02,
    1.68651318e+03, 1.25207382e+02, 1.70478564e+03, 1.24821243e+02,
    1.72305493e+03, 1.24464439e+02, 1.74153796e+03, 1.24158127e+02,
    1.75984485e+03, 1.23740974e+02 ]
