%YAML:1.0
---
points: [ 1.71329224e+03, 1.12639456e+01, 1.73150403e+03, 1.11114359e+01,
    1.74950342e+03, 1.07833529e+01, 1.76794470e+03, 1.04978008e+01,
    1.78630469e+03, 1.01797886e+01, 1.71262683e+03, 3.02304478e+01,
    1.73059119e+03, 3.01435089e+01, 1.74875793e+03, 2.98311462e+01,
    1.76728284e+03, 2.95523052e+01, 1.78569482e+03, 2.92394886e+01,
    1.71204553e+03, 4.93808250e+01, 1.73006152e+03, 4.92708397e+01,
    1.74837915e+03, 4.89010315e+01, 1.76659692e+03, 4.86398964e+01,
    1.78524548e+03, 4.83581123e+01, 1.71159839e+03, 6.83947678e+01,
    1.72957092e+03, 6.82031250e+01, 1.74788586e+03, 6.78346710e+01,
    1.76608545e+03, 6.75396194e+01, 1.78476233e+03, 6.71258698e+01,
    1.71119543e+03, 8.73192596e+01, 1.72912207e+03, 8.71434860e+01,
    1.74742834e+03, 8.67821198e+01, 1.76555444e+03, 8.64782028e+01,
    1.78428943e+03, 8.61534424e+01, 1.71071814e+03, 1.06199684e+02,
    1.72867139e+03, 1.05869057e+02, 1.74706836e+03, 1.05553085e+02,
    1.76531201e+03, 1.05246826e+02, 1.78393396e+03, 1.04652527e+02,
    1.71037598e+03, 1.24703110e+02, 1.72843359e+03, 1.24463120e+02,
    1.74680139e+03, 1.24187202e+02, 1.76498145e+03, 1.23842598e+02,
    1.78354968e+03, 1.23567078e+02 ]
