%YAML:1.0
---
points: [ 1.74560950e+03, 1.15343161e+01, 1.76371704e+03, 1.14105854e+01,
    1.78186658e+03, 1.12435379e+01, 1.80036304e+03, 1.08724985e+01,
    1.81857141e+03, 1.05636177e+01, 1.74487939e+03, 3.04400654e+01,
    1.76304956e+03, 3.03286381e+01, 1.78114246e+03, 3.01475449e+01,
    1.79952759e+03, 2.98656368e+01, 1.81793750e+03, 2.95221214e+01,
    1.74431604e+03, 4.95695915e+01, 1.76244336e+03, 4.94888458e+01,
    1.78052563e+03, 4.92859764e+01, 1.79889600e+03, 4.89472122e+01,
    1.81741675e+03, 4.86208382e+01, 1.74366028e+03, 6.85889282e+01,
    1.76181348e+03, 6.84667130e+01, 1.78013953e+03, 6.81848526e+01,
    1.79839709e+03, 6.78067474e+01, 1.81687268e+03, 6.73911819e+01,
    1.74328906e+03, 8.74499207e+01, 1.76138330e+03, 8.72880096e+01,
    1.77954297e+03, 8.70952759e+01, 1.79775195e+03, 8.66611328e+01,
    1.81640210e+03, 8.64561768e+01, 1.74277124e+03, 1.06357071e+02,
    1.76079944e+03, 1.06072227e+02, 1.77927673e+03, 1.05724594e+02,
    1.79742920e+03, 1.05499329e+02, 1.81596484e+03, 1.04972221e+02,
    1.74240283e+03, 1.24872261e+02, 1.76050403e+03, 1.24603676e+02,
    1.77888184e+03, 1.24357895e+02, 1.79718225e+03, 1.24093964e+02,
    1.81562756e+03, 1.23741592e+02 ]
