%YAML:1.0
---
points: [ 1.78532666e+03, 1.18412209e+01, 1.80318018e+03, 1.17802191e+01,
    1.82144006e+03, 1.16134071e+01, 1.83966431e+03, 1.13606453e+01,
    1.85837378e+03, 1.09877272e+01, 1.78446606e+03, 3.08268280e+01,
    1.80235889e+03, 3.06648006e+01, 1.82069495e+03, 3.05231457e+01,
    1.83880811e+03, 3.02489662e+01, 1.85763013e+03, 2.98690701e+01,
    1.78375745e+03, 4.99242516e+01, 1.80171985e+03, 4.98304710e+01,
    1.81990381e+03, 4.96287880e+01, 1.83826147e+03, 4.93852348e+01,
    1.85685278e+03, 4.88916817e+01, 1.78322339e+03, 6.88918304e+01,
    1.80120178e+03, 6.87876968e+01, 1.81935120e+03, 6.85597992e+01,
    1.83760974e+03, 6.82797775e+01, 1.85629163e+03, 6.77652664e+01,
    1.78251025e+03, 8.76970901e+01, 1.80065295e+03, 8.75376358e+01,
    1.81869836e+03, 8.73859634e+01, 1.83729626e+03, 8.70943832e+01,
    1.85557373e+03, 8.67153015e+01, 1.78209131e+03, 1.06605553e+02,
    1.80026404e+03, 1.06429733e+02, 1.81837415e+03, 1.06114769e+02,
    1.83673242e+03, 1.05751717e+02, 1.85522925e+03, 1.05410309e+02,
    1.78153528e+03, 1.25253029e+02, 1.79981995e+03, 1.24919563e+02,
    1.81805542e+03, 1.24606689e+02, 1.83641760e+03, 1.24348885e+02,
    1.85468250e+03, 1.24085365e+02 ]
