%YAML:1.0
---
points: [ 1.79658325e+03, 1.20875549e+01, 1.81472534e+03, 1.19698315e+01,
    1.83291284e+03, 1.18239260e+01, 1.85129700e+03, 1.15520697e+01,
    1.86956030e+03, 1.14005451e+01, 1.79589709e+03, 3.10734482e+01,
    1.81379688e+03, 3.09410210e+01, 1.83222986e+03, 3.07043133e+01,
    1.85037561e+03, 3.04179230e+01, 1.86902234e+03, 3.01229610e+01,
    1.79536426e+03, 5.01301804e+01, 1.81319250e+03, 5.00913467e+01,
    1.83150305e+03, 4.97647247e+01, 1.84962537e+03, 4.95054131e+01,
    1.86833313e+03, 4.92441711e+01, 1.79465869e+03, 6.91293793e+01,
    1.81251538e+03, 6.89215775e+01, 1.83092102e+03, 6.86735153e+01,
    1.84916064e+03, 6.84905014e+01, 1.86769873e+03, 6.80061493e+01,
    1.79421729e+03, 8.78366318e+01, 1.81207837e+03, 8.76892166e+01,
    1.83041943e+03, 8.74554977e+01, 1.84861633e+03, 8.72579041e+01,
    1.86719043e+03, 8.68745956e+01, 1.79362720e+03, 1.06725456e+02,
    1.81160669e+03, 1.06545761e+02, 1.82979846e+03, 1.06235161e+02,
    1.84827612e+03, 1.05902130e+02, 1.86659277e+03, 1.05568733e+02,
    1.79321204e+03, 1.25320122e+02, 1.81133850e+03, 1.25058418e+02,
    1.82945984e+03, 1.24731750e+02, 1.84780920e+03, 1.24451935e+02,
    1.86619739e+03, 1.24234604e+02 ]
