%YAML:1.0
---
points: [ 1.80854407e+03, 1.12726068e+01, 1.82641833e+03, 1.13349552e+01,
    1.84431873e+03, 1.12760801e+01, 1.86256189e+03, 1.11234169e+01,
    1.88056995e+03, 1.08917513e+01, 1.80766650e+03, 3.01834145e+01,
    1.82554529e+03, 3.02501469e+01, 1.84336877e+03, 3.02095833e+01,
    1.86145142e+03, 3.00377026e+01, 1.87980762e+03, 2.97956085e+01,
    1.80689526e+03, 4.93713646e+01, 1.82470093e+03, 4.94029236e+01,
    1.84261340e+03, 4.93753738e+01, 1.86065771e+03, 4.92050247e+01,
    1.87922241e+03, 4.89052925e+01, 1.80634851e+03, 6.83836212e+01,
    1.82405566e+03, 6.83601761e+01, 1.84218066e+03, 6.82873306e+01,
    1.85990234e+03, 6.81183701e+01, 1.87848376e+03, 6.77239761e+01,
    1.80569189e+03, 8.72647781e+01, 1.82341992e+03, 8.72219925e+01,
    1.84146704e+03, 8.71908951e+01, 1.85949585e+03, 8.69936218e+01,
    1.87780396e+03, 8.67485123e+01, 1.80525732e+03, 1.06122002e+02,
    1.82285535e+03, 1.05905815e+02, 1.84109058e+03, 1.05798645e+02,
    1.85914624e+03, 1.05615585e+02, 1.87732336e+03, 1.05464096e+02,
    1.80460120e+03, 1.24654251e+02, 1.82253394e+03, 1.24519333e+02,
    1.84058826e+03, 1.24416878e+02, 1.85867285e+03, 1.24282249e+02,
    1.87661902e+03, 1.24134621e+02 ]
