%YAML:1.0
---
points: [ 1.82938855e+03, 1.14414463e+01, 1.84725708e+03, 1.14958410e+01,
    1.86499487e+03, 1.15019207e+01, 1.88324573e+03, 1.13934689e+01,
    1.90136243e+03, 1.13348866e+01, 1.82845276e+03, 3.03777409e+01,
    1.84632581e+03, 3.04048843e+01, 1.86414697e+03, 3.03641872e+01,
    1.88214795e+03, 3.03170033e+01, 1.90054810e+03, 3.00999660e+01,
    1.82763330e+03, 4.94869423e+01, 1.84539648e+03, 4.95638924e+01,
    1.86336560e+03, 4.95103645e+01, 1.88137317e+03, 4.94189262e+01,
    1.89970410e+03, 4.92525444e+01, 1.82706409e+03, 6.85329666e+01,
    1.84451636e+03, 6.85263901e+01, 1.86269641e+03, 6.84867096e+01,
    1.88059387e+03, 6.84091187e+01, 1.89906445e+03, 6.81090393e+01,
    1.82639551e+03, 8.73343048e+01, 1.84408374e+03, 8.73405533e+01,
    1.86202966e+03, 8.73056793e+01, 1.88004675e+03, 8.72050171e+01,
    1.89834998e+03, 8.69698486e+01, 1.82585266e+03, 1.06227951e+02,
    1.84350183e+03, 1.06218910e+02, 1.86144983e+03, 1.06045914e+02,
    1.87959497e+03, 1.05812172e+02, 1.89768811e+03, 1.05636703e+02,
    1.82536218e+03, 1.24730835e+02, 1.84304822e+03, 1.24658806e+02,
    1.86107263e+03, 1.24530060e+02, 1.87925037e+03, 1.24444923e+02,
    1.89717883e+03, 1.24330673e+02 ]
