%YAML:1.0
---
points: [ 1.83857397e+03, 1.23665152e+01, 1.85648035e+03, 1.23585930e+01,
    1.87451636e+03, 1.23941259e+01, 1.89256091e+03, 1.22032099e+01,
    1.91074353e+03, 1.20067120e+01, 1.83777136e+03, 3.13741245e+01,
    1.85548901e+03, 3.13870773e+01, 1.87355225e+03, 3.12980003e+01,
    1.89147302e+03, 3.12447605e+01, 1.90992993e+03, 3.07753410e+01,
    1.83710693e+03, 5.02868614e+01, 1.85469971e+03, 5.03418617e+01,
    1.87275781e+03, 5.03009453e+01, 1.89076831e+03, 5.01668015e+01,
    1.90915369e+03, 4.98987503e+01, 1.83638342e+03, 6.93634949e+01,
    1.85420044e+03, 6.93367920e+01, 1.87209778e+03, 6.92520523e+01,
    1.89020630e+03, 6.91231842e+01, 1.90837390e+03, 6.87495422e+01,
    1.83568079e+03, 8.80937576e+01, 1.85352747e+03, 8.80461655e+01,
    1.87137720e+03, 8.78961411e+01, 1.88954956e+03, 8.77070694e+01,
    1.90767261e+03, 8.75219498e+01, 1.83522437e+03, 1.06895805e+02,
    1.85311926e+03, 1.06841202e+02, 1.87088428e+03, 1.06662804e+02,
    1.88918677e+03, 1.06551247e+02, 1.90725903e+03, 1.06333664e+02,
    1.83453308e+03, 1.25465881e+02, 1.85264368e+03, 1.25381004e+02,
    1.87049854e+03, 1.25222939e+02, 1.88855225e+03, 1.25043602e+02,
    1.90664697e+03, 1.24789207e+02 ]
