%YAML:1.0
---
points: [ 1.83751794e+03, 1.31729574e+01, 1.85530200e+03, 1.28273506e+01,
    1.87341663e+03, 1.25382214e+01, 1.89131250e+03, 1.19249897e+01,
    1.90954431e+03, 1.15526104e+01, 1.83704822e+03, 3.22249298e+01,
    1.85459229e+03, 3.18214607e+01, 1.87270569e+03, 3.14791927e+01,
    1.89061877e+03, 3.08849030e+01, 1.90910461e+03, 3.02898979e+01,
    1.83658044e+03, 5.09565277e+01, 1.85432764e+03, 5.07252579e+01,
    1.87230737e+03, 5.03568306e+01, 1.89029053e+03, 4.98860474e+01,
    1.90848792e+03, 4.94309807e+01, 1.83628809e+03, 7.02470169e+01,
    1.85402380e+03, 6.97425156e+01, 1.87181226e+03, 6.93699493e+01,
    1.88987793e+03, 6.87508621e+01, 1.90821741e+03, 6.82570877e+01,
    1.83601392e+03, 8.88095474e+01, 1.85373230e+03, 8.84893417e+01,
    1.87151917e+03, 8.80326462e+01, 1.88968506e+03, 8.75009613e+01,
    1.90783459e+03, 8.71236115e+01, 1.83573462e+03, 1.07614738e+02,
    1.85355103e+03, 1.07319191e+02, 1.87142627e+03, 1.06744087e+02,
    1.88958496e+03, 1.06406227e+02, 1.90760876e+03, 1.05650551e+02,
    1.83560083e+03, 1.26267204e+02, 1.85347461e+03, 1.25727295e+02,
    1.87138232e+03, 1.25318443e+02, 1.88951721e+03, 1.24703156e+02,
    1.90751746e+03, 1.24322823e+02 ]
