%YAML:1.0
---
points: [ 1.83902502e+03, 1.30378590e+01, 1.85694238e+03, 1.27673445e+01,
    1.87471179e+03, 1.24865780e+01, 1.89275012e+03, 1.19032097e+01,
    1.91109131e+03, 1.15075159e+01, 1.83853552e+03, 3.21702080e+01,
    1.85625635e+03, 3.17628231e+01, 1.87428931e+03, 3.14476719e+01,
    1.89216992e+03, 3.08877220e+01, 1.91051807e+03, 3.02411995e+01,
    1.83809021e+03, 5.09989243e+01, 1.85579260e+03, 5.06639328e+01,
    1.87373450e+03, 5.03779564e+01, 1.89161682e+03, 4.97660522e+01,
    1.91018591e+03, 4.94116173e+01, 1.83773901e+03, 7.01508255e+01,
    1.85542517e+03, 6.96936569e+01, 1.87354285e+03, 6.93170013e+01,
    1.89140686e+03, 6.87395554e+01, 1.90972192e+03, 6.82180786e+01,
    1.83753760e+03, 8.87772598e+01, 1.85522424e+03, 8.84397507e+01,
    1.87328064e+03, 8.79882431e+01, 1.89120374e+03, 8.74986954e+01,
    1.90951416e+03, 8.69131546e+01, 1.83734253e+03, 1.07568359e+02,
    1.85492993e+03, 1.07323349e+02, 1.87303418e+03, 1.06745049e+02,
    1.89102368e+03, 1.06318306e+02, 1.90926038e+03, 1.05611618e+02,
    1.83729736e+03, 1.26211258e+02, 1.85481604e+03, 1.25666855e+02,
    1.87299878e+03, 1.25299149e+02, 1.89082971e+03, 1.24642189e+02,
    1.90903601e+03, 1.24280670e+02 ]
