%YAML:1.0
---
points: [ 1.89528125e+03, 1.76684296e+02, 1.87653210e+03, 1.77663528e+02,
    1.85825989e+03, 1.78524292e+02, 1.83951904e+03, 1.79595108e+02,
    1.82140784e+03, 1.80462799e+02, 1.89515869e+03, 1.58377686e+02,
    1.87637683e+03, 1.59491653e+02, 1.85794775e+03, 1.60358505e+02,
    1.83941943e+03, 1.61265381e+02, 1.82132861e+03, 1.61992935e+02,
    1.89503223e+03, 1.40067352e+02, 1.87623010e+03, 1.41059601e+02,
    1.85782068e+03, 1.41948227e+02, 1.83931885e+03, 1.42896484e+02,
    1.82123450e+03, 1.43659836e+02, 1.89496558e+03, 1.21519501e+02,
    1.87621973e+03, 1.22584351e+02, 1.85784583e+03, 1.23493820e+02,
    1.83930261e+03, 1.24343285e+02, 1.82122510e+03, 1.25068497e+02,
    1.89504297e+03, 1.02860573e+02, 1.87620398e+03, 1.03901222e+02,
    1.85778333e+03, 1.04804253e+02, 1.83930347e+03, 1.05816101e+02,
    1.82128027e+03, 1.06607071e+02, 1.89517371e+03, 8.42250137e+01,
    1.87628198e+03, 8.54333878e+01, 1.85792529e+03, 8.63193054e+01,
    1.83939844e+03, 8.71917191e+01, 1.82138171e+03, 8.78601837e+01,
    1.89533179e+03, 6.56438446e+01, 1.87653149e+03, 6.66123886e+01,
    1.85825549e+03, 6.74885406e+01, 1.83958423e+03, 6.85052567e+01,
    1.82154858e+03, 6.93418274e+01 ]
