%YAML:1.0
---
points: [ 1.89904675e+03, 3.15645111e+02, 1.87996973e+03, 3.17227478e+02,
    1.86089172e+03, 3.18649170e+02, 1.84231055e+03, 3.20181824e+02,
    1.82338489e+03, 3.21744934e+02, 1.89835535e+03, 2.97370392e+02,
    1.87933740e+03, 2.98804230e+02, 1.86033374e+03, 3.00571869e+02,
    1.84149817e+03, 3.02129272e+02, 1.82272888e+03, 3.03558441e+02,
    1.89767847e+03, 2.79132996e+02, 1.87861377e+03, 2.80840118e+02,
    1.85954077e+03, 2.82333954e+02, 1.84083301e+03, 2.83783569e+02,
    1.82228955e+03, 2.85437134e+02, 1.89708447e+03, 2.60781555e+02,
    1.87809937e+03, 2.62361359e+02, 1.85919348e+03, 2.63991821e+02,
    1.84029822e+03, 2.65508179e+02, 1.82167664e+03, 2.66965820e+02,
    1.89655212e+03, 2.42337158e+02, 1.87749133e+03, 2.44000458e+02,
    1.85861890e+03, 2.45499878e+02, 1.83967371e+03, 2.47077011e+02,
    1.82122168e+03, 2.48642105e+02, 1.89626404e+03, 2.23851578e+02,
    1.87695093e+03, 2.25449280e+02, 1.85824292e+03, 2.27186218e+02,
    1.83927087e+03, 2.28707352e+02, 1.82089014e+03, 2.30142090e+02,
    1.89578308e+03, 2.05443298e+02, 1.87663818e+03, 2.07062698e+02,
    1.85789526e+03, 2.08601517e+02, 1.83904126e+03, 2.10153824e+02,
    1.82057971e+03, 2.11751297e+02 ]
