%YAML:1.0
---
points: [ 1.90695032e+03, 3.17207489e+02, 1.88806396e+03, 3.17735443e+02,
    1.86924927e+03, 3.18448303e+02, 1.85038562e+03, 3.19154877e+02,
    1.83172485e+03, 3.19649231e+02, 1.90715527e+03, 2.98670624e+02,
    1.88823755e+03, 2.99420837e+02, 1.86933313e+03, 3.00192963e+02,
    1.85050000e+03, 3.00785645e+02, 1.83206836e+03, 3.01565491e+02,
    1.90738452e+03, 2.80553680e+02, 1.88840881e+03, 2.81258057e+02,
    1.86948389e+03, 2.81878418e+02, 1.85064441e+03, 2.82509979e+02,
    1.83227551e+03, 2.83205566e+02, 1.90761670e+03, 2.61981659e+02,
    1.88851794e+03, 2.62653534e+02, 1.86965869e+03, 2.63464447e+02,
    1.85102734e+03, 2.64243439e+02, 1.83252405e+03, 2.64798492e+02,
    1.90793323e+03, 2.43573883e+02, 1.88890344e+03, 2.44327087e+02,
    1.86993555e+03, 2.45036621e+02, 1.85130310e+03, 2.45604416e+02,
    1.83279004e+03, 2.46323669e+02, 1.90835388e+03, 2.24958267e+02,
    1.88941321e+03, 2.25619339e+02, 1.87042725e+03, 2.26510727e+02,
    1.85166638e+03, 2.27294586e+02, 1.83325195e+03, 2.27908249e+02,
    1.90875769e+03, 2.06523758e+02, 1.88983508e+03, 2.07278168e+02,
    1.87095251e+03, 2.07980881e+02, 1.85244092e+03, 2.08561966e+02,
    1.83370996e+03, 2.09329636e+02 ]
