%YAML:1.0
---
points: [ 1.88370801e+03, 3.16866760e+02, 1.86488721e+03, 3.17551208e+02,
    1.84638562e+03, 3.18170044e+02, 1.82761841e+03, 3.18690735e+02,
    1.80918591e+03, 3.19294800e+02, 1.88401196e+03, 2.98421478e+02,
    1.86507520e+03, 2.99127991e+02, 1.84643774e+03, 2.99687378e+02,
    1.82775842e+03, 3.00475830e+02, 1.80945251e+03, 3.01106659e+02,
    1.88424817e+03, 2.80291229e+02, 1.86523914e+03, 2.80788910e+02,
    1.84657190e+03, 2.81506134e+02, 1.82804907e+03, 2.82166443e+02,
    1.80963623e+03, 2.82604858e+02, 1.88450781e+03, 2.61610077e+02,
    1.86547205e+03, 2.62378204e+02, 1.84704333e+03, 2.62919586e+02,
    1.82836816e+03, 2.63611694e+02, 1.81017407e+03, 2.64286346e+02,
    1.88476111e+03, 2.43266922e+02, 1.86589563e+03, 2.43797943e+02,
    1.84739099e+03, 2.44517731e+02, 1.82871863e+03, 2.45143494e+02,
    1.81053772e+03, 2.45600082e+02, 1.88530469e+03, 2.24511185e+02,
    1.86636389e+03, 2.25217163e+02, 1.84775342e+03, 2.25796738e+02,
    1.82920496e+03, 2.26548401e+02, 1.81089600e+03, 2.27204987e+02,
    1.88565820e+03, 2.06055313e+02, 1.86704895e+03, 2.06668335e+02,
    1.84834534e+03, 2.07427155e+02, 1.82973743e+03, 2.07984818e+02,
    1.81146545e+03, 2.08473755e+02 ]
