%YAML:1.0
---
points: [ 1.86682959e+03, 3.16701447e+02, 1.84815674e+03, 3.17450958e+02,
    1.82940430e+03, 3.18027893e+02, 1.81085278e+03, 3.18578033e+02,
    1.79226477e+03, 3.19253021e+02, 1.86713025e+03, 2.98280090e+02,
    1.84828320e+03, 2.98887268e+02, 1.82946326e+03, 2.99579987e+02,
    1.81105310e+03, 3.00406921e+02, 1.79244812e+03, 3.00982056e+02,
    1.86739758e+03, 2.80104218e+02, 1.84844141e+03, 2.80691467e+02,
    1.82959668e+03, 2.81427429e+02, 1.81122009e+03, 2.81967712e+02,
    1.79262683e+03, 2.82517548e+02, 1.86758826e+03, 2.61430908e+02,
    1.84864233e+03, 2.62179199e+02, 1.83006787e+03, 2.62771973e+02,
    1.81147729e+03, 2.63485352e+02, 1.79309839e+03, 2.64113342e+02,
    1.86798425e+03, 2.42930283e+02, 1.84904688e+03, 2.43685989e+02,
    1.83037708e+03, 2.44401779e+02, 1.81177759e+03, 2.44984863e+02,
    1.79346130e+03, 2.45463318e+02, 1.86837964e+03, 2.24331924e+02,
    1.84942200e+03, 2.24937256e+02, 1.83079883e+03, 2.25623611e+02,
    1.81219446e+03, 2.26442230e+02, 1.79399341e+03, 2.27062958e+02,
    1.86870630e+03, 2.05737457e+02, 1.84991919e+03, 2.06535919e+02,
    1.83142139e+03, 2.07222626e+02, 1.81266711e+03, 2.07730499e+02,
    1.79449109e+03, 2.08358536e+02 ]
