%YAML:1.0
---
points: [ 1.84648914e+03, 3.16522461e+02, 1.82757129e+03, 3.17273346e+02,
    1.80872742e+03, 3.17810394e+02, 1.79014294e+03, 3.18527405e+02,
    1.77138623e+03, 3.19206390e+02, 1.84666895e+03, 2.98072144e+02,
    1.82767139e+03, 2.98730499e+02, 1.80887683e+03, 2.99436157e+02,
    1.79023608e+03, 3.00283569e+02, 1.77156055e+03, 3.00837708e+02,
    1.84678540e+03, 2.79676819e+02, 1.82778369e+03, 2.80532715e+02,
    1.80910986e+03, 2.81282013e+02, 1.79034424e+03, 2.81836548e+02,
    1.77172522e+03, 2.82471771e+02, 1.84720618e+03, 2.61175903e+02,
    1.82802637e+03, 2.61906281e+02, 1.80935095e+03, 2.62564514e+02,
    1.79057324e+03, 2.63368256e+02, 1.77211584e+03, 2.64091309e+02,
    1.84748132e+03, 2.42609055e+02, 1.82834253e+03, 2.43470367e+02,
    1.80958911e+03, 2.44167358e+02, 1.79080835e+03, 2.44837738e+02,
    1.77243152e+03, 2.45401657e+02, 1.84778223e+03, 2.23974136e+02,
    1.82866638e+03, 2.24713699e+02, 1.81010010e+03, 2.25407379e+02,
    1.79125842e+03, 2.26290359e+02, 1.77290771e+03, 2.26935165e+02,
    1.84824097e+03, 2.05420425e+02, 1.82926892e+03, 2.06235992e+02,
    1.81061926e+03, 2.06894272e+02, 1.79177527e+03, 2.07620743e+02,
    1.77347510e+03, 2.08289719e+02 ]
