%YAML:1.0
---
points: [ 1.84584314e+03, 3.16522217e+02, 1.82713611e+03, 3.17229187e+02,
    1.80829956e+03, 3.17742859e+02, 1.78960901e+03, 3.18482819e+02,
    1.77081592e+03, 3.19146942e+02, 1.84618640e+03, 2.98061798e+02,
    1.82725696e+03, 2.98705902e+02, 1.80841284e+03, 2.99385956e+02,
    1.78970789e+03, 3.00208466e+02, 1.77115759e+03, 3.00776855e+02,
    1.84634363e+03, 2.79687622e+02, 1.82740198e+03, 2.80486145e+02,
    1.80853577e+03, 2.81217804e+02, 1.78994080e+03, 2.81800995e+02,
    1.77138855e+03, 2.82389099e+02, 1.84659009e+03, 2.61205597e+02,
    1.82759460e+03, 2.61828796e+02, 1.80883606e+03, 2.62523376e+02,
    1.79022009e+03, 2.63324982e+02, 1.77167371e+03, 2.63909821e+02,
    1.84686877e+03, 2.42569763e+02, 1.82784290e+03, 2.43451675e+02,
    1.80920044e+03, 2.44087997e+02, 1.79051489e+03, 2.44728790e+02,
    1.77209485e+03, 2.45319016e+02, 1.84741113e+03, 2.23975113e+02,
    1.82831506e+03, 2.24682129e+02, 1.80961133e+03, 2.25363419e+02,
    1.79082751e+03, 2.26139694e+02, 1.77249341e+03, 2.26748276e+02,
    1.84772375e+03, 2.05395203e+02, 1.82881604e+03, 2.06205841e+02,
    1.81030554e+03, 2.06792404e+02, 1.79141589e+03, 2.07515915e+02,
    1.77314758e+03, 2.08184875e+02 ]
