%YAML:1.0
---
points: [ 1.78815527e+03, 3.16481110e+02, 1.76927075e+03, 3.17252380e+02,
    1.75037170e+03, 3.17871155e+02, 1.73167249e+03, 3.18606201e+02,
    1.71306287e+03, 3.19351562e+02, 1.78832666e+03, 2.97911682e+02,
    1.76927515e+03, 2.98702026e+02, 1.75037329e+03, 2.99520172e+02,
    1.73175134e+03, 3.00413422e+02, 1.71317114e+03, 3.01138245e+02,
    1.78841333e+03, 2.79619324e+02, 1.76939709e+03, 2.80513397e+02,
    1.75042725e+03, 2.81310852e+02, 1.73188257e+03, 2.81969360e+02,
    1.71329114e+03, 2.82610016e+02, 1.78857800e+03, 2.61121979e+02,
    1.76948816e+03, 2.61852539e+02, 1.75066089e+03, 2.62619202e+02,
    1.73204004e+03, 2.63479584e+02, 1.71346179e+03, 2.64271729e+02,
    1.78874438e+03, 2.42492935e+02, 1.76971558e+03, 2.43434769e+02,
    1.75086975e+03, 2.44233597e+02, 1.73232581e+03, 2.44903168e+02,
    1.71366809e+03, 2.45517395e+02, 1.78910840e+03, 2.23839890e+02,
    1.77009082e+03, 2.24634888e+02, 1.75130640e+03, 2.25420456e+02,
    1.73258960e+03, 2.26373108e+02, 1.71411499e+03, 2.27057510e+02,
    1.78944641e+03, 2.05258759e+02, 1.77047583e+03, 2.06194077e+02,
    1.75173926e+03, 2.06870071e+02, 1.73308521e+03, 2.07682480e+02,
    1.71455823e+03, 2.08379303e+02 ]
