%YAML:1.0
---
points: [ 1.74035168e+03, 3.16401154e+02, 1.72159167e+03, 3.17217773e+02,
    1.70274634e+03, 3.17916168e+02, 1.68422961e+03, 3.18629852e+02,
    1.66558313e+03, 3.19378571e+02, 1.74041797e+03, 2.97842468e+02,
    1.72161035e+03, 2.98638885e+02, 1.70273608e+03, 2.99476715e+02,
    1.68426465e+03, 3.00385864e+02, 1.66564844e+03, 3.01124298e+02,
    1.74050256e+03, 2.79508240e+02, 1.72164331e+03, 2.80472412e+02,
    1.70277039e+03, 2.81222656e+02, 1.68436499e+03, 2.81912140e+02,
    1.66573474e+03, 2.82576141e+02, 1.74065308e+03, 2.60918213e+02,
    1.72173718e+03, 2.61762085e+02, 1.70301282e+03, 2.62511139e+02,
    1.68448804e+03, 2.63400177e+02, 1.66594507e+03, 2.64178955e+02,
    1.74089575e+03, 2.42322937e+02, 1.72194495e+03, 2.43303299e+02,
    1.70323584e+03, 2.44038010e+02, 1.68463660e+03, 2.44780304e+02,
    1.66611829e+03, 2.45451157e+02, 1.74128577e+03, 2.23624115e+02,
    1.72221216e+03, 2.24510345e+02, 1.70347229e+03, 2.25286880e+02,
    1.68482654e+03, 2.26221802e+02, 1.66642725e+03, 2.26887451e+02,
    1.74155518e+03, 2.04847031e+02, 1.72259692e+03, 2.05829041e+02,
    1.70389111e+03, 2.06694183e+02, 1.68531812e+03, 2.07504669e+02,
    1.66672546e+03, 2.08217621e+02 ]
