%YAML:1.0
---
points: [ 1.69665149e+03, 3.16754974e+02, 1.67802722e+03, 3.17543060e+02,
    1.65930847e+03, 3.18276001e+02, 1.64062500e+03, 3.18953400e+02,
    1.62217517e+03, 3.19610077e+02, 1.69667700e+03, 2.98315491e+02,
    1.67799158e+03, 2.99071838e+02, 1.65927905e+03, 2.99841675e+02,
    1.64068372e+03, 3.00686096e+02, 1.62221252e+03, 3.01466217e+02,
    1.69676953e+03, 2.80109192e+02, 1.67803198e+03, 2.80766235e+02,
    1.65930884e+03, 2.81601593e+02, 1.64072937e+03, 2.82329834e+02,
    1.62228137e+03, 2.82922272e+02, 1.69683813e+03, 2.61431915e+02,
    1.67818713e+03, 2.62277039e+02, 1.65943909e+03, 2.62960449e+02,
    1.64094409e+03, 2.63774017e+02, 1.62238892e+03, 2.64561035e+02,
    1.69710120e+03, 2.42871368e+02, 1.67826575e+03, 2.43693802e+02,
    1.65954431e+03, 2.44511795e+02, 1.64103198e+03, 2.45279800e+02,
    1.62251562e+03, 2.45845764e+02, 1.69738574e+03, 2.24270981e+02,
    1.67853345e+03, 2.25053177e+02, 1.65968518e+03, 2.25749954e+02,
    1.64127795e+03, 2.26684006e+02, 1.62269092e+03, 2.27464935e+02,
    1.69751660e+03, 2.05610947e+02, 1.67889807e+03, 2.06536072e+02,
    1.66018555e+03, 2.07323181e+02, 1.64160571e+03, 2.08096085e+02,
    1.62309326e+03, 2.08637115e+02 ]
