%YAML:1.0
---
points: [ 1.64757434e+03, 3.17432526e+02, 1.62872485e+03, 3.18202118e+02,
    1.61028088e+03, 3.18844330e+02, 1.59154578e+03, 3.19478516e+02,
    1.57319629e+03, 3.20198151e+02, 1.64760217e+03, 2.99102631e+02,
    1.62868774e+03, 2.99782684e+02, 1.61024170e+03, 3.00667389e+02,
    1.59156921e+03, 3.01403351e+02, 1.57324890e+03, 3.02106598e+02,
    1.64766760e+03, 2.80788055e+02, 1.62871960e+03, 2.81587860e+02,
    1.61028870e+03, 2.82273651e+02, 1.59156824e+03, 2.83055969e+02,
    1.57330786e+03, 2.83625061e+02, 1.64770862e+03, 2.62288269e+02,
    1.62885083e+03, 2.63166901e+02, 1.61039331e+03, 2.63828674e+02,
    1.59165344e+03, 2.64641632e+02, 1.57342505e+03, 2.65389343e+02,
    1.64784143e+03, 2.43819000e+02, 1.62898633e+03, 2.44645340e+02,
    1.61048560e+03, 2.45343460e+02, 1.59185608e+03, 2.46120483e+02,
    1.57353699e+03, 2.46694504e+02, 1.64811951e+03, 2.25234680e+02,
    1.62912976e+03, 2.26102875e+02, 1.61062537e+03, 2.26822845e+02,
    1.59207935e+03, 2.27652435e+02, 1.57370068e+03, 2.28376465e+02,
    1.64832886e+03, 2.06744232e+02, 1.62944360e+03, 2.07539154e+02,
    1.61093713e+03, 2.08299759e+02, 1.59233350e+03, 2.08971298e+02,
    1.57396802e+03, 2.09666489e+02 ]
