%YAML:1.0
---
points: [ 1.64573901e+03, 3.17475647e+02, 1.62715723e+03, 3.18160767e+02,
    1.60849194e+03, 3.18767853e+02, 1.59009033e+03, 3.19407379e+02,
    1.57154321e+03, 3.20159576e+02, 1.64580969e+03, 2.99080170e+02,
    1.62713647e+03, 2.99744598e+02, 1.60848254e+03, 3.00584534e+02,
    1.59010791e+03, 3.01324951e+02, 1.57160876e+03, 3.01869263e+02,
    1.64591235e+03, 2.80790192e+02, 1.62719116e+03, 2.81553345e+02,
    1.60852405e+03, 2.82241394e+02, 1.59014490e+03, 2.82827423e+02,
    1.57164233e+03, 2.83512421e+02, 1.64605383e+03, 2.62295319e+02,
    1.62726953e+03, 2.63120697e+02, 1.60860999e+03, 2.63755066e+02,
    1.59030688e+03, 2.64521912e+02, 1.57176685e+03, 2.65233551e+02,
    1.64622131e+03, 2.43803925e+02, 1.62741040e+03, 2.44560547e+02,
    1.60879285e+03, 2.45278397e+02, 1.59040906e+03, 2.45912827e+02,
    1.57198901e+03, 2.46523743e+02, 1.64643408e+03, 2.25222702e+02,
    1.62757153e+03, 2.25955185e+02, 1.60894543e+03, 2.26803864e+02,
    1.59058179e+03, 2.27515656e+02, 1.57221497e+03, 2.28278961e+02,
    1.64665784e+03, 2.06708588e+02, 1.62787488e+03, 2.07491302e+02,
    1.60936145e+03, 2.08262131e+02, 1.59081543e+03, 2.08780350e+02,
    1.57252161e+03, 2.09457764e+02 ]
