%YAML:1.0
---
points: [ 1.57339502e+03, 3.17329773e+02, 1.55444617e+03, 3.17940674e+02,
    1.53585010e+03, 3.18617615e+02, 1.51724585e+03, 3.19322662e+02,
    1.49866589e+03, 3.19907196e+02, 1.57347888e+03, 2.98817261e+02,
    1.55450256e+03, 2.99561096e+02, 1.53597815e+03, 3.00371704e+02,
    1.51723755e+03, 3.01040588e+02, 1.49878101e+03, 3.01695312e+02,
    1.57356799e+03, 2.80561920e+02, 1.55460266e+03, 2.81331604e+02,
    1.53610352e+03, 2.81999908e+02, 1.51733398e+03, 2.82569458e+02,
    1.49893127e+03, 2.83230194e+02, 1.57367090e+03, 2.61913513e+02,
    1.55471826e+03, 2.62675812e+02, 1.53625708e+03, 2.63501068e+02,
    1.51746301e+03, 2.64203033e+02, 1.49915698e+03, 2.64846985e+02,
    1.57388477e+03, 2.43446854e+02, 1.55498730e+03, 2.44207336e+02,
    1.53640503e+03, 2.44886276e+02, 1.51760156e+03, 2.45493561e+02,
    1.49930164e+03, 2.46171860e+02, 1.57418884e+03, 2.24698975e+02,
    1.55517114e+03, 2.25425278e+02, 1.53659155e+03, 2.26288635e+02,
    1.51793347e+03, 2.27041306e+02, 1.49953833e+03, 2.27667343e+02,
    1.57444238e+03, 2.06159958e+02, 1.55547729e+03, 2.06807159e+02,
    1.53688269e+03, 2.07639847e+02, 1.51827124e+03, 2.08371292e+02,
    1.49993359e+03, 2.08901764e+02 ]
