%YAML:1.0
---
points: [ 1.51310010e+03, 3.16887695e+02, 1.49436694e+03, 3.17583069e+02,
    1.47556787e+03, 3.18283875e+02, 1.45695703e+03, 3.18894806e+02,
    1.43839563e+03, 3.19516296e+02, 1.51317419e+03, 2.98339172e+02,
    1.49443225e+03, 2.99070648e+02, 1.47559399e+03, 2.99772156e+02,
    1.45712524e+03, 3.00555664e+02, 1.43847375e+03, 3.01285583e+02,
    1.51324207e+03, 2.79887970e+02, 1.49449988e+03, 2.80648254e+02,
    1.47565393e+03, 2.81434021e+02, 1.45721448e+03, 2.82161194e+02,
    1.43853943e+03, 2.82670197e+02, 1.51339636e+03, 2.61317444e+02,
    1.49462463e+03, 2.62058685e+02, 1.47587500e+03, 2.62693085e+02,
    1.45734827e+03, 2.63482727e+02, 1.43868835e+03, 2.64212677e+02,
    1.51359302e+03, 2.42509094e+02, 1.49473743e+03, 2.43415329e+02,
    1.47606506e+03, 2.44157883e+02, 1.45746021e+03, 2.44822159e+02,
    1.43890393e+03, 2.45413498e+02, 1.51376367e+03, 2.23691849e+02,
    1.49502710e+03, 2.24550583e+02, 1.47628894e+03, 2.25307434e+02,
    1.45767664e+03, 2.26086899e+02, 1.43912134e+03, 2.26803253e+02,
    1.51420032e+03, 2.04879044e+02, 1.49536255e+03, 2.05833206e+02,
    1.47649963e+03, 2.06643265e+02, 1.45785608e+03, 2.07399719e+02,
    1.43932568e+03, 2.08101746e+02 ]
