%YAML:1.0
---
points: [ 1.46355212e+03, 3.16669769e+02, 1.44467712e+03, 3.17449036e+02,
    1.42624731e+03, 3.18159851e+02, 1.40747668e+03, 3.18785583e+02,
    1.38921423e+03, 3.19464600e+02, 1.46360181e+03, 2.98154480e+02,
    1.44470764e+03, 2.98873718e+02, 1.42622424e+03, 2.99659912e+02,
    1.40744128e+03, 3.00493744e+02, 1.38913904e+03, 3.01224792e+02,
    1.46364392e+03, 2.79641541e+02, 1.44470276e+03, 2.80549622e+02,
    1.42619958e+03, 2.81314972e+02, 1.40744043e+03, 2.82060181e+02,
    1.38915088e+03, 2.82567352e+02, 1.46373096e+03, 2.60982117e+02,
    1.44480969e+03, 2.61857056e+02, 1.42629529e+03, 2.62516876e+02,
    1.40749463e+03, 2.63415894e+02, 1.38922217e+03, 2.64136444e+02,
    1.46388416e+03, 2.42247925e+02, 1.44487231e+03, 2.43247086e+02,
    1.42634326e+03, 2.43904419e+02, 1.40755969e+03, 2.44666092e+02,
    1.38929358e+03, 2.45348679e+02, 1.46410291e+03, 2.23518906e+02,
    1.44506067e+03, 2.24343063e+02, 1.42649451e+03, 2.25210037e+02,
    1.40770935e+03, 2.25850586e+02, 1.38939978e+03, 2.26671951e+02,
    1.46427917e+03, 2.04640900e+02, 1.44535522e+03, 2.05539566e+02,
    1.42669995e+03, 2.06455826e+02, 1.40790039e+03, 2.07213058e+02,
    1.38956775e+03, 2.07834854e+02 ]
