%YAML:1.0
---
points: [ 1.46304407e+03, 3.16579926e+02, 1.44427991e+03, 3.17411285e+02,
    1.42568018e+03, 3.18040649e+02, 1.40699707e+03, 3.18744049e+02,
    1.38862256e+03, 3.19406311e+02, 1.46311633e+03, 2.98118652e+02,
    1.44424255e+03, 2.98832794e+02, 1.42563782e+03, 2.99548004e+02,
    1.40698767e+03, 3.00380951e+02, 1.38860925e+03, 3.01108551e+02,
    1.46311853e+03, 2.79567047e+02, 1.44428418e+03, 2.80502197e+02,
    1.42563953e+03, 2.81219513e+02, 1.40698450e+03, 2.81927612e+02,
    1.38859912e+03, 2.82459564e+02, 1.46321924e+03, 2.60931702e+02,
    1.44430774e+03, 2.61746429e+02, 1.42571338e+03, 2.62433014e+02,
    1.40708606e+03, 2.63263000e+02, 1.38865759e+03, 2.63958923e+02,
    1.46332373e+03, 2.42195694e+02, 1.44437573e+03, 2.43145691e+02,
    1.42583997e+03, 2.43781586e+02, 1.40715100e+03, 2.44613693e+02,
    1.38874951e+03, 2.45237717e+02, 1.46349194e+03, 2.23467499e+02,
    1.44455005e+03, 2.24249344e+02, 1.42598584e+03, 2.25065918e+02,
    1.40725452e+03, 2.25684708e+02, 1.38885730e+03, 2.26524948e+02,
    1.46370178e+03, 2.04540390e+02, 1.44468933e+03, 2.05368881e+02,
    1.42620923e+03, 2.06337173e+02, 1.40743188e+03, 2.07082443e+02,
    1.38908569e+03, 2.07705444e+02 ]
