%YAML:1.0
---
points: [ 1.39190088e+03, 3.16734802e+02, 1.37338342e+03, 3.17480988e+02,
    1.35469531e+03, 3.18258881e+02, 1.33630896e+03, 3.19002106e+02,
    1.31776001e+03, 3.19651215e+02, 1.39184790e+03, 2.98150360e+02,
    1.37329785e+03, 2.98905182e+02, 1.35458313e+03, 2.99716370e+02,
    1.33622449e+03, 3.00598816e+02, 1.31765308e+03, 3.01351501e+02,
    1.39175610e+03, 2.79634979e+02, 1.37319641e+03, 2.80577820e+02,
    1.35444910e+03, 2.81408691e+02, 1.33605884e+03, 2.82159241e+02,
    1.31751978e+03, 2.82782990e+02, 1.39173950e+03, 2.60926727e+02,
    1.37318481e+03, 2.61824432e+02, 1.35441760e+03, 2.62586578e+02,
    1.33592078e+03, 2.63477448e+02, 1.31746069e+03, 2.64269623e+02,
    1.39176013e+03, 2.42226929e+02, 1.37311646e+03, 2.43220383e+02,
    1.35440430e+03, 2.43931351e+02, 1.33580713e+03, 2.44782028e+02,
    1.31739758e+03, 2.45451004e+02, 1.39177600e+03, 2.23458359e+02,
    1.37315881e+03, 2.24291122e+02, 1.35440039e+03, 2.25211075e+02,
    1.33583972e+03, 2.25931030e+02, 1.31737390e+03, 2.26824020e+02,
    1.39185449e+03, 2.04537613e+02, 1.37323755e+03, 2.05440735e+02,
    1.35444739e+03, 2.06481552e+02, 1.33585999e+03, 2.07238220e+02,
    1.31738013e+03, 2.07944183e+02 ]
