%YAML:1.0
---
points: [ 1.34008862e+03, 3.17137360e+02, 1.32157532e+03, 3.17841553e+02,
    1.30297302e+03, 3.18659729e+02, 1.28461719e+03, 3.19376068e+02,
    1.26621716e+03, 3.20146545e+02, 1.33993457e+03, 2.98623566e+02,
    1.32144897e+03, 2.99407562e+02, 1.30280371e+03, 3.00332458e+02,
    1.28445044e+03, 3.01134552e+02, 1.26608081e+03, 3.01842041e+02,
    1.33977893e+03, 2.80309357e+02, 1.32131934e+03, 2.81111603e+02,
    1.30262207e+03, 2.81909363e+02, 1.28434888e+03, 2.82558502e+02,
    1.26582898e+03, 2.83366547e+02, 1.33973767e+03, 2.61538483e+02,
    1.32124121e+03, 2.62373627e+02, 1.30255005e+03, 2.63298706e+02,
    1.28422986e+03, 2.64068207e+02, 1.26574048e+03, 2.64852478e+02,
    1.33969409e+03, 2.42852570e+02, 1.32110364e+03, 2.43807648e+02,
    1.30243140e+03, 2.44649338e+02, 1.28413257e+03, 2.45393875e+02,
    1.26554517e+03, 2.46143555e+02, 1.33964429e+03, 2.24121628e+02,
    1.32106433e+03, 2.24966629e+02, 1.30236304e+03, 2.25824951e+02,
    1.28406567e+03, 2.26734650e+02, 1.26548633e+03, 2.27536407e+02,
    1.33965686e+03, 2.05296310e+02, 1.32110461e+03, 2.06372238e+02,
    1.30234338e+03, 2.07156815e+02, 1.28400061e+03, 2.08000534e+02,
    1.26543103e+03, 2.08666382e+02 ]
