%YAML:1.0
---
points: [ 1.30806665e+03, 3.17279816e+02, 1.28954602e+03, 3.18017975e+02,
    1.27101135e+03, 3.18804718e+02, 1.25269287e+03, 3.19484161e+02,
    1.23435767e+03, 3.20320679e+02, 1.30791309e+03, 2.98722870e+02,
    1.28939355e+03, 2.99560852e+02, 1.27074646e+03, 3.00514313e+02,
    1.25250696e+03, 3.01336639e+02, 1.23412451e+03, 3.02109253e+02,
    1.30768530e+03, 2.80452118e+02, 1.28921472e+03, 2.81233185e+02,
    1.27055298e+03, 2.82111115e+02, 1.25232153e+03, 2.82730682e+02,
    1.23387842e+03, 2.83530823e+02, 1.30758887e+03, 2.61672424e+02,
    1.28896155e+03, 2.62550659e+02, 1.27039844e+03, 2.63533905e+02,
    1.25211096e+03, 2.64283508e+02, 1.23368127e+03, 2.65173431e+02,
    1.30753528e+03, 2.43115158e+02, 1.28872900e+03, 2.43911743e+02,
    1.27030933e+03, 2.44777695e+02, 1.25182275e+03, 2.45544296e+02,
    1.23346790e+03, 2.46368561e+02, 1.30739624e+03, 2.24273209e+02,
    1.28869226e+03, 2.25206314e+02, 1.27013025e+03, 2.26104675e+02,
    1.25168823e+03, 2.27062729e+02, 1.23335876e+03, 2.27788574e+02,
    1.30734839e+03, 2.05471558e+02, 1.28861511e+03, 2.06534195e+02,
    1.27009814e+03, 2.07403168e+02, 1.25158472e+03, 2.08306061e+02,
    1.23322681e+03, 2.08916412e+02 ]
