%YAML:1.0
---
points: [ 1.23087732e+03, 3.17497162e+02, 1.21240540e+03, 3.18327850e+02,
    1.19404675e+03, 3.19008728e+02, 1.17563354e+03, 3.19686218e+02,
    1.15757190e+03, 3.20488892e+02, 1.23063403e+03, 2.98960449e+02,
    1.21218787e+03, 2.99761414e+02, 1.19377576e+03, 3.00686279e+02,
    1.17545288e+03, 3.01500671e+02, 1.15729883e+03, 3.02282440e+02,
    1.23045496e+03, 2.80585358e+02, 1.21194055e+03, 2.81473969e+02,
    1.19348584e+03, 2.82246490e+02, 1.17516907e+03, 2.83004089e+02,
    1.15689038e+03, 2.83726440e+02, 1.23016211e+03, 2.61916077e+02,
    1.21159814e+03, 2.62732178e+02, 1.19318213e+03, 2.63723083e+02,
    1.17479272e+03, 2.64525848e+02, 1.15665662e+03, 2.65343445e+02,
    1.22988452e+03, 2.43325912e+02, 1.21140369e+03, 2.44211136e+02,
    1.19285583e+03, 2.45081467e+02, 1.17458801e+03, 2.45650711e+02,
    1.15634924e+03, 2.46505188e+02, 1.22966760e+03, 2.24425034e+02,
    1.21130896e+03, 2.25281097e+02, 1.19265088e+03, 2.26305130e+02,
    1.17437781e+03, 2.27193741e+02, 1.15601050e+03, 2.27908707e+02,
    1.22951489e+03, 2.05625839e+02, 1.21105188e+03, 2.06640060e+02,
    1.19245154e+03, 2.07517548e+02, 1.17417297e+03, 2.08406403e+02,
    1.15568298e+03, 2.09047958e+02 ]
