%YAML:1.0
---
points: [ 1.16920789e+03, 3.17496613e+02, 1.15063354e+03, 3.18282288e+02,
    1.13249927e+03, 3.18865936e+02, 1.11418591e+03, 3.19579468e+02,
    1.09620813e+03, 3.20309174e+02, 1.16882019e+03, 2.98877594e+02,
    1.15036182e+03, 2.99669159e+02, 1.13223572e+03, 3.00603302e+02,
    1.11376758e+03, 3.01360504e+02, 1.09571375e+03, 3.02058777e+02,
    1.16859290e+03, 2.80542084e+02, 1.15010547e+03, 2.81378265e+02,
    1.13180151e+03, 2.82129639e+02, 1.11345679e+03, 2.82700653e+02,
    1.09543152e+03, 2.83447266e+02, 1.16832837e+03, 2.61794434e+02,
    1.14970020e+03, 2.62594025e+02, 1.13156921e+03, 2.63504425e+02,
    1.11320544e+03, 2.64242249e+02, 1.09498840e+03, 2.64957123e+02,
    1.16808948e+03, 2.43188339e+02, 1.14942603e+03, 2.43932526e+02,
    1.13129333e+03, 2.44741745e+02, 1.11279382e+03, 2.45465225e+02,
    1.09460864e+03, 2.46158218e+02, 1.16774243e+03, 2.24229431e+02,
    1.14922913e+03, 2.25101685e+02, 1.13090259e+03, 2.25915497e+02,
    1.11249011e+03, 2.26796051e+02, 1.09432275e+03, 2.27552933e+02,
    1.16749890e+03, 2.05365494e+02, 1.14890613e+03, 2.06388000e+02,
    1.13056604e+03, 2.07157822e+02, 1.11221191e+03, 2.07944489e+02,
    1.09382532e+03, 2.08600464e+02 ]
