%YAML:1.0
---
points: [ 1.09323315e+03, 3.17622223e+02, 1.07493616e+03, 3.18313293e+02,
    1.05681702e+03, 3.19036865e+02, 1.03867432e+03, 3.19629364e+02,
    1.02071387e+03, 3.20387787e+02, 1.09283154e+03, 2.99115570e+02,
    1.07455798e+03, 2.99845551e+02, 1.05638525e+03, 3.00708801e+02,
    1.03832849e+03, 3.01437225e+02, 1.02022198e+03, 3.02149506e+02,
    1.09240796e+03, 2.80691254e+02, 1.07421313e+03, 2.81523407e+02,
    1.05584961e+03, 2.82260651e+02, 1.03777734e+03, 2.82903137e+02,
    1.01964539e+03, 2.83556519e+02, 1.09197864e+03, 2.62070129e+02,
    1.07371790e+03, 2.62795135e+02, 1.05543164e+03, 2.63688263e+02,
    1.03741870e+03, 2.64451538e+02, 1.01915814e+03, 2.65136322e+02,
    1.09152979e+03, 2.43478424e+02, 1.07327417e+03, 2.44224533e+02,
    1.05498767e+03, 2.45007935e+02, 1.03680005e+03, 2.45594131e+02,
    1.01860681e+03, 2.46337341e+02, 1.09126453e+03, 2.24566864e+02,
    1.07281140e+03, 2.25345093e+02, 1.05450330e+03, 2.26240967e+02,
    1.03640601e+03, 2.27119217e+02, 1.01817365e+03, 2.27684372e+02,
    1.09075317e+03, 2.05741425e+02, 1.07235986e+03, 2.06668472e+02,
    1.05421008e+03, 2.07482437e+02, 1.03583350e+03, 2.08263489e+02,
    1.01757904e+03, 2.08751648e+02 ]
