%YAML:1.0
---
points: [ 1.01740552e+03, 3.17644684e+02, 9.99203186e+02, 3.18368286e+02,
    9.81076050e+02, 3.19009705e+02, 9.63031555e+02, 3.19626404e+02,
    9.44921265e+02, 3.20359955e+02, 1.01680908e+03, 2.99145721e+02,
    9.98576111e+02, 2.99945557e+02, 9.80502563e+02, 3.00697723e+02,
    9.62463684e+02, 3.01413177e+02, 9.44358887e+02, 3.02088043e+02,
    1.01637073e+03, 2.80750275e+02, 9.97910522e+02, 2.81513092e+02,
    9.79958923e+02, 2.82235291e+02, 9.61799316e+02, 2.82826447e+02,
    9.43714478e+02, 2.83493073e+02, 1.01577893e+03, 2.62122894e+02,
    9.97460388e+02, 2.62799377e+02, 9.79394165e+02, 2.63664703e+02,
    9.61178955e+02, 2.64399475e+02, 9.43210327e+02, 2.65043396e+02,
    1.01528082e+03, 2.43445618e+02, 9.96948914e+02, 2.44189041e+02,
    9.78739807e+02, 2.44991989e+02, 9.60484497e+02, 2.45532776e+02,
    9.42516296e+02, 2.46196976e+02, 1.01458911e+03, 2.24558472e+02,
    9.96374695e+02, 2.25313690e+02, 9.78195618e+02, 2.26172485e+02,
    9.59914124e+02, 2.26913101e+02, 9.41792664e+02, 2.27559784e+02,
    1.01405499e+03, 2.05748230e+02, 9.95747314e+02, 2.06620544e+02,
    9.77485352e+02, 2.07394836e+02, 9.59298645e+02, 2.08107071e+02,
    9.41013184e+02, 2.08652283e+02 ]
