%YAML:1.0
---
points: [ 9.06817383e+02, 3.18198608e+02, 8.88916321e+02, 3.18761932e+02,
    8.70777405e+02, 3.19366180e+02, 8.52992920e+02, 3.19946686e+02,
    8.34805908e+02, 3.20522705e+02, 9.06309021e+02, 2.99748291e+02,
    8.88250732e+02, 3.00526825e+02, 8.70267700e+02, 3.01167206e+02,
    8.52293640e+02, 3.01713104e+02, 8.34206299e+02, 3.02314392e+02,
    9.05678040e+02, 2.81496399e+02, 8.87529663e+02, 2.82167725e+02,
    8.69585144e+02, 2.82644257e+02, 8.51594543e+02, 2.83269409e+02,
    8.33486267e+02, 2.83713318e+02, 9.05157104e+02, 2.62812195e+02,
    8.86914246e+02, 2.63588409e+02, 8.68958435e+02, 2.64184875e+02,
    8.50773193e+02, 2.64824127e+02, 8.32788086e+02, 2.65361969e+02,
    9.04416199e+02, 2.44278076e+02, 8.86252869e+02, 2.44953018e+02,
    8.68359131e+02, 2.45480682e+02, 8.50121887e+02, 2.46052078e+02,
    8.32026672e+02, 2.46564804e+02, 9.03661011e+02, 2.25416931e+02,
    8.85548218e+02, 2.26189957e+02, 8.67481689e+02, 2.26873978e+02,
    8.49368408e+02, 2.27512817e+02, 8.31275757e+02, 2.27907867e+02,
    9.03030212e+02, 2.06860077e+02, 8.84886536e+02, 2.07482483e+02,
    8.66644226e+02, 2.08175278e+02, 8.48573425e+02, 2.08562531e+02,
    8.30303528e+02, 2.09207520e+02 ]
