%YAML:1.0
---
points: [ 8.29258484e+02, 3.17713470e+02, 8.11300659e+02, 3.18356537e+02,
    7.93182068e+02, 3.18895477e+02, 7.75236877e+02, 3.19425049e+02,
    7.57284119e+02, 3.19965027e+02, 8.28469299e+02, 2.99271851e+02,
    8.10571350e+02, 2.99835297e+02, 7.92472290e+02, 3.00564819e+02,
    7.74505005e+02, 3.01091400e+02, 7.56395508e+02, 3.01642731e+02,
    8.27883301e+02, 2.80833862e+02, 8.09775513e+02, 2.81477295e+02,
    7.91631592e+02, 2.82142822e+02, 7.73712769e+02, 2.82513489e+02,
    7.55579834e+02, 2.83060974e+02, 8.27143738e+02, 2.62119415e+02,
    8.08906555e+02, 2.62730927e+02, 7.90987061e+02, 2.63425049e+02,
    7.72858887e+02, 2.64011200e+02, 7.54671143e+02, 2.64520935e+02,
    8.26437012e+02, 2.43481415e+02, 8.08112183e+02, 2.44059082e+02,
    7.90152100e+02, 2.44716644e+02, 7.71844116e+02, 2.45325760e+02,
    7.53849243e+02, 2.45632660e+02, 8.25473877e+02, 2.24576935e+02,
    8.07298828e+02, 2.25219803e+02, 7.89348389e+02, 2.25820679e+02,
    7.71039185e+02, 2.26547745e+02, 7.52928589e+02, 2.27089035e+02,
    8.24609131e+02, 2.05743927e+02, 8.06420837e+02, 2.06557892e+02,
    7.88169556e+02, 2.07037735e+02, 7.70031311e+02, 2.07683594e+02,
    7.51887512e+02, 2.08243240e+02 ]
