%YAML:1.0
---
points: [ 7.88180786e+02, 3.17238953e+02, 7.70144836e+02, 3.17702179e+02,
    7.52277222e+02, 3.18364532e+02, 7.33985352e+02, 3.18909271e+02,
    7.16064636e+02, 3.19355499e+02, 7.87388000e+02, 2.98567841e+02,
    7.69452698e+02, 2.99172638e+02, 7.51366089e+02, 2.99800934e+02,
    7.33336121e+02, 3.00488068e+02, 7.15320801e+02, 3.01009277e+02,
    7.86544617e+02, 2.80200195e+02, 7.68591125e+02, 2.80688293e+02,
    7.50482056e+02, 2.81330872e+02, 7.32491455e+02, 2.81890808e+02,
    7.14223877e+02, 2.82362579e+02, 7.85835449e+02, 2.61326935e+02,
    7.67771912e+02, 2.62060822e+02, 7.49560486e+02, 2.62488831e+02,
    7.31524292e+02, 2.63170868e+02, 7.13274597e+02, 2.63729065e+02,
    7.84917297e+02, 2.42457901e+02, 7.66635986e+02, 2.43273834e+02,
    7.48734985e+02, 2.43781403e+02, 7.30516663e+02, 2.44440857e+02,
    7.12346130e+02, 2.44862167e+02, 7.84165710e+02, 2.23596970e+02,
    7.65783569e+02, 2.24252213e+02, 7.47753540e+02, 2.24945511e+02,
    7.29409973e+02, 2.25449417e+02, 7.11289001e+02, 2.26045624e+02,
    7.82974365e+02, 2.04654724e+02, 7.64766113e+02, 2.05279846e+02,
    7.46682617e+02, 2.06129227e+02, 7.28417786e+02, 2.06672913e+02,
    7.10257202e+02, 2.07153763e+02 ]
