%YAML:1.0
---
points: [ 7.91560242e+02, 3.17431976e+02, 7.73391052e+02, 3.17680969e+02,
    7.55059875e+02, 3.18083405e+02, 7.36718079e+02, 3.18439606e+02,
    7.18315674e+02, 3.18662170e+02, 7.90905823e+02, 2.98706940e+02,
    7.72648010e+02, 2.99169434e+02, 7.54349976e+02, 2.99444519e+02,
    7.35864502e+02, 2.99749237e+02, 7.17523132e+02, 3.00137268e+02,
    7.90229370e+02, 2.80249146e+02, 7.71713379e+02, 2.80590393e+02,
    7.53577698e+02, 2.80836304e+02, 7.35019043e+02, 2.81264740e+02,
    7.16653442e+02, 2.81431366e+02, 7.89506104e+02, 2.61403534e+02,
    7.71041016e+02, 2.61728119e+02, 7.52751404e+02, 2.62171021e+02,
    7.34126099e+02, 2.62304230e+02, 7.15722900e+02, 2.62518799e+02,
    7.88593994e+02, 2.42497330e+02, 7.70157776e+02, 2.42868927e+02,
    7.51815002e+02, 2.43305710e+02, 7.33316833e+02, 2.43534866e+02,
    7.14737793e+02, 2.43681244e+02, 7.87662781e+02, 2.23540070e+02,
    7.69395752e+02, 2.23841629e+02, 7.50802979e+02, 2.24255463e+02,
    7.32451172e+02, 2.24483276e+02, 7.13678894e+02, 2.24645569e+02,
    7.86733154e+02, 2.04558090e+02, 7.68407227e+02, 2.04793289e+02,
    7.49798401e+02, 2.05093735e+02, 7.31416138e+02, 2.05469360e+02,
    7.12618530e+02, 2.05639526e+02 ]
