%YAML:1.0
---
points: [ 7.79625732e+02, 3.17383942e+02, 7.61169373e+02, 3.17669739e+02,
    7.42940247e+02, 3.17987823e+02, 7.24455933e+02, 3.18423523e+02,
    7.06234253e+02, 3.18635590e+02, 7.78799622e+02, 2.98668335e+02,
    7.60399170e+02, 2.99111511e+02, 7.42290955e+02, 2.99390747e+02,
    7.23716675e+02, 2.99731567e+02, 7.05475647e+02, 3.00087585e+02,
    7.78003357e+02, 2.80228088e+02, 7.59613464e+02, 2.80546997e+02,
    7.41274719e+02, 2.80842865e+02, 7.22819702e+02, 2.81248901e+02,
    7.04396606e+02, 2.81495575e+02, 7.77241882e+02, 2.61398865e+02,
    7.58837036e+02, 2.61725098e+02, 7.40445679e+02, 2.62185852e+02,
    7.22086365e+02, 2.62304474e+02, 7.03493774e+02, 2.62552460e+02,
    7.76326355e+02, 2.42456512e+02, 7.57919189e+02, 2.42870865e+02,
    7.39455688e+02, 2.43317352e+02, 7.21115601e+02, 2.43544525e+02,
    7.02476196e+02, 2.43677307e+02, 7.75498657e+02, 2.23531403e+02,
    7.57058228e+02, 2.23821106e+02, 7.38571716e+02, 2.24312897e+02,
    7.20035400e+02, 2.24496506e+02, 7.01496887e+02, 2.24658249e+02,
    7.74600342e+02, 2.04563660e+02, 7.56077759e+02, 2.04843948e+02,
    7.37608215e+02, 2.05192108e+02, 7.18915100e+02, 2.05483551e+02,
    7.00528320e+02, 2.05662216e+02 ]
