%YAML:1.0
---
points: [ 7.15331177e+02, 3.17041382e+02, 6.96904968e+02, 3.17427063e+02,
    6.78569763e+02, 3.17665283e+02, 6.60123840e+02, 3.17974182e+02,
    6.41604126e+02, 3.18342102e+02, 7.14335388e+02, 2.98426941e+02,
    6.95931824e+02, 2.98696075e+02, 6.77524780e+02, 2.99157379e+02,
    6.59135132e+02, 2.99315186e+02, 6.40475342e+02, 2.99623688e+02,
    7.13489685e+02, 2.79783020e+02, 6.95225525e+02, 2.80218750e+02,
    6.76652588e+02, 2.80581177e+02, 6.58335632e+02, 2.80776764e+02,
    6.39516052e+02, 2.81073242e+02, 7.12514893e+02, 2.60966156e+02,
    6.94154785e+02, 2.61376373e+02, 6.75634705e+02, 2.61628540e+02,
    6.57058167e+02, 2.61930023e+02, 6.38509338e+02, 2.62253296e+02,
    7.11643127e+02, 2.42073822e+02, 6.93130615e+02, 2.42453598e+02,
    6.74735718e+02, 2.42813492e+02, 6.55976807e+02, 2.43150925e+02,
    6.37448669e+02, 2.43343124e+02, 7.10663940e+02, 2.23298203e+02,
    6.92078186e+02, 2.23562439e+02, 6.73626831e+02, 2.23744705e+02,
    6.54996704e+02, 2.24140701e+02, 6.36386597e+02, 2.24301315e+02,
    7.09501404e+02, 2.04195709e+02, 6.90905273e+02, 2.04475800e+02,
    6.72360657e+02, 2.04747879e+02, 6.53732422e+02, 2.04991119e+02,
    6.35086975e+02, 2.05184479e+02 ]
