%YAML:1.0
---
points: [ 6.62679382e+02, 3.16724274e+02, 6.44257935e+02, 3.17176819e+02,
    6.25980530e+02, 3.17519958e+02, 6.07424988e+02, 3.17793060e+02,
    5.89043457e+02, 3.18243317e+02, 6.61665894e+02, 2.98035492e+02,
    6.43407715e+02, 2.98427460e+02, 6.24807373e+02, 2.98807709e+02,
    6.06477539e+02, 2.99256195e+02, 5.87804749e+02, 2.99507629e+02,
    6.60630859e+02, 2.79385529e+02, 6.42390625e+02, 2.79854218e+02,
    6.23758179e+02, 2.80351532e+02, 6.05401001e+02, 2.80658447e+02,
    5.86671936e+02, 2.80862183e+02, 6.59726990e+02, 2.60611450e+02,
    6.41288513e+02, 2.61019531e+02, 6.22789368e+02, 2.61451477e+02,
    6.04227417e+02, 2.61733551e+02, 5.85618652e+02, 2.62166840e+02,
    6.58709839e+02, 2.41699844e+02, 6.40058899e+02, 2.42143280e+02,
    6.21702087e+02, 2.42536789e+02, 6.03014893e+02, 2.42857422e+02,
    5.84514526e+02, 2.43208618e+02, 6.57506775e+02, 2.22780731e+02,
    6.38817261e+02, 2.23285248e+02, 6.20458740e+02, 2.23567825e+02,
    6.01788452e+02, 2.23854172e+02, 5.83105957e+02, 2.24184464e+02,
    6.56320190e+02, 2.03669449e+02, 6.37798950e+02, 2.04173309e+02,
    6.19070068e+02, 2.04535004e+02, 6.00507935e+02, 2.04788437e+02,
    5.81679565e+02, 2.05088699e+02 ]
