%YAML:1.0
---
points: [ 5.87678650e+02, 3.16799377e+02, 5.69387024e+02, 3.17224030e+02,
    5.50880005e+02, 3.17574707e+02, 5.32532715e+02, 3.17806519e+02,
    5.14086060e+02, 3.18247528e+02, 5.86612366e+02, 2.98225800e+02,
    5.68337097e+02, 2.98622314e+02, 5.49845947e+02, 2.98980743e+02,
    5.31476013e+02, 2.99285645e+02, 5.12856995e+02, 2.99591705e+02,
    5.85768616e+02, 2.79649506e+02, 5.67348694e+02, 2.80164307e+02,
    5.49017700e+02, 2.80539093e+02, 5.30479065e+02, 2.80770294e+02,
    5.11988312e+02, 2.81053497e+02, 5.84685242e+02, 2.60884247e+02,
    5.66271179e+02, 2.61366180e+02, 5.47816040e+02, 2.61687622e+02,
    5.29223938e+02, 2.62079285e+02, 5.10710114e+02, 2.62330627e+02,
    5.83522400e+02, 2.42063980e+02, 5.65218811e+02, 2.42521286e+02,
    5.46700928e+02, 2.42951889e+02, 5.28087952e+02, 2.43298355e+02,
    5.09421021e+02, 2.43571213e+02, 5.82425720e+02, 2.23366653e+02,
    5.64096375e+02, 2.23665802e+02, 5.45468201e+02, 2.24030029e+02,
    5.26954834e+02, 2.24353577e+02, 5.08194641e+02, 2.24571106e+02,
    5.81241150e+02, 2.04336136e+02, 5.62654663e+02, 2.04694397e+02,
    5.44229431e+02, 2.05073334e+02, 5.25530334e+02, 2.05381943e+02,
    5.06947937e+02, 2.05668228e+02 ]
