%YAML:1.0
---
points: [ 5.27561096e+02, 3.16812592e+02, 5.09157074e+02, 3.17241486e+02,
    4.90785919e+02, 3.17519043e+02, 4.72284393e+02, 3.17735016e+02,
    4.53886963e+02, 3.18131927e+02, 5.26559021e+02, 2.98318115e+02,
    5.08143890e+02, 2.98607697e+02, 4.89965973e+02, 2.98982849e+02,
    4.71245056e+02, 2.99269592e+02, 4.52880890e+02, 2.99493134e+02,
    5.25703674e+02, 2.79780609e+02, 5.07330353e+02, 2.80241638e+02,
    4.88974304e+02, 2.80528168e+02, 4.70395630e+02, 2.80717743e+02,
    4.51865875e+02, 2.80971985e+02, 5.24461670e+02, 2.61094818e+02,
    5.06206238e+02, 2.61460419e+02, 4.87687012e+02, 2.61689728e+02,
    4.69262146e+02, 2.62072662e+02, 4.50535339e+02, 2.62290802e+02,
    5.23511902e+02, 2.42279465e+02, 5.05298096e+02, 2.42630402e+02,
    4.86750458e+02, 2.43020065e+02, 4.68329895e+02, 2.43399567e+02,
    4.49479614e+02, 2.43585403e+02, 5.22490723e+02, 2.23537109e+02,
    5.03938629e+02, 2.23782028e+02, 4.85594513e+02, 2.24242279e+02,
    4.66983246e+02, 2.24451157e+02, 4.48362976e+02, 2.24637909e+02,
    5.21205383e+02, 2.04652786e+02, 5.02550781e+02, 2.04930450e+02,
    4.84253204e+02, 2.05271561e+02, 4.65550720e+02, 2.05607346e+02,
    4.46990021e+02, 2.05870422e+02 ]
