%YAML:1.0
---
points: [ 4.68230042e+02, 3.16007935e+02, 4.49563995e+02, 3.16303223e+02,
    4.31120850e+02, 3.16622955e+02, 4.12433960e+02, 3.16863312e+02,
    3.93749969e+02, 3.17300537e+02, 4.67102966e+02, 2.97380219e+02,
    4.48603180e+02, 2.97620422e+02, 4.29981689e+02, 2.97895081e+02,
    4.11477905e+02, 2.98278931e+02, 3.92660156e+02, 2.98504639e+02,
    4.65888153e+02, 2.78656372e+02, 4.47486420e+02, 2.78901672e+02,
    4.28811310e+02, 2.79277008e+02, 4.10337158e+02, 2.79627197e+02,
    3.91518433e+02, 2.79844025e+02, 4.64925201e+02, 2.59917664e+02,
    4.46344788e+02, 2.60318695e+02, 4.27719299e+02, 2.60534698e+02,
    4.08945984e+02, 2.60752808e+02, 3.90364197e+02, 2.61075439e+02,
    4.63782959e+02, 2.40832642e+02, 4.45153900e+02, 2.41257355e+02,
    4.26626068e+02, 2.41609039e+02, 4.07669525e+02, 2.41839981e+02,
    3.88949524e+02, 2.42083740e+02, 4.62435822e+02, 2.22078674e+02,
    4.43801910e+02, 2.22405823e+02, 4.25225769e+02, 2.22749634e+02,
    4.06482086e+02, 2.22954391e+02, 3.87531830e+02, 2.23286072e+02,
    4.60985382e+02, 2.03202652e+02, 4.42492157e+02, 2.03424789e+02,
    4.23632599e+02, 2.03608231e+02, 4.04969635e+02, 2.03841461e+02,
    3.86178467e+02, 2.04123352e+02 ]
