%YAML:1.0
---
points: [ 4.18658661e+02, 3.15322235e+02, 4.00234131e+02, 3.15670593e+02,
    3.81444336e+02, 3.16053558e+02, 3.62770447e+02, 3.16384521e+02,
    3.44175446e+02, 3.16679840e+02, 4.17624786e+02, 2.96645355e+02,
    3.98959320e+02, 2.97072296e+02, 3.80467560e+02, 2.97408722e+02,
    3.61534546e+02, 2.97626801e+02, 3.42810120e+02, 2.97902405e+02,
    4.16631897e+02, 2.77875183e+02, 3.97827637e+02, 2.78228302e+02,
    3.79365417e+02, 2.78643066e+02, 3.60426575e+02, 2.78850708e+02,
    3.41499298e+02, 2.79157349e+02, 4.15252502e+02, 2.59173676e+02,
    3.96660431e+02, 2.59547668e+02, 3.77858337e+02, 2.59805359e+02,
    3.59245392e+02, 2.60182892e+02, 3.40235596e+02, 2.60455383e+02,
    4.13842316e+02, 2.40156952e+02, 3.95416504e+02, 2.40452606e+02,
    3.76499878e+02, 2.40705597e+02, 3.57732208e+02, 2.41097992e+02,
    3.38850922e+02, 2.41302277e+02, 4.12573456e+02, 2.21159576e+02,
    3.93764252e+02, 2.21591080e+02, 3.75217377e+02, 2.21863144e+02,
    3.56256531e+02, 2.22156281e+02, 3.37442169e+02, 2.22441788e+02,
    4.11288666e+02, 2.02217789e+02, 3.92428528e+02, 2.02529449e+02,
    3.73605743e+02, 2.02804642e+02, 3.54638489e+02, 2.03188416e+02,
    3.35692657e+02, 2.03321609e+02 ]
