%YAML:1.0
---
points: [ 4.16600952e+02, 3.15262451e+02, 3.97749847e+02, 3.15593109e+02,
    3.79125061e+02, 3.15917633e+02, 3.60349976e+02, 3.16259583e+02,
    3.41460999e+02, 3.16577454e+02, 4.15374908e+02, 2.96628326e+02,
    3.96740326e+02, 2.96933929e+02, 3.78013275e+02, 2.97351715e+02,
    3.59267822e+02, 2.97516235e+02, 3.40323242e+02, 2.97742584e+02,
    4.14148438e+02, 2.77778687e+02, 3.95596283e+02, 2.78223724e+02,
    3.76686493e+02, 2.78504425e+02, 3.58017975e+02, 2.78778870e+02,
    3.39102936e+02, 2.79042755e+02, 4.13005066e+02, 2.59124298e+02,
    3.94452972e+02, 2.59462433e+02, 3.75571808e+02, 2.59702209e+02,
    3.56564636e+02, 2.60077454e+02, 3.37772095e+02, 2.60324310e+02,
    4.11794769e+02, 2.40135254e+02, 3.92925201e+02, 2.40401169e+02,
    3.74417542e+02, 2.40652191e+02, 3.55355377e+02, 2.40879166e+02,
    3.36268799e+02, 2.41184586e+02, 4.10475922e+02, 2.21188126e+02,
    3.91632782e+02, 2.21510056e+02, 3.72801422e+02, 2.21771423e+02,
    3.54061157e+02, 2.22079300e+02, 3.34729797e+02, 2.22289368e+02,
    4.08855682e+02, 2.02206436e+02, 3.90295105e+02, 2.02514542e+02,
    3.71360779e+02, 2.02698120e+02, 3.52429443e+02, 2.03040390e+02,
    3.33258484e+02, 2.03227737e+02 ]
