%YAML:1.0
---
points: [ 3.66555054e+02, 3.14835388e+02, 3.48066833e+02, 3.15216980e+02,
    3.29206268e+02, 3.15647064e+02, 3.10587616e+02, 3.16029297e+02,
    2.91750946e+02, 3.16352783e+02, 3.65476105e+02, 2.96276001e+02,
    3.46790924e+02, 2.96635406e+02, 3.28107361e+02, 2.97049835e+02,
    3.09218536e+02, 2.97346558e+02, 2.90501648e+02, 2.97584778e+02,
    3.64352570e+02, 2.77401184e+02, 3.45560425e+02, 2.77747681e+02,
    3.26881134e+02, 2.78227386e+02, 3.07829132e+02, 2.78544617e+02,
    2.89092621e+02, 2.78836395e+02, 3.62961975e+02, 2.58688995e+02,
    3.44314850e+02, 2.59108215e+02, 3.25608795e+02, 2.59490601e+02,
    3.06686920e+02, 2.59779785e+02, 2.87570557e+02, 2.60112854e+02,
    3.61473724e+02, 2.39695618e+02, 3.42933594e+02, 2.40108932e+02,
    3.24163940e+02, 2.40381668e+02, 3.05356720e+02, 2.40644150e+02,
    2.86081207e+02, 2.40973480e+02, 3.60251617e+02, 2.20666412e+02,
    3.41334808e+02, 2.21128723e+02, 3.22627869e+02, 2.21516205e+02,
    3.03670776e+02, 2.21800140e+02, 2.84698792e+02, 2.22085175e+02,
    3.58690979e+02, 2.01778076e+02, 3.39746857e+02, 2.02127777e+02,
    3.21174927e+02, 2.02478790e+02, 3.02100342e+02, 2.02748016e+02,
    2.82881439e+02, 2.03076126e+02 ]
