%YAML:1.0
---
points: [ 3.36636139e+02, 3.14605713e+02, 3.17905670e+02, 3.15055481e+02,
    2.99265289e+02, 3.15518982e+02, 2.80610443e+02, 3.15939850e+02,
    2.61856659e+02, 3.16345642e+02, 3.35394806e+02, 2.96062866e+02,
    3.16866455e+02, 2.96474487e+02, 2.98164734e+02, 2.96865845e+02,
    2.79288757e+02, 2.97308380e+02, 2.60490204e+02, 2.97585114e+02,
    3.34119049e+02, 2.77282501e+02, 3.15526398e+02, 2.77603485e+02,
    2.97004730e+02, 2.78093475e+02, 2.78053955e+02, 2.78540680e+02,
    2.59120148e+02, 2.78858734e+02, 3.32722656e+02, 2.58486725e+02,
    3.14122498e+02, 2.58975861e+02, 2.95577698e+02, 2.59402466e+02,
    2.76625458e+02, 2.59751556e+02, 2.57700195e+02, 2.60181030e+02,
    3.31351013e+02, 2.39562454e+02, 3.12607086e+02, 2.39898605e+02,
    2.94052734e+02, 2.40310669e+02, 2.75240051e+02, 2.40623505e+02,
    2.56123413e+02, 2.41010284e+02, 3.29704041e+02, 2.20464401e+02,
    3.11157288e+02, 2.20901917e+02, 2.92408966e+02, 2.21468674e+02,
    2.73704468e+02, 2.21776917e+02, 2.54599304e+02, 2.22190475e+02,
    3.28237854e+02, 2.01654922e+02, 3.09429443e+02, 2.01965240e+02,
    2.90777130e+02, 2.02387161e+02, 2.71691589e+02, 2.02770538e+02,
    2.52871964e+02, 2.03101883e+02 ]
