%YAML:1.0
---
points: [ 2.76276520e+02, 3.14250793e+02, 2.57579224e+02, 3.14727722e+02,
    2.38925018e+02, 3.15239868e+02, 2.20099747e+02, 3.15789368e+02,
    2.01412170e+02, 3.16270782e+02, 2.75120483e+02, 2.95702606e+02,
    2.56310394e+02, 2.96168030e+02, 2.37703873e+02, 2.96590973e+02,
    2.18741074e+02, 2.97122681e+02, 2.00061554e+02, 2.97501587e+02,
    2.73790161e+02, 2.76900665e+02, 2.54868774e+02, 2.77360565e+02,
    2.36269318e+02, 2.77769226e+02, 2.17491882e+02, 2.78298706e+02,
    1.98354721e+02, 2.78651550e+02, 2.72135956e+02, 2.58070160e+02,
    2.53680283e+02, 2.58598358e+02, 2.34635513e+02, 2.59065796e+02,
    2.15978729e+02, 2.59520325e+02, 1.96928726e+02, 2.59893860e+02,
    2.70660187e+02, 2.39158966e+02, 2.51853821e+02, 2.39606979e+02,
    2.33224518e+02, 2.39967987e+02, 2.14285339e+02, 2.40393036e+02,
    1.95342804e+02, 2.40723618e+02, 2.69167389e+02, 2.20060547e+02,
    2.50319794e+02, 2.20521255e+02, 2.31625061e+02, 2.21014511e+02,
    2.12598251e+02, 2.21542038e+02, 1.93534317e+02, 2.21851746e+02,
    2.67342133e+02, 2.01228546e+02, 2.48608780e+02, 2.01625000e+02,
    2.29763062e+02, 2.02074387e+02, 2.10876846e+02, 2.02517517e+02,
    1.91727951e+02, 2.02831146e+02 ]
