%YAML:1.0
---
points: [ 2.23921646e+02, 3.14889221e+02, 2.05495071e+02, 3.15454773e+02,
    1.86704575e+02, 3.15829102e+02, 1.68206802e+02, 3.16309174e+02,
    1.49447556e+02, 3.16673981e+02, 2.22759033e+02, 2.96473083e+02,
    2.04183624e+02, 2.96883667e+02, 1.85636963e+02, 2.97334778e+02,
    1.66809830e+02, 2.97630493e+02, 1.48289154e+02, 2.97989258e+02,
    2.21747498e+02, 2.77689026e+02, 2.02977829e+02, 2.78199127e+02,
    1.84558090e+02, 2.78604919e+02, 1.65600082e+02, 2.78984406e+02,
    1.46832123e+02, 2.79390869e+02, 2.20295746e+02, 2.59130676e+02,
    2.01760345e+02, 2.59588287e+02, 1.83028137e+02, 2.59959808e+02,
    1.64357605e+02, 2.60351562e+02, 1.45448364e+02, 2.60631073e+02,
    2.18865784e+02, 2.40174927e+02, 2.00469635e+02, 2.40549026e+02,
    1.81658356e+02, 2.41038300e+02, 1.62797592e+02, 2.41390274e+02,
    1.44064255e+02, 2.41726288e+02, 2.17551376e+02, 2.21421066e+02,
    1.98739883e+02, 2.21847870e+02, 1.80354233e+02, 2.22278320e+02,
    1.61288788e+02, 2.22654709e+02, 1.42485046e+02, 2.22992538e+02,
    2.15974564e+02, 2.02580063e+02, 1.97292618e+02, 2.02973648e+02,
    1.78494705e+02, 2.03310181e+02, 1.59619980e+02, 2.03634476e+02,
    1.40716171e+02, 2.03931931e+02 ]
