%YAML:1.0
---
points: [ 1.77117325e+02, 3.15415894e+02, 1.58619705e+02, 3.15825958e+02,
    1.40078812e+02, 3.16321625e+02, 1.21678223e+02, 3.16730896e+02,
    1.02934021e+02, 3.17228729e+02, 1.76041946e+02, 2.96870087e+02,
    1.57732727e+02, 2.97335052e+02, 1.39194901e+02, 2.97692413e+02,
    1.20592445e+02, 2.98139099e+02, 1.01841766e+02, 2.98515289e+02,
    1.74938202e+02, 2.78232880e+02, 1.56393219e+02, 2.78681366e+02,
    1.38028656e+02, 2.79095337e+02, 1.19280159e+02, 2.79639282e+02,
    1.00757675e+02, 2.79993042e+02, 1.73597702e+02, 2.59674072e+02,
    1.55123016e+02, 2.60155853e+02, 1.36627106e+02, 2.60515106e+02,
    1.17923904e+02, 2.60851959e+02, 9.92488937e+01, 2.61291779e+02,
    1.72213608e+02, 2.40702240e+02, 1.53750427e+02, 2.41282257e+02,
    1.35231827e+02, 2.41659164e+02, 1.16609535e+02, 2.42030640e+02,
    9.77174683e+01, 2.42443390e+02, 1.70755219e+02, 2.22072617e+02,
    1.52547974e+02, 2.22596054e+02, 1.33891403e+02, 2.23026062e+02,
    1.15112267e+02, 2.23395950e+02, 9.63843002e+01, 2.23611633e+02,
    1.69481750e+02, 2.03279083e+02, 1.50663452e+02, 2.03633286e+02,
    1.32353714e+02, 2.04085236e+02, 1.13447517e+02, 2.04459595e+02,
    9.45373764e+01, 2.04740250e+02 ]
