%YAML:1.0
---
points: [ 1.72263428e+02, 3.15399384e+02, 1.53884033e+02, 3.15837677e+02,
    1.35244766e+02, 3.16247894e+02, 1.16783302e+02, 3.16714752e+02,
    9.81110229e+01, 3.17143219e+02, 1.71218597e+02, 2.96870117e+02,
    1.52911118e+02, 2.97289124e+02, 1.34317184e+02, 2.97639191e+02,
    1.15781158e+02, 2.98096832e+02, 9.70289764e+01, 2.98517365e+02,
    1.69948288e+02, 2.78244568e+02, 1.51499557e+02, 2.78616760e+02,
    1.33120865e+02, 2.79039032e+02, 1.14413155e+02, 2.79582520e+02,
    9.58367767e+01, 2.79950989e+02, 1.68751221e+02, 2.59604706e+02,
    1.50209244e+02, 2.60182251e+02, 1.31835785e+02, 2.60490112e+02,
    1.13040199e+02, 2.60789673e+02, 9.43564301e+01, 2.61223328e+02,
    1.67427261e+02, 2.40671249e+02, 1.48993088e+02, 2.41170807e+02,
    1.30398392e+02, 2.41628540e+02, 1.11663376e+02, 2.42015656e+02,
    9.28007889e+01, 2.42354538e+02, 1.65859085e+02, 2.22033386e+02,
    1.47651840e+02, 2.22499924e+02, 1.28928009e+02, 2.22874893e+02,
    1.10294434e+02, 2.23341248e+02, 9.14004745e+01, 2.23571350e+02,
    1.64544937e+02, 2.03250397e+02, 1.45741821e+02, 2.03550369e+02,
    1.27445999e+02, 2.04026886e+02, 1.08514587e+02, 2.04378128e+02,
    8.96358109e+01, 2.04648010e+02 ]
