%YAML:1.0
---
points: [ 9.19619141e+01, 3.14715729e+02, 7.34867783e+01, 3.15267273e+02,
    5.50122757e+01, 3.15687927e+02, 3.64390640e+01, 3.16260956e+02,
    1.77263584e+01, 3.16693481e+02, 9.05608978e+01, 2.96207825e+02,
    7.20786819e+01, 2.96665405e+02, 5.37149124e+01, 2.97167053e+02,
    3.49749069e+01, 2.97552612e+02, 1.63385448e+01, 2.97881958e+02,
    8.92095642e+01, 2.77385345e+02, 7.06336594e+01, 2.77890228e+02,
    5.22489052e+01, 2.78371368e+02, 3.35458641e+01, 2.78748962e+02,
    1.47413073e+01, 2.79239349e+02, 8.75959778e+01, 2.58640961e+02,
    6.92825241e+01, 2.59232910e+02, 5.06465492e+01, 2.59726532e+02,
    3.20808220e+01, 2.60162445e+02, 1.31179399e+01, 2.60515045e+02,
    8.62197266e+01, 2.39729141e+02, 6.77115402e+01, 2.40234131e+02,
    4.91181450e+01, 2.40581573e+02, 3.02905445e+01, 2.41122574e+02,
    1.15499716e+01, 2.41395615e+02, 8.46807785e+01, 2.20810776e+02,
    6.59933929e+01, 2.21382217e+02, 4.74773941e+01, 2.21758743e+02,
    2.85321312e+01, 2.22280243e+02, 9.52712727e+00, 2.22592621e+02,
    8.27371140e+01, 2.01971634e+02, 6.43017349e+01, 2.02422394e+02,
    4.54131966e+01, 2.02793015e+02, 2.66215115e+01, 2.03255539e+02,
    7.56674480e+00, 2.03459198e+02 ]
