%YAML:1.0
---
points: [ 8.55085373e+00, 2.02569748e+02, 2.76431599e+01, 2.02668304e+02,
    4.65479393e+01, 2.02732712e+02, 6.52480316e+01, 2.02755127e+02,
    8.39655609e+01, 2.02739899e+02, 1.01073380e+01, 2.21474564e+02,
    2.90388470e+01, 2.21666870e+02, 4.80022354e+01, 2.21746185e+02,
    6.65461044e+01, 2.21678207e+02, 8.53324585e+01, 2.21691315e+02,
    1.15592918e+01, 2.40329956e+02, 3.03602238e+01, 2.40437378e+02,
    4.91415634e+01, 2.40514313e+02, 6.76947937e+01, 2.40557068e+02,
    8.62724380e+01, 2.40478424e+02, 1.26432638e+01, 2.59463898e+02,
    3.16925583e+01, 2.59573090e+02, 5.03591385e+01, 2.59604279e+02,
    6.89937210e+01, 2.59624146e+02, 8.73690186e+01, 2.59540100e+02,
    1.37104301e+01, 2.78231934e+02, 3.26555901e+01, 2.78297821e+02,
    5.12738533e+01, 2.78252197e+02, 6.98438339e+01, 2.78290619e+02,
    8.82587357e+01, 2.78252502e+02, 1.47514124e+01, 2.96997345e+02,
    3.35951691e+01, 2.97091125e+02, 5.23229637e+01, 2.97093903e+02,
    7.07238007e+01, 2.97044586e+02, 8.92117996e+01, 2.97003845e+02,
    1.58026161e+01, 3.15643890e+02, 3.44628525e+01, 3.15661041e+02,
    5.31130180e+01, 3.15707153e+02, 7.15259399e+01, 3.15661774e+02,
    9.01451874e+01, 3.15723663e+02 ]
