%YAML:1.0
---
points: [ 1.08046618e+01, 2.00058136e+02, 2.97068367e+01, 2.01494751e+02,
    4.87314873e+01, 2.02749939e+02, 6.73231506e+01, 2.03677856e+02,
    8.60900116e+01, 2.04930435e+02, 1.11462259e+01, 2.19093216e+02,
    3.00670872e+01, 2.20234512e+02, 4.89508476e+01, 2.21575150e+02,
    6.75567551e+01, 2.22869781e+02, 8.62685242e+01, 2.23843323e+02,
    1.13606606e+01, 2.38076111e+02, 3.01872234e+01, 2.39397446e+02,
    4.89953613e+01, 2.40339798e+02, 6.75595322e+01, 2.41561340e+02,
    8.62547760e+01, 2.42808762e+02, 1.13684092e+01, 2.56756683e+02,
    3.01148357e+01, 2.58152557e+02, 4.89199219e+01, 2.59466827e+02,
    6.74738922e+01, 2.60551117e+02, 8.60770340e+01, 2.61573730e+02,
    1.13266077e+01, 2.75730499e+02, 2.99740791e+01, 2.76800476e+02,
    4.88163185e+01, 2.78070984e+02, 6.72395935e+01, 2.79290741e+02,
    8.58716965e+01, 2.80464050e+02, 1.11992083e+01, 2.94408173e+02,
    2.97901859e+01, 2.95655457e+02, 4.86213303e+01, 2.96747894e+02,
    6.71134109e+01, 2.97902069e+02, 8.55908203e+01, 2.98891266e+02,
    1.08681326e+01, 3.13062836e+02, 2.95155106e+01, 3.14225281e+02,
    4.83087044e+01, 3.15289673e+02, 6.66892471e+01, 3.16584808e+02,
    8.53268738e+01, 3.17709839e+02 ]
