%YAML:1.0
---
points: [ 1.31728916e+01, 3.23204987e+02, 3.04797897e+01, 3.23563080e+02,
    4.79986572e+01, 3.23819397e+02, 6.48878403e+01, 3.24151062e+02,
    8.21377869e+01, 3.24417816e+02, 1.41232128e+01, 3.41651794e+02,
    3.16085892e+01, 3.42212646e+02, 4.87520523e+01, 3.42505768e+02,
    6.57621460e+01, 3.42787170e+02, 8.27213516e+01, 3.43210022e+02,
    1.48647041e+01, 3.60340271e+02, 3.23520432e+01, 3.60760864e+02,
    4.94468956e+01, 3.61104797e+02, 6.64785233e+01, 3.61405151e+02,
    8.35892029e+01, 3.61723114e+02, 1.55197849e+01, 3.78970520e+02,
    3.29476471e+01, 3.79376343e+02, 5.00920868e+01, 3.79804047e+02,
    6.69889832e+01, 3.80206635e+02, 8.41449738e+01, 3.80610382e+02,
    1.62825603e+01, 3.97429932e+02, 3.34611740e+01, 3.97813141e+02,
    5.04872284e+01, 3.98218018e+02, 6.74243164e+01, 3.98602417e+02,
    8.45184097e+01, 3.99138062e+02, 1.66836624e+01, 4.15864258e+02,
    3.37468033e+01, 4.16322052e+02, 5.08099823e+01, 4.16749115e+02,
    6.78268127e+01, 4.17205109e+02, 8.48423080e+01, 4.17642334e+02,
    1.70468578e+01, 4.34200470e+02, 3.39709473e+01, 4.34602173e+02,
    5.09628143e+01, 4.35020447e+02, 6.81669235e+01, 4.35495758e+02,
    8.52142563e+01, 4.35964630e+02 ]
