%YAML:1.0
---
points: [ 1.55501604e+01, 3.33693298e+02, 3.37436447e+01, 3.34173218e+02,
    5.19198227e+01, 3.34489899e+02, 6.97856064e+01, 3.34919220e+02,
    8.76292343e+01, 3.35478271e+02, 1.65909882e+01, 3.52241730e+02,
    3.47237778e+01, 3.52734802e+02, 5.27552299e+01, 3.53321930e+02,
    7.06250839e+01, 3.53756134e+02, 8.84580460e+01, 3.54221039e+02,
    1.72534962e+01, 3.70784973e+02, 3.53662338e+01, 3.71313751e+02,
    5.35496941e+01, 3.71755310e+02, 7.12748032e+01, 3.72273468e+02,
    8.91607361e+01, 3.72665924e+02, 1.78997574e+01, 3.89394470e+02,
    3.58609886e+01, 3.89965942e+02, 5.40691605e+01, 3.90475067e+02,
    7.17959442e+01, 3.90948212e+02, 8.95228653e+01, 3.91407257e+02,
    1.84322529e+01, 4.07818726e+02, 3.66012421e+01, 4.08348328e+02,
    5.44535561e+01, 4.08790741e+02, 7.21972809e+01, 4.09335785e+02,
    9.00402908e+01, 4.09822388e+02, 1.87562809e+01, 4.26342194e+02,
    3.69185638e+01, 4.26835907e+02, 5.48131409e+01, 4.27446320e+02,
    7.24322815e+01, 4.27961273e+02, 9.03368149e+01, 4.28419373e+02,
    1.91982059e+01, 4.44719727e+02, 3.72338715e+01, 4.45186371e+02,
    5.50343895e+01, 4.45610870e+02, 7.26455154e+01, 4.46151733e+02,
    9.05575943e+01, 4.46670868e+02 ]
