%YAML:1.0
---
points: [ 5.61377106e+01, 3.34065308e+02, 7.40373840e+01, 3.34376984e+02,
    9.15759048e+01, 3.34659576e+02, 1.09027298e+02, 3.35092987e+02,
    1.26623856e+02, 3.35498810e+02, 5.69646721e+01, 3.52481934e+02,
    7.49100647e+01, 3.53060089e+02, 9.23566589e+01, 3.53472687e+02,
    1.09764191e+02, 3.53833099e+02, 1.27313225e+02, 3.54271454e+02,
    5.77859612e+01, 3.71058044e+02, 7.54469299e+01, 3.71459442e+02,
    9.28396530e+01, 3.71858582e+02, 1.10479790e+02, 3.72308105e+02,
    1.27752548e+02, 3.72697968e+02, 5.84682007e+01, 3.89547180e+02,
    7.58548203e+01, 3.90056946e+02, 9.34650345e+01, 3.90504730e+02,
    1.10948097e+02, 3.90926941e+02, 1.28195175e+02, 3.91348022e+02,
    5.88391647e+01, 4.07976318e+02, 7.63453903e+01, 4.08388855e+02,
    9.37835236e+01, 4.08817902e+02, 1.11249374e+02, 4.09289612e+02,
    1.28526749e+02, 4.09666992e+02, 5.91572838e+01, 4.26357117e+02,
    7.66130753e+01, 4.26823883e+02, 9.41338348e+01, 4.27391815e+02,
    1.11454643e+02, 4.27836334e+02, 1.28697388e+02, 4.28286865e+02,
    5.94942741e+01, 4.44663849e+02, 7.68274765e+01, 4.45127411e+02,
    9.41526489e+01, 4.45502869e+02, 1.11628624e+02, 4.46054596e+02,
    1.28939041e+02, 4.46497162e+02 ]
