%YAML:1.0
---
points: [ 1.37470016e+02, 4.46543427e+02, 1.19919243e+02, 4.46034607e+02,
    1.02549400e+02, 4.45515076e+02, 8.53082657e+01, 4.45109863e+02,
    6.76511993e+01, 4.44604492e+02, 1.37338150e+02, 4.28294891e+02,
    1.19760681e+02, 4.27827820e+02, 1.02482254e+02, 4.27408325e+02,
    8.51287994e+01, 4.26797791e+02, 6.73425369e+01, 4.26362366e+02,
    1.37146576e+02, 4.09748779e+02, 1.19592934e+02, 4.09328400e+02,
    1.02269524e+02, 4.08827789e+02, 8.47843857e+01, 4.08411987e+02,
    6.70976410e+01, 4.07930328e+02, 1.36725647e+02, 3.91385773e+02,
    1.19250114e+02, 3.90973816e+02, 1.01944725e+02, 3.90579773e+02,
    8.43544464e+01, 3.90149475e+02, 6.65963135e+01, 3.89558899e+02,
    1.36335083e+02, 3.72734253e+02, 1.18879982e+02, 3.72358887e+02,
    1.01528282e+02, 3.71940369e+02, 8.39444275e+01, 3.71491058e+02,
    6.60852509e+01, 3.71084869e+02, 1.35739639e+02, 3.54310181e+02,
    1.18352905e+02, 3.53907288e+02, 1.01032654e+02, 3.53552002e+02,
    8.32962418e+01, 3.53110809e+02, 6.54778290e+01, 3.52548279e+02,
    1.35173218e+02, 3.35579651e+02, 1.17655006e+02, 3.35246704e+02,
    1.00334320e+02, 3.34765167e+02, 8.24601974e+01, 3.34423798e+02,
    6.48256302e+01, 3.34109222e+02 ]
