%YAML:1.0
---
points: [ 1.16302887e+02, 3.34240723e+02, 1.34115143e+02, 3.34522644e+02,
    1.51531174e+02, 3.34831909e+02, 1.69286209e+02, 3.35294678e+02,
    1.86652557e+02, 3.35599884e+02, 1.17029266e+02, 3.52635864e+02,
    1.34576508e+02, 3.53185333e+02, 1.52466339e+02, 3.53594604e+02,
    1.69795380e+02, 3.53915863e+02, 1.87184830e+02, 3.54350189e+02,
    1.17549171e+02, 3.71180939e+02, 1.35163162e+02, 3.71503235e+02,
    1.52918900e+02, 3.71948914e+02, 1.70278427e+02, 3.72355835e+02,
    1.87648254e+02, 3.72711731e+02, 1.17918793e+02, 3.89611755e+02,
    1.35605347e+02, 3.90117493e+02, 1.53300430e+02, 3.90569305e+02,
    1.70586670e+02, 3.90933441e+02, 1.87964478e+02, 3.91398926e+02,
    1.18346985e+02, 4.07886169e+02, 1.35965759e+02, 4.08401337e+02,
    1.53592636e+02, 4.08806519e+02, 1.70931244e+02, 4.09312256e+02,
    1.88244720e+02, 4.09674957e+02, 1.18626701e+02, 4.26318054e+02,
    1.36138550e+02, 4.26784485e+02, 1.53756943e+02, 4.27356537e+02,
    1.71076874e+02, 4.27761841e+02, 1.88355301e+02, 4.28252625e+02,
    1.18839836e+02, 4.44589935e+02, 1.36194061e+02, 4.45084808e+02,
    1.53786469e+02, 4.45475830e+02, 1.71140289e+02, 4.45917358e+02,
    1.88498550e+02, 4.46481293e+02 ]
