%YAML:1.0
---
points: [ 1.70958435e+02, 3.33982208e+02, 1.88549713e+02, 3.34328705e+02,
    2.06375351e+02, 3.34567566e+02, 2.23677216e+02, 3.34919281e+02,
    2.41366821e+02, 3.35288849e+02, 1.71575302e+02, 3.52471832e+02,
    1.89444092e+02, 3.52893890e+02, 2.06964203e+02, 3.53323822e+02,
    2.24461197e+02, 3.53645935e+02, 2.42073105e+02, 3.54139374e+02,
    1.72255539e+02, 3.70977600e+02, 1.90030334e+02, 3.71367157e+02,
    2.07487869e+02, 3.71699524e+02, 2.24999252e+02, 3.72175659e+02,
    2.42476089e+02, 3.72512054e+02, 1.72711075e+02, 3.89474274e+02,
    1.90428955e+02, 3.89908112e+02, 2.07951538e+02, 3.90403381e+02,
    2.25378860e+02, 3.90768433e+02, 2.42909973e+02, 3.91195679e+02,
    1.73207733e+02, 4.07811462e+02, 1.90822708e+02, 4.08329590e+02,
    2.08286774e+02, 4.08660858e+02, 2.25724396e+02, 4.09140991e+02,
    2.43299988e+02, 4.09555420e+02, 1.73563538e+02, 4.26259766e+02,
    1.91181778e+02, 4.26734680e+02, 2.08501511e+02, 4.27196503e+02,
    2.26019714e+02, 4.27631073e+02, 2.43415588e+02, 4.28134552e+02,
    1.73819397e+02, 4.44573120e+02, 1.91266174e+02, 4.45021881e+02,
    2.08545944e+02, 4.45384216e+02, 2.26172409e+02, 4.45848969e+02,
    2.43566803e+02, 4.46347961e+02 ]
