%YAML:1.0
---
points: [ 2.21349319e+02, 3.33758362e+02, 2.39146576e+02, 3.34170685e+02,
    2.56915283e+02, 3.34432983e+02, 2.74623444e+02, 3.34680634e+02,
    2.92316833e+02, 3.35081909e+02, 2.22128906e+02, 3.52267365e+02,
    2.39931381e+02, 3.52703064e+02, 2.57643616e+02, 3.53065552e+02,
    2.75433685e+02, 3.53502869e+02, 2.92851807e+02, 3.53829773e+02,
    2.22738251e+02, 3.70815552e+02, 2.40444473e+02, 3.71287109e+02,
    2.58419312e+02, 3.71581512e+02, 2.75887939e+02, 3.71993530e+02,
    2.93515228e+02, 3.72372406e+02, 2.23288986e+02, 3.89405823e+02,
    2.40963776e+02, 3.89813385e+02, 2.58795105e+02, 3.90285858e+02,
    2.76405640e+02, 3.90643127e+02, 2.93914246e+02, 3.91045654e+02,
    2.23651505e+02, 4.07810059e+02, 2.41545898e+02, 4.08293304e+02,
    2.59251007e+02, 4.08616943e+02, 2.76764587e+02, 4.09137665e+02,
    2.94253754e+02, 4.09461914e+02, 2.24034653e+02, 4.26253418e+02,
    2.41871857e+02, 4.26706024e+02, 2.59461578e+02, 4.27182312e+02,
    2.77036224e+02, 4.27610504e+02, 2.94484009e+02, 4.28020905e+02,
    2.24441437e+02, 4.44611267e+02, 2.42092026e+02, 4.45003510e+02,
    2.59617401e+02, 4.45425690e+02, 2.77160736e+02, 4.45807617e+02,
    2.94727081e+02, 4.46371155e+02 ]
