%YAML:1.0
---
points: [ 2.89404877e+02, 3.33497314e+02, 3.07542480e+02, 3.33995392e+02,
    3.25859283e+02, 3.34450623e+02, 3.43818298e+02, 3.34744476e+02,
    3.61732910e+02, 3.35323090e+02, 2.90194427e+02, 3.51956390e+02,
    3.08162933e+02, 3.52635193e+02, 3.26417938e+02, 3.53093750e+02,
    3.44421753e+02, 3.53575500e+02, 3.62406525e+02, 3.54090302e+02,
    2.90605896e+02, 3.70604431e+02, 3.08750031e+02, 3.71180115e+02,
    3.26873108e+02, 3.71567780e+02, 3.44739899e+02, 3.72137421e+02,
    3.62821869e+02, 3.72553101e+02, 2.91049347e+02, 3.89132233e+02,
    3.09115021e+02, 3.89723450e+02, 3.27348236e+02, 3.90301483e+02,
    3.45135101e+02, 3.90753357e+02, 3.63090393e+02, 3.91263184e+02,
    2.91407806e+02, 4.07623779e+02, 3.09419220e+02, 4.08218811e+02,
    3.27532837e+02, 4.08602936e+02, 3.45426910e+02, 4.09182404e+02,
    3.63396027e+02, 4.09639099e+02, 2.91689453e+02, 4.25972687e+02,
    3.09590332e+02, 4.26622009e+02, 3.27706696e+02, 4.27161438e+02,
    3.45612244e+02, 4.27671356e+02, 3.63484100e+02, 4.28237976e+02,
    2.91897125e+02, 4.44453339e+02, 3.09793610e+02, 4.44883209e+02,
    3.27709656e+02, 4.45418915e+02, 3.45663086e+02, 4.45904541e+02,
    3.63578888e+02, 4.46469391e+02 ]
