%YAML:1.0
---
points: [ 3.42265594e+02, 3.33916962e+02, 3.60313843e+02, 3.34423065e+02,
    3.78312592e+02, 3.34785461e+02, 3.96413727e+02, 3.35346344e+02,
    4.14282410e+02, 3.35855286e+02, 3.42810913e+02, 3.52467651e+02,
    3.60825897e+02, 3.53098419e+02, 3.78938843e+02, 3.53641449e+02,
    3.96786469e+02, 3.54160919e+02, 4.14681427e+02, 3.54638763e+02,
    3.43194611e+02, 3.71083282e+02, 3.61182800e+02, 3.71499756e+02,
    3.79434753e+02, 3.72084625e+02, 3.97083252e+02, 3.72590027e+02,
    4.15005859e+02, 3.73079071e+02, 3.43563477e+02, 3.89559082e+02,
    3.61477448e+02, 3.90144135e+02, 3.79639221e+02, 3.90682373e+02,
    3.97455292e+02, 3.91281219e+02, 4.15210907e+02, 3.91674316e+02,
    3.43859344e+02, 4.07906036e+02, 3.61697845e+02, 4.08468964e+02,
    3.79784729e+02, 4.09052765e+02, 3.97589691e+02, 4.09541595e+02,
    4.15406616e+02, 4.10111908e+02, 3.44099548e+02, 4.26314789e+02,
    3.61802399e+02, 4.26932281e+02, 3.79873627e+02, 4.27529907e+02,
    3.97679535e+02, 4.28065460e+02, 4.15484711e+02, 4.28574097e+02,
    3.44266174e+02, 4.44603210e+02, 3.61942535e+02, 4.45190765e+02,
    3.79844452e+02, 4.45616394e+02, 3.97722443e+02, 4.46231567e+02,
    4.15548096e+02, 4.46786224e+02 ]
