%YAML:1.0
---
points: [ 4.92168335e+02, 4.47215393e+02, 4.74423767e+02, 4.46631958e+02,
    4.56763367e+02, 4.46114288e+02, 4.39074524e+02, 4.45503906e+02,
    4.21527954e+02, 4.44991821e+02, 4.92221161e+02, 4.29075134e+02,
    4.74570190e+02, 4.28537170e+02, 4.56909637e+02, 4.27968658e+02,
    4.39155731e+02, 4.27448273e+02, 4.21544006e+02, 4.26858185e+02,
    4.92264923e+02, 4.10763367e+02, 4.74593750e+02, 4.10114929e+02,
    4.56873718e+02, 4.09586609e+02, 4.39159119e+02, 4.09092957e+02,
    4.21478760e+02, 4.08490875e+02, 4.92280243e+02, 3.92363617e+02,
    4.74552124e+02, 3.91795197e+02, 4.56810852e+02, 3.91394287e+02,
    4.38995789e+02, 3.90827881e+02, 4.21356934e+02, 3.90324005e+02,
    4.92212311e+02, 3.73948151e+02, 4.74447388e+02, 3.73412109e+02,
    4.56696808e+02, 3.72874237e+02, 4.38843842e+02, 3.72322266e+02,
    4.21155914e+02, 3.71771454e+02, 4.92035095e+02, 3.55479980e+02,
    4.74269958e+02, 3.54958344e+02, 4.56510895e+02, 3.54562164e+02,
    4.38603485e+02, 3.53971619e+02, 4.20757385e+02, 3.53518311e+02,
    4.91794769e+02, 3.36897797e+02, 4.73897736e+02, 3.36384399e+02,
    4.56134705e+02, 3.35914032e+02, 4.38379761e+02, 3.35401581e+02,
    4.20291656e+02, 3.34796082e+02 ]
