%YAML:1.0
---
points: [ 4.77191162e+02, 3.35373016e+02, 4.95206421e+02, 3.35952271e+02,
    5.13011719e+02, 3.36396454e+02, 5.30838257e+02, 3.36957947e+02,
    5.48597412e+02, 3.37471161e+02, 4.77429016e+02, 3.53949493e+02,
    4.95508423e+02, 3.54550110e+02, 5.13337646e+02, 3.54910400e+02,
    5.31116150e+02, 3.55456543e+02, 5.48793640e+02, 3.55820251e+02,
    4.77621399e+02, 3.72267731e+02, 4.95640991e+02, 3.72770599e+02,
    5.13501892e+02, 3.73301239e+02, 5.31191406e+02, 3.73878021e+02,
    5.48914917e+02, 3.74406372e+02, 4.77798523e+02, 3.90712402e+02,
    4.95721588e+02, 3.91288422e+02, 5.13543457e+02, 3.91680756e+02,
    5.31267456e+02, 3.92253387e+02, 5.48937073e+02, 3.92673004e+02,
    4.77873047e+02, 4.08781525e+02, 4.95753052e+02, 4.09381714e+02,
    5.13560242e+02, 4.09871246e+02, 5.31275940e+02, 4.10484894e+02,
    5.48895325e+02, 4.11093048e+02, 4.77917328e+02, 4.27137512e+02,
    4.95721985e+02, 4.27688110e+02, 5.13493896e+02, 4.28266327e+02,
    5.31184753e+02, 4.28658142e+02, 5.48727295e+02, 4.29258179e+02,
    4.77812958e+02, 4.45258575e+02, 4.95652924e+02, 4.45691376e+02,
    5.13313660e+02, 4.46302277e+02, 5.31020996e+02, 4.46799988e+02,
    5.48675659e+02, 4.47442230e+02 ]
