%YAML:1.0
---
points: [ 5.44160889e+02, 3.35387177e+02, 5.61873413e+02, 3.35849762e+02,
    5.79853394e+02, 3.36270203e+02, 5.97642883e+02, 3.36663055e+02,
    6.15554932e+02, 3.37222412e+02, 5.44368958e+02, 3.53959229e+02,
    5.62417725e+02, 3.54521393e+02, 5.80260132e+02, 3.54799103e+02,
    5.97881897e+02, 3.55295471e+02, 6.15734680e+02, 3.55614746e+02,
    5.44551025e+02, 3.72384064e+02, 5.62627563e+02, 3.72754456e+02,
    5.80442993e+02, 3.73273315e+02, 5.98158081e+02, 3.73739197e+02,
    6.15917419e+02, 3.74183014e+02, 5.44740967e+02, 3.90821533e+02,
    5.62745300e+02, 3.91383911e+02, 5.80531006e+02, 3.91664490e+02,
    5.98201233e+02, 3.92198944e+02, 6.16021179e+02, 3.92525269e+02,
    5.44809326e+02, 4.09071503e+02, 5.62872925e+02, 4.09516907e+02,
    5.80573975e+02, 4.09897858e+02, 5.98216248e+02, 4.10458130e+02,
    6.15996887e+02, 4.10998047e+02, 5.44937927e+02, 4.27386169e+02,
    5.62852417e+02, 4.27818817e+02, 5.80536316e+02, 4.28341827e+02,
    5.98225830e+02, 4.28677521e+02, 6.15883789e+02, 4.29250000e+02,
    5.44939697e+02, 4.45444763e+02, 5.62779663e+02, 4.45885315e+02,
    5.80485046e+02, 4.46399872e+02, 5.98089539e+02, 4.46877808e+02,
    6.15844788e+02, 4.47380005e+02 ]
