%YAML:1.0
---
points: [ 5.96484253e+02, 3.35397339e+02, 6.14464050e+02, 3.35834198e+02,
    6.32496643e+02, 3.36264862e+02, 6.50266602e+02, 3.36667603e+02,
    6.68358582e+02, 3.37083008e+02, 5.96671936e+02, 3.53982697e+02,
    6.14683960e+02, 3.54503510e+02, 6.32735657e+02, 3.54823730e+02,
    6.50449585e+02, 3.55318237e+02, 6.68477112e+02, 3.55622742e+02,
    5.96834961e+02, 3.72370422e+02, 6.14904602e+02, 3.72796783e+02,
    6.32827332e+02, 3.73246704e+02, 6.50476807e+02, 3.73686523e+02,
    6.68517456e+02, 3.74197083e+02, 5.97075562e+02, 3.90845947e+02,
    6.15046570e+02, 3.91397308e+02, 6.32931702e+02, 3.91689636e+02,
    6.50551147e+02, 3.92260040e+02, 6.68553589e+02, 3.92523621e+02,
    5.97173523e+02, 4.09128387e+02, 6.15078857e+02, 4.09565796e+02,
    6.32982544e+02, 4.09973846e+02, 6.50556580e+02, 4.10440887e+02,
    6.68515015e+02, 4.10948883e+02, 5.97252747e+02, 4.27424652e+02,
    6.15098816e+02, 4.27881134e+02, 6.32934448e+02, 4.28384094e+02,
    6.50520081e+02, 4.28701904e+02, 6.68426697e+02, 4.29272522e+02,
    5.97238159e+02, 4.45460449e+02, 6.14947632e+02, 4.46009186e+02,
    6.32746643e+02, 4.46438721e+02, 6.50372498e+02, 4.46832184e+02,
    6.68308716e+02, 4.47461609e+02 ]
