%YAML:1.0
---
points: [ 7.05931213e+02, 3.35928436e+02, 7.23773926e+02, 3.36386932e+02,
    7.41775635e+02, 3.36921051e+02, 7.59555420e+02, 3.37369934e+02,
    7.77570129e+02, 3.37757324e+02, 7.05965942e+02, 3.54516602e+02,
    7.23799316e+02, 3.54927856e+02, 7.41706543e+02, 3.55419220e+02,
    7.59539429e+02, 3.55770325e+02, 7.77451416e+02, 3.56271729e+02,
    7.05988708e+02, 3.72773071e+02, 7.23733582e+02, 3.73267426e+02,
    7.41689026e+02, 3.73829651e+02, 7.59437744e+02, 3.74328644e+02,
    7.77304443e+02, 3.74717285e+02, 7.05853027e+02, 3.91258301e+02,
    7.23647583e+02, 3.91673737e+02, 7.41507385e+02, 3.92210388e+02,
    7.59317871e+02, 3.92580750e+02, 7.77079163e+02, 3.93072540e+02,
    7.05759094e+02, 4.09379761e+02, 7.23518738e+02, 4.09896484e+02,
    7.41302551e+02, 4.10456116e+02, 7.59096130e+02, 4.11003510e+02,
    7.76726624e+02, 4.11473938e+02, 7.05640259e+02, 4.27701813e+02,
    7.23288757e+02, 4.28271576e+02, 7.41062622e+02, 4.28670990e+02,
    7.58778503e+02, 4.29208282e+02, 7.76505798e+02, 4.29604767e+02,
    7.05472290e+02, 4.45653870e+02, 7.23063904e+02, 4.46236847e+02,
    7.40727539e+02, 4.46678406e+02, 7.58504944e+02, 4.47302795e+02,
    7.76232605e+02, 4.47829590e+02 ]
