%YAML:1.0
---
points: [ 8.30369019e+02, 4.48077759e+02, 8.12554932e+02, 4.47438690e+02,
    7.95084229e+02, 4.46825531e+02, 7.77230225e+02, 4.46375641e+02,
    7.59531006e+02, 4.45782776e+02, 8.30763611e+02, 4.29820587e+02,
    8.13107422e+02, 4.29372925e+02, 7.95416870e+02, 4.28888733e+02,
    7.77582397e+02, 4.28432983e+02, 7.59794250e+02, 4.27932556e+02,
    8.31306458e+02, 4.11723633e+02, 8.13366882e+02, 4.11303131e+02,
    7.95714050e+02, 4.10739655e+02, 7.77851562e+02, 4.10227844e+02,
    7.60142883e+02, 4.09605072e+02, 8.31547729e+02, 3.93395172e+02,
    8.13667297e+02, 3.92889343e+02, 7.96088623e+02, 3.92512421e+02,
    7.78146545e+02, 3.92082306e+02, 7.60377197e+02, 3.91577606e+02,
    8.31938049e+02, 3.75217072e+02, 8.13929810e+02, 3.74746887e+02,
    7.96322144e+02, 3.74332245e+02, 7.78486084e+02, 3.73781006e+02,
    7.60533569e+02, 3.73259796e+02, 8.32242554e+02, 3.56673767e+02,
    8.14252197e+02, 3.56354156e+02, 7.96468811e+02, 3.55902130e+02,
    7.78618591e+02, 3.55497803e+02, 7.60643921e+02, 3.54937012e+02,
    8.32439819e+02, 3.38409027e+02, 8.14466248e+02, 3.37925903e+02,
    7.96570190e+02, 3.37565094e+02, 7.78734985e+02, 3.37113342e+02,
    7.60754150e+02, 3.36515930e+02 ]
