%YAML:1.0
---
points: [ 8.82463318e+02, 4.48165070e+02, 8.64740417e+02, 4.47519531e+02,
    8.47173279e+02, 4.46939423e+02, 8.29366760e+02, 4.46472809e+02,
    8.11711975e+02, 4.45969940e+02, 8.82871643e+02, 4.29960724e+02,
    8.65243958e+02, 4.29512299e+02, 8.47588013e+02, 4.29041260e+02,
    8.29701172e+02, 4.28591797e+02, 8.12178894e+02, 4.28127075e+02,
    8.83486389e+02, 4.11908112e+02, 8.65601929e+02, 4.11509674e+02,
    8.47995544e+02, 4.11081757e+02, 8.30166809e+02, 4.10526001e+02,
    8.12458008e+02, 4.09876282e+02, 8.83842224e+02, 3.93651459e+02,
    8.65996643e+02, 3.93270844e+02, 8.48441711e+02, 3.92791809e+02,
    8.30548401e+02, 3.92412964e+02, 8.12775635e+02, 3.91909515e+02,
    8.84376160e+02, 3.75553070e+02, 8.66433411e+02, 3.75142303e+02,
    8.48700134e+02, 3.74689514e+02, 8.30856079e+02, 3.74248718e+02,
    8.13109985e+02, 3.73689423e+02, 8.84673767e+02, 3.57158569e+02,
    8.66745605e+02, 3.56757996e+02, 8.49023071e+02, 3.56363708e+02,
    8.31249268e+02, 3.55956940e+02, 8.13297424e+02, 3.55509491e+02,
    8.85126099e+02, 3.38872162e+02, 8.67016968e+02, 3.38540466e+02,
    8.49320190e+02, 3.38175995e+02, 8.31493591e+02, 3.37735596e+02,
    8.13476868e+02, 3.37285736e+02 ]
