%YAML:1.0
---
points: [ 8.48834900e+02, 3.37291443e+02, 8.66613403e+02, 3.37707031e+02,
    8.84664673e+02, 3.38117767e+02, 9.02394470e+02, 3.38412506e+02,
    9.20450562e+02, 3.38735779e+02, 8.48614380e+02, 3.55556000e+02,
    8.66377686e+02, 3.55943146e+02, 8.84393066e+02, 3.56355194e+02,
    9.02072021e+02, 3.56649597e+02, 9.20078979e+02, 3.56999603e+02,
    8.48381409e+02, 3.73711212e+02, 8.66101318e+02, 3.74290894e+02,
    8.84039246e+02, 3.74668945e+02, 9.01679932e+02, 3.75036224e+02,
    9.19586121e+02, 3.75452087e+02, 8.48135315e+02, 3.91976196e+02,
    8.65710449e+02, 3.92440002e+02, 8.83590149e+02, 3.92781647e+02,
    9.01411621e+02, 3.93251892e+02, 9.19205566e+02, 3.93565216e+02,
    8.47711853e+02, 4.09951782e+02, 8.65405762e+02, 4.10546875e+02,
    8.83185608e+02, 4.11038940e+02, 9.01016479e+02, 4.11466858e+02,
    9.18693726e+02, 4.11815125e+02, 8.47410278e+02, 4.28199493e+02,
    8.65031860e+02, 4.28590881e+02, 8.82681763e+02, 4.29049683e+02,
    9.00550537e+02, 4.29481476e+02, 9.18267822e+02, 4.29898529e+02,
    8.47048523e+02, 4.46030121e+02, 8.64572876e+02, 4.46499573e+02,
    8.82233521e+02, 4.46888550e+02, 9.00153870e+02, 4.47500183e+02,
    9.17778015e+02, 4.48072327e+02 ]
