%YAML:1.0
---
points: [ 8.67268250e+02, 3.37173431e+02, 8.85283325e+02, 3.37597290e+02,
    9.03057190e+02, 3.37845520e+02, 9.21089111e+02, 3.38257751e+02,
    9.39028870e+02, 3.38550568e+02, 8.66934570e+02, 3.55442169e+02,
    8.84920715e+02, 3.55814056e+02, 9.02678589e+02, 3.56231995e+02,
    9.20684937e+02, 3.56506439e+02, 9.38553772e+02, 3.56816101e+02,
    8.66657654e+02, 3.73633453e+02, 8.84587402e+02, 3.74232178e+02,
    9.02357971e+02, 3.74530304e+02, 9.20279785e+02, 3.74942474e+02,
    9.38270996e+02, 3.75290070e+02, 8.66416931e+02, 3.91894073e+02,
    8.84294006e+02, 3.92383362e+02, 9.01982971e+02, 3.92678741e+02,
    9.19840149e+02, 3.93086151e+02, 9.37792114e+02, 3.93412476e+02,
    8.66049255e+02, 4.09894897e+02, 8.83818054e+02, 4.10456390e+02,
    9.01647583e+02, 4.10908081e+02, 9.19438171e+02, 4.11356598e+02,
    9.37380005e+02, 4.11708130e+02, 8.65632629e+02, 4.28166626e+02,
    8.83455261e+02, 4.28537140e+02, 9.01336060e+02, 4.28974884e+02,
    9.18991638e+02, 4.29445374e+02, 9.36841675e+02, 4.29804230e+02,
    8.65320679e+02, 4.46031189e+02, 8.82894043e+02, 4.46474823e+02,
    9.00827087e+02, 4.46881683e+02, 9.18493469e+02, 4.47463715e+02,
    9.36452454e+02, 4.47951508e+02 ]
