%YAML:1.0
---
points: [ 9.93086548e+02, 4.48004272e+02, 9.75177612e+02, 4.47477081e+02,
    9.57349609e+02, 4.46956238e+02, 9.39421814e+02, 4.46561432e+02,
    9.21722839e+02, 4.46160553e+02, 9.93582825e+02, 4.29763153e+02,
    9.75568970e+02, 4.29444214e+02, 9.57781372e+02, 4.28996735e+02,
    9.39851501e+02, 4.28611084e+02, 9.22259705e+02, 4.28282135e+02,
    9.94206238e+02, 4.11717468e+02, 9.76130798e+02, 4.11380402e+02,
    9.58324402e+02, 4.10972626e+02, 9.40327271e+02, 4.10522736e+02,
    9.22564758e+02, 4.10061005e+02, 9.94631531e+02, 3.93400970e+02,
    9.76480652e+02, 3.93121002e+02, 9.58659668e+02, 3.92693542e+02,
    9.40732422e+02, 3.92407318e+02, 9.22916504e+02, 3.91994232e+02,
    9.95182495e+02, 3.75230743e+02, 9.76898987e+02, 3.74899506e+02,
    9.59194092e+02, 3.74527618e+02, 9.41220032e+02, 3.74218384e+02,
    9.23338074e+02, 3.73718018e+02, 9.95575500e+02, 3.56740845e+02,
    9.77451294e+02, 3.56491241e+02, 9.59496521e+02, 3.56242584e+02,
    9.41609253e+02, 3.55805023e+02, 9.23592529e+02, 3.55522675e+02,
    9.96065857e+02, 3.38495209e+02, 9.77816101e+02, 3.38207336e+02,
    9.59903931e+02, 3.37853485e+02, 9.41931824e+02, 3.37602478e+02,
    9.23978943e+02, 3.37248535e+02 ]
