%YAML:1.0
---
points: [ 9.65605530e+02, 3.37053558e+02, 9.83604309e+02, 3.37377106e+02,
    1.00162573e+03, 3.37635559e+02, 1.01961969e+03, 3.37923126e+02,
    1.03792334e+03, 3.38193573e+02, 9.65317505e+02, 3.55405579e+02,
    9.83191345e+02, 3.55644104e+02, 1.00122699e+03, 3.56032928e+02,
    1.01919751e+03, 3.56248322e+02, 1.03744348e+03, 3.56493378e+02,
    9.64858582e+02, 3.73578125e+02, 9.82677002e+02, 3.74007385e+02,
    1.00072552e+03, 3.74444763e+02, 1.01863556e+03, 3.74635803e+02,
    1.03687012e+03, 3.74935608e+02, 9.64445435e+02, 3.91816467e+02,
    9.82264893e+02, 3.92235992e+02, 1.00034113e+03, 3.92573822e+02,
    1.01823267e+03, 3.92842651e+02, 1.03638379e+03, 3.93181244e+02,
    9.64066162e+02, 4.09862854e+02, 9.81725769e+02, 4.10373444e+02,
    9.99782593e+02, 4.10761688e+02, 1.01767334e+03, 4.11216370e+02,
    1.03576038e+03, 4.11531891e+02, 9.63552917e+02, 4.28166534e+02,
    9.81279602e+02, 4.28500641e+02, 9.99305542e+02, 4.28911011e+02,
    1.01723230e+03, 4.29284973e+02, 1.03518555e+03, 4.29616211e+02,
    9.63104736e+02, 4.46011200e+02, 9.80735474e+02, 4.46408356e+02,
    9.98645203e+02, 4.46787567e+02, 1.01662823e+03, 4.47344086e+02,
    1.03458533e+03, 4.47811157e+02 ]
