%YAML:1.0
---
points: [ 1.00360693e+03, 3.36928680e+02, 1.02162158e+03, 3.37337250e+02,
    1.03970837e+03, 3.37578308e+02, 1.05786084e+03, 3.37917419e+02,
    1.07605200e+03, 3.38189911e+02, 1.00313873e+03, 3.55317047e+02,
    1.02126678e+03, 3.55610413e+02, 1.03921143e+03, 3.55972198e+02,
    1.05734241e+03, 3.56276794e+02, 1.07542529e+03, 3.56502106e+02,
    1.00261749e+03, 3.73511414e+02, 1.02072375e+03, 3.73939117e+02,
    1.03867175e+03, 3.74394745e+02, 1.05667883e+03, 3.74642822e+02,
    1.07490234e+03, 3.74941193e+02, 1.00220343e+03, 3.91743927e+02,
    1.02013745e+03, 3.92173950e+02, 1.03822766e+03, 3.92503662e+02,
    1.05611157e+03, 3.92834442e+02, 1.07441309e+03, 3.93215027e+02,
    1.00164166e+03, 4.09782684e+02, 1.01953180e+03, 4.10322540e+02,
    1.03762122e+03, 4.10688416e+02, 1.05552649e+03, 4.11214539e+02,
    1.07371716e+03, 4.11526764e+02, 1.00121790e+03, 4.28053558e+02,
    1.01901001e+03, 4.28484100e+02, 1.03710327e+03, 4.28831482e+02,
    1.05492212e+03, 4.29221802e+02, 1.07317981e+03, 4.29628265e+02,
    1.00066321e+03, 4.45854675e+02, 1.01849011e+03, 4.46375275e+02,
    1.03646851e+03, 4.46776550e+02, 1.05439844e+03, 4.47296326e+02,
    1.07249255e+03, 4.47819702e+02 ]
