%YAML:1.0
---
points: [ 1.06298877e+03, 3.36917847e+02, 1.08094324e+03, 3.37329712e+02,
    1.09921582e+03, 3.37592926e+02, 1.11737061e+03, 3.37824127e+02,
    1.13563086e+03, 3.38207184e+02, 1.06237292e+03, 3.55333130e+02,
    1.08036316e+03, 3.55574982e+02, 1.09845630e+03, 3.55985718e+02,
    1.11668213e+03, 3.56271118e+02, 1.13488123e+03, 3.56435577e+02,
    1.06165991e+03, 3.73485352e+02, 1.07971387e+03, 3.73902954e+02,
    1.09775806e+03, 3.74351868e+02, 1.11606323e+03, 3.74646515e+02,
    1.13421594e+03, 3.74867828e+02, 1.06114795e+03, 3.91723389e+02,
    1.07920630e+03, 3.92162537e+02, 1.09717969e+03, 3.92495300e+02,
    1.11538574e+03, 3.92805145e+02, 1.13351648e+03, 3.93182068e+02,
    1.06048401e+03, 4.09729370e+02, 1.07853125e+03, 4.10281372e+02,
    1.09649902e+03, 4.10661591e+02, 1.11467664e+03, 4.11176422e+02,
    1.13289478e+03, 4.11518555e+02, 1.05989929e+03, 4.28022644e+02,
    1.07786987e+03, 4.28466339e+02, 1.09589575e+03, 4.28779205e+02,
    1.11395557e+03, 4.29253510e+02, 1.13228955e+03, 4.29612671e+02,
    1.05938794e+03, 4.45843262e+02, 1.07723047e+03, 4.46349213e+02,
    1.09531531e+03, 4.46743103e+02, 1.11329797e+03, 4.47292328e+02,
    1.13158643e+03, 4.47777985e+02 ]
