%YAML:1.0
---
points: [ 1.11779004e+03, 3.36810883e+02, 1.13610254e+03, 3.37244812e+02,
    1.15429065e+03, 3.37540375e+02, 1.17255981e+03, 3.37769287e+02,
    1.19098718e+03, 3.38085571e+02, 1.11725049e+03, 3.55233948e+02,
    1.13527454e+03, 3.55522675e+02, 1.15350793e+03, 3.55913147e+02,
    1.17170117e+03, 3.56229218e+02, 1.19032178e+03, 3.56402313e+02,
    1.11653003e+03, 3.73444275e+02, 1.13449170e+03, 3.73887299e+02,
    1.15280139e+03, 3.74287903e+02, 1.17092407e+03, 3.74624420e+02,
    1.18947070e+03, 3.74858856e+02, 1.11581482e+03, 3.91726196e+02,
    1.13382935e+03, 3.92162537e+02, 1.15212500e+03, 3.92480347e+02,
    1.17028113e+03, 3.92777313e+02, 1.18870825e+03, 3.93215698e+02,
    1.11516919e+03, 4.09730164e+02, 1.13316650e+03, 4.10301117e+02,
    1.15129822e+03, 4.10705322e+02, 1.16951245e+03, 4.11217041e+02,
    1.18775488e+03, 4.11555969e+02, 1.11443616e+03, 4.28075806e+02,
    1.13246460e+03, 4.28499512e+02, 1.15049329e+03, 4.28845825e+02,
    1.16876038e+03, 4.29332611e+02, 1.18705615e+03, 4.29640167e+02,
    1.11366821e+03, 4.45862396e+02, 1.13174500e+03, 4.46386475e+02,
    1.14979431e+03, 4.46795166e+02, 1.16809460e+03, 4.47401398e+02,
    1.18632471e+03, 4.47833466e+02 ]
