%YAML:1.0
---
points: [ 1.16560205e+03, 3.36902618e+02, 1.18390039e+03, 3.37371887e+02,
    1.20226123e+03, 3.37589813e+02, 1.22059668e+03, 3.37851440e+02,
    1.23902075e+03, 3.38101044e+02, 1.16484705e+03, 3.55336700e+02,
    1.18310156e+03, 3.55626007e+02, 1.20137195e+03, 3.55960052e+02,
    1.21963245e+03, 3.56284851e+02, 1.23817773e+03, 3.56435211e+02,
    1.16425391e+03, 3.73508759e+02, 1.18226404e+03, 3.73957764e+02,
    1.20059204e+03, 3.74372742e+02, 1.21875000e+03, 3.74647247e+02,
    1.23738953e+03, 3.74839905e+02, 1.16353064e+03, 3.91745239e+02,
    1.18145288e+03, 3.92241974e+02, 1.19975171e+03, 3.92498932e+02,
    1.21792786e+03, 3.92810608e+02, 1.23652502e+03, 3.93180328e+02,
    1.16271667e+03, 4.09758209e+02, 1.18068945e+03, 4.10265320e+02,
    1.19904297e+03, 4.10682678e+02, 1.21725232e+03, 4.11149353e+02,
    1.23564160e+03, 4.11515564e+02, 1.16191064e+03, 4.27995911e+02,
    1.18006213e+03, 4.28459656e+02, 1.19818079e+03, 4.28779694e+02,
    1.21646472e+03, 4.29279388e+02, 1.23474243e+03, 4.29562866e+02,
    1.16121619e+03, 4.45827271e+02, 1.17935828e+03, 4.46344482e+02,
    1.19738306e+03, 4.46710449e+02, 1.21568494e+03, 4.47229736e+02,
    1.23402917e+03, 4.47732635e+02 ]
