%YAML:1.0
---
points: [ 1.19379529e+03, 3.37145966e+02, 1.21209937e+03, 3.37403625e+02,
    1.23040027e+03, 3.37644836e+02, 1.24877551e+03, 3.37880920e+02,
    1.26734009e+03, 3.38170776e+02, 1.19280676e+03, 3.55368591e+02,
    1.21123596e+03, 3.55651917e+02, 1.22937354e+03, 3.56062042e+02,
    1.24784143e+03, 3.56279480e+02, 1.26634985e+03, 3.56439240e+02,
    1.19211316e+03, 3.73543060e+02, 1.21043665e+03, 3.74079254e+02,
    1.22857483e+03, 3.74389343e+02, 1.24697583e+03, 3.74665100e+02,
    1.26545984e+03, 3.74820892e+02, 1.19132703e+03, 3.91771149e+02,
    1.20949048e+03, 3.92225586e+02, 1.22771826e+03, 3.92522003e+02,
    1.24611731e+03, 3.92797119e+02, 1.26457751e+03, 3.93140411e+02,
    1.19057910e+03, 4.09773956e+02, 1.20867981e+03, 4.10340942e+02,
    1.22704175e+03, 4.10685272e+02, 1.24524304e+03, 4.11150177e+02,
    1.26371460e+03, 4.11472931e+02, 1.18989441e+03, 4.28050507e+02,
    1.20781250e+03, 4.28488373e+02, 1.22626111e+03, 4.28759552e+02,
    1.24438940e+03, 4.29258331e+02, 1.26290369e+03, 4.29560455e+02,
    1.18914526e+03, 4.45821747e+02, 1.20723596e+03, 4.46346802e+02,
    1.22543506e+03, 4.46704468e+02, 1.24364172e+03, 4.47170715e+02,
    1.26215393e+03, 4.47685120e+02 ]
