%YAML:1.0
---
points: [ 1.25366589e+03, 3.36610443e+02, 1.27190796e+03, 3.37024445e+02,
    1.29049219e+03, 3.37321777e+02, 1.30896436e+03, 3.37503815e+02,
    1.32774451e+03, 3.37639282e+02, 1.25277539e+03, 3.55088776e+02,
    1.27097278e+03, 3.55434479e+02, 1.28952979e+03, 3.55620331e+02,
    1.30803918e+03, 3.55814423e+02, 1.32681250e+03, 3.56132172e+02,
    1.25179822e+03, 3.73295258e+02, 1.27007178e+03, 3.73624023e+02,
    1.28852087e+03, 3.73965057e+02, 1.30704858e+03, 3.74280396e+02,
    1.32572888e+03, 3.74549500e+02, 1.25085327e+03, 3.91591370e+02,
    1.26930920e+03, 3.91879669e+02, 1.28756543e+03, 3.92295593e+02,
    1.30626318e+03, 3.92494720e+02, 1.32478137e+03, 3.92767334e+02,
    1.25006787e+03, 4.09612732e+02, 1.26840051e+03, 4.10005432e+02,
    1.28659131e+03, 4.10464081e+02, 1.30526392e+03, 4.10783173e+02,
    1.32370862e+03, 4.11194458e+02, 1.24928101e+03, 4.27867157e+02,
    1.26751208e+03, 4.28342133e+02, 1.28582727e+03, 4.28597809e+02,
    1.30439673e+03, 4.28924805e+02, 1.32293103e+03, 4.29323334e+02,
    1.24848389e+03, 4.45724030e+02, 1.26661462e+03, 4.46188568e+02,
    1.28498376e+03, 4.46532318e+02, 1.30340955e+03, 4.46934570e+02,
    1.32204456e+03, 4.47431335e+02 ]
