%YAML:1.0
---
points: [ 1.31100769e+03, 3.36270721e+02, 1.32941235e+03, 3.36575531e+02,
    1.34822266e+03, 3.36758728e+02, 1.36676855e+03, 3.37076904e+02,
    1.38558643e+03, 3.37295319e+02, 1.30994446e+03, 3.54717316e+02,
    1.32839673e+03, 3.55123291e+02, 1.34709802e+03, 3.55331268e+02,
    1.36556262e+03, 3.55487701e+02, 1.38456726e+03, 3.55650269e+02,
    1.30882593e+03, 3.73050629e+02, 1.32736670e+03, 3.73358124e+02,
    1.34586731e+03, 3.73626190e+02, 1.36461475e+03, 3.73980713e+02,
    1.38357214e+03, 3.74240021e+02, 1.30798730e+03, 3.91419800e+02,
    1.32652173e+03, 3.91651337e+02, 1.34492761e+03, 3.91995148e+02,
    1.36357751e+03, 3.92354034e+02, 1.38235498e+03, 3.92549744e+02,
    1.30701929e+03, 4.09498840e+02, 1.32540234e+03, 4.09874634e+02,
    1.34392456e+03, 4.10230438e+02, 1.36263794e+03, 4.10530487e+02,
    1.38141199e+03, 4.10933105e+02, 1.30627197e+03, 4.27804474e+02,
    1.32449536e+03, 4.28234558e+02, 1.34313684e+03, 4.28511230e+02,
    1.36164990e+03, 4.28727356e+02, 1.38046143e+03, 4.29176666e+02,
    1.30538281e+03, 4.45709534e+02, 1.32357190e+03, 4.46144012e+02,
    1.34224512e+03, 4.46478363e+02, 1.36066431e+03, 4.46842590e+02,
    1.37957556e+03, 4.47340851e+02 ]
