%YAML:1.0
---
points: [ 1.37415283e+03, 3.36134064e+02, 1.39250488e+03, 3.36447205e+02,
    1.41142664e+03, 3.36724701e+02, 1.43006665e+03, 3.37030731e+02,
    1.44915918e+03, 3.37311340e+02, 1.37293982e+03, 3.54630402e+02,
    1.39140869e+03, 3.54843353e+02, 1.41018713e+03, 3.55258575e+02,
    1.42873865e+03, 3.55497101e+02, 1.44792480e+03, 3.55654755e+02,
    1.37165198e+03, 3.72762054e+02, 1.39032898e+03, 3.73233490e+02,
    1.40885645e+03, 3.73488892e+02, 1.42776038e+03, 3.73832764e+02,
    1.44669824e+03, 3.74258057e+02, 1.37060583e+03, 3.91289948e+02,
    1.38931104e+03, 3.91566986e+02, 1.40775769e+03, 3.91879517e+02,
    1.42659424e+03, 3.92290680e+02, 1.44554297e+03, 3.92506500e+02,
    1.36960376e+03, 4.09384125e+02, 1.38805383e+03, 4.09737946e+02,
    1.40664575e+03, 4.10110382e+02, 1.42554797e+03, 4.10487823e+02,
    1.44441455e+03, 4.10890137e+02, 1.36865479e+03, 4.27619751e+02,
    1.38702478e+03, 4.27993958e+02, 1.40573608e+03, 4.28387177e+02,
    1.42446216e+03, 4.28650787e+02, 1.44334155e+03, 4.29159607e+02,
    1.36760449e+03, 4.45510956e+02, 1.38601208e+03, 4.46007538e+02,
    1.40469421e+03, 4.46406219e+02, 1.42345471e+03, 4.46813568e+02,
    1.44242725e+03, 4.47252258e+02 ]
