%YAML:1.0
---
points: [ 1.43158594e+03, 3.36188324e+02, 1.45009851e+03, 3.36500793e+02,
    1.46911536e+03, 3.36811462e+02, 1.48788867e+03, 3.37095795e+02,
    1.50692993e+03, 3.37427277e+02, 1.43025830e+03, 3.54659821e+02,
    1.44881738e+03, 3.54925262e+02, 1.46774646e+03, 3.55325806e+02,
    1.48651611e+03, 3.55540070e+02, 1.50576697e+03, 3.55809937e+02,
    1.42890430e+03, 3.72804108e+02, 1.44771667e+03, 3.73248810e+02,
    1.46639478e+03, 3.73560852e+02, 1.48526489e+03, 3.74008911e+02,
    1.50448108e+03, 3.74336884e+02, 1.42784961e+03, 3.91288361e+02,
    1.44647070e+03, 3.91582031e+02, 1.46510742e+03, 3.91897186e+02,
    1.48414954e+03, 3.92349915e+02, 1.50311255e+03, 3.92623260e+02,
    1.42669238e+03, 4.09351166e+02, 1.44521008e+03, 4.09761658e+02,
    1.46406116e+03, 4.10163666e+02, 1.48296973e+03, 4.10581360e+02,
    1.50180322e+03, 4.11007050e+02, 1.42565515e+03, 4.27607697e+02,
    1.44418311e+03, 4.28029053e+02, 1.46294299e+03, 4.28444458e+02,
    1.48161731e+03, 4.28739258e+02, 1.50081921e+03, 4.29244965e+02,
    1.42446362e+03, 4.45531372e+02, 1.44305725e+03, 4.46033112e+02,
    1.46179199e+03, 4.46425201e+02, 1.48067798e+03, 4.46866699e+02,
    1.49974536e+03, 4.47396210e+02 ]
