%YAML:1.0
---
points: [ 1.50685327e+03, 3.36540741e+02, 1.52553430e+03, 3.36984680e+02,
    1.54433972e+03, 3.37402771e+02, 1.56328564e+03, 3.37695709e+02,
    1.58219751e+03, 3.37879181e+02, 1.50558215e+03, 3.54897339e+02,
    1.52408704e+03, 3.55359375e+02, 1.54299316e+03, 3.55663605e+02,
    1.56172009e+03, 3.56057312e+02, 1.58072510e+03, 3.56320648e+02,
    1.50436450e+03, 3.73110901e+02, 1.52288330e+03, 3.73559631e+02,
    1.54161487e+03, 3.74048035e+02, 1.56031079e+03, 3.74435974e+02,
    1.57954211e+03, 3.74709991e+02, 1.50304919e+03, 3.91415222e+02,
    1.52163916e+03, 3.91721100e+02, 1.54028101e+03, 3.92270355e+02,
    1.55921265e+03, 3.92559509e+02, 1.57835754e+03, 3.93062378e+02,
    1.50166248e+03, 4.09449921e+02, 1.52044250e+03, 4.09954437e+02,
    1.53906860e+03, 4.10382141e+02, 1.55810425e+03, 4.10871643e+02,
    1.57679456e+03, 4.11354156e+02, 1.50068555e+03, 4.27715607e+02,
    1.51927185e+03, 4.28205444e+02, 1.53804919e+03, 4.28556335e+02,
    1.55674890e+03, 4.28922028e+02, 1.57571814e+03, 4.29400208e+02,
    1.49966663e+03, 4.45528717e+02, 1.51811267e+03, 4.46044861e+02,
    1.53692102e+03, 4.46479126e+02, 1.55562097e+03, 4.46911346e+02,
    1.57460156e+03, 4.47503632e+02 ]
