%YAML:1.0
---
points: [ 1.58499634e+03, 3.36224365e+02, 1.60351367e+03, 3.36647675e+02,
    1.62222827e+03, 3.37054474e+02, 1.64105713e+03, 3.37371704e+02,
    1.65988757e+03, 3.37667114e+02, 1.58368311e+03, 3.54683411e+02,
    1.60201221e+03, 3.55031708e+02, 1.62076599e+03, 3.55381317e+02,
    1.63948730e+03, 3.55608368e+02, 1.65870972e+03, 3.56080170e+02,
    1.58232446e+03, 3.72810577e+02, 1.60076367e+03, 3.73240540e+02,
    1.61951062e+03, 3.73621674e+02, 1.63825623e+03, 3.74062073e+02,
    1.65742957e+03, 3.74418762e+02, 1.58095728e+03, 3.91247894e+02,
    1.59956177e+03, 3.91543915e+02, 1.61820544e+03, 3.91893677e+02,
    1.63715540e+03, 3.92348907e+02, 1.65598596e+03, 3.92619141e+02,
    1.57975854e+03, 4.09284698e+02, 1.59838037e+03, 4.09647095e+02,
    1.61712903e+03, 4.10007690e+02, 1.63592761e+03, 4.10500031e+02,
    1.65466248e+03, 4.10899597e+02, 1.57874939e+03, 4.27470276e+02,
    1.59721887e+03, 4.27825836e+02, 1.61602185e+03, 4.28338348e+02,
    1.63458838e+03, 4.28573242e+02, 1.65377722e+03, 4.29112915e+02,
    1.57753760e+03, 4.45423584e+02, 1.59612024e+03, 4.45774628e+02,
    1.61486426e+03, 4.46283752e+02, 1.63371960e+03, 4.46658112e+02,
    1.65260693e+03, 4.47105225e+02 ]
