%YAML:1.0
---
points: [ 1.67564014e+03, 3.35786194e+02, 1.69454016e+03, 3.36091675e+02,
    1.71327808e+03, 3.36419159e+02, 1.73235669e+03, 3.36647125e+02,
    1.75147095e+03, 3.36971405e+02, 1.67433716e+03, 3.54385040e+02,
    1.69279773e+03, 3.54590393e+02, 1.71179578e+03, 3.54796692e+02,
    1.73078149e+03, 3.55137238e+02, 1.74998303e+03, 3.55378326e+02,
    1.67283582e+03, 3.72558777e+02, 1.69145447e+03, 3.72881561e+02,
    1.71049011e+03, 3.73199829e+02, 1.72932690e+03, 3.73481476e+02,
    1.74861401e+03, 3.73751892e+02, 1.67139648e+03, 3.90939087e+02,
    1.69034595e+03, 3.91333954e+02, 1.70911548e+03, 3.91576447e+02,
    1.72808276e+03, 3.91807068e+02, 1.74730713e+03, 3.92206665e+02,
    1.67022351e+03, 4.09091827e+02, 1.68912671e+03, 4.09422791e+02,
    1.70774609e+03, 4.09718506e+02, 1.72686780e+03, 4.09975433e+02,
    1.74596851e+03, 4.10407501e+02, 1.66914075e+03, 4.27342194e+02,
    1.68764771e+03, 4.27686920e+02, 1.70663623e+03, 4.28033356e+02,
    1.72562427e+03, 4.28434784e+02, 1.74480322e+03, 4.28654144e+02,
    1.66784705e+03, 4.45363861e+02, 1.68656506e+03, 4.45651733e+02,
    1.70556226e+03, 4.46145355e+02, 1.72458398e+03, 4.46449768e+02,
    1.74354810e+03, 4.46710052e+02 ]
