%YAML:1.0
---
points: [ 1.73419910e+03, 3.35856445e+02, 1.75313708e+03, 3.36134125e+02,
    1.77210474e+03, 3.36446533e+02, 1.79106226e+03, 3.36691040e+02,
    1.81051660e+03, 3.36983704e+02, 1.73277075e+03, 3.54348877e+02,
    1.75144543e+03, 3.54587402e+02, 1.77035986e+03, 3.54867737e+02,
    1.78955005e+03, 3.55210693e+02, 1.80893115e+03, 3.55440094e+02,
    1.73129358e+03, 3.72484283e+02, 1.74995837e+03, 3.72830261e+02,
    1.76910400e+03, 3.73124268e+02, 1.78815869e+03, 3.73488617e+02,
    1.80743701e+03, 3.73819061e+02, 1.72983777e+03, 3.90884613e+02,
    1.74858545e+03, 3.91266418e+02, 1.76771497e+03, 3.91532257e+02,
    1.78663611e+03, 3.91778412e+02, 1.80600122e+03, 3.92204895e+02,
    1.72841577e+03, 4.08962250e+02, 1.74727722e+03, 4.09339996e+02,
    1.76628369e+03, 4.09672455e+02, 1.78547620e+03, 4.09997314e+02,
    1.80471387e+03, 4.10436554e+02, 1.72716577e+03, 4.27208130e+02,
    1.74606787e+03, 4.27596252e+02, 1.76503113e+03, 4.27947266e+02,
    1.78430847e+03, 4.28371124e+02, 1.80348413e+03, 4.28628540e+02,
    1.72604102e+03, 4.45249390e+02, 1.74478320e+03, 4.45533081e+02,
    1.76383728e+03, 4.45935181e+02, 1.78309875e+03, 4.46332123e+02,
    1.80226111e+03, 4.46724060e+02 ]
