%YAML:1.0
---
points: [ 1.78617371e+03, 3.35704041e+02, 1.80501245e+03, 3.36144043e+02,
    1.82367407e+03, 3.36494171e+02, 1.84287415e+03, 3.36781372e+02,
    1.86216699e+03, 3.37288422e+02, 1.78456836e+03, 3.54278687e+02,
    1.80321936e+03, 3.54557404e+02, 1.82218481e+03, 3.54854706e+02,
    1.84135510e+03, 3.55294342e+02, 1.86048254e+03, 3.55576416e+02,
    1.78288989e+03, 3.72376373e+02, 1.80172510e+03, 3.72761810e+02,
    1.82071057e+03, 3.73140045e+02, 1.83955872e+03, 3.73557556e+02,
    1.85904041e+03, 3.74005707e+02, 1.78143604e+03, 3.90771057e+02,
    1.80029089e+03, 3.91202698e+02, 1.81907446e+03, 3.91528748e+02,
    1.83823462e+03, 3.91869568e+02, 1.85769617e+03, 3.92308777e+02,
    1.78003894e+03, 4.08802948e+02, 1.79887048e+03, 4.09297150e+02,
    1.81764624e+03, 4.09671600e+02, 1.83697791e+03, 4.10061737e+02,
    1.85612744e+03, 4.10578064e+02, 1.77877698e+03, 4.27089569e+02,
    1.79738806e+03, 4.27572632e+02, 1.81650073e+03, 4.27955017e+02,
    1.83552844e+03, 4.28426453e+02, 1.85476367e+03, 4.28721191e+02,
    1.77739990e+03, 4.45194122e+02, 1.79619824e+03, 4.45455414e+02,
    1.81537073e+03, 4.45885040e+02, 1.83423889e+03, 4.46392975e+02,
    1.85351819e+03, 4.46780975e+02 ]
