%YAML:1.0
---
points: [ 1.83191895e+03, 3.36102203e+02, 1.85046973e+03, 3.36544952e+02,
    1.86933801e+03, 3.37078613e+02, 1.88832544e+03, 3.37459259e+02,
    1.90735022e+03, 3.37764709e+02, 1.83033850e+03, 3.54529236e+02,
    1.84872595e+03, 3.54853790e+02, 1.86771204e+03, 3.55361694e+02,
    1.88647388e+03, 3.55672028e+02, 1.90585327e+03, 3.56090393e+02,
    1.82855334e+03, 3.72608917e+02, 1.84734656e+03, 3.73079010e+02,
    1.86603271e+03, 3.73520935e+02, 1.88495093e+03, 3.73930573e+02,
    1.90424915e+03, 3.74476318e+02, 1.82720801e+03, 3.90983948e+02,
    1.84576550e+03, 3.91409363e+02, 1.86456165e+03, 3.91742981e+02,
    1.88351440e+03, 3.92282898e+02, 1.90272144e+03, 3.92605652e+02,
    1.82575012e+03, 4.09002258e+02, 1.84425696e+03, 4.09458099e+02,
    1.86330029e+03, 4.09859436e+02, 1.88217529e+03, 4.10419128e+02,
    1.90133301e+03, 4.10931274e+02, 1.82425879e+03, 4.27191925e+02,
    1.84308203e+03, 4.27611267e+02, 1.86190198e+03, 4.28131226e+02,
    1.88072363e+03, 4.28573486e+02, 1.89994360e+03, 4.28957336e+02,
    1.82295691e+03, 4.45182648e+02, 1.84185352e+03, 4.45503540e+02,
    1.86048474e+03, 4.46055756e+02, 1.87960632e+03, 4.46529755e+02,
    1.89859070e+03, 4.47018677e+02 ]
