%YAML:1.0
---
points: [ 1.90633130e+03, 4.45531921e+02, 1.88721191e+03, 4.45913361e+02,
    1.86845398e+03, 4.46227539e+02, 1.84948145e+03, 4.46489624e+02,
    1.83097607e+03, 4.46778351e+02, 1.90670728e+03, 4.27561462e+02,
    1.88766052e+03, 4.27917877e+02, 1.86880835e+03, 4.28281494e+02,
    1.84986658e+03, 4.28567169e+02, 1.83148865e+03, 4.28766968e+02,
    1.90726245e+03, 4.09345154e+02, 1.88820996e+03, 4.09640259e+02,
    1.86933057e+03, 4.10011810e+02, 1.85046240e+03, 4.10422882e+02,
    1.83202783e+03, 4.10782288e+02, 1.90779102e+03, 3.91255707e+02,
    1.88871448e+03, 3.91548859e+02, 1.86981006e+03, 3.91875488e+02,
    1.85115515e+03, 3.92327911e+02, 1.83259656e+03, 3.92553802e+02,
    1.90843103e+03, 3.72828400e+02, 1.88952234e+03, 3.73260651e+02,
    1.87046899e+03, 3.73654785e+02, 1.85183557e+03, 3.74183075e+02,
    1.83330396e+03, 3.74455627e+02, 1.90931592e+03, 3.54584534e+02,
    1.89018530e+03, 3.55028595e+02, 1.87126099e+03, 3.55447388e+02,
    1.85257971e+03, 3.55752563e+02, 1.83399719e+03, 3.56158936e+02,
    1.91014978e+03, 3.36150787e+02, 1.89107239e+03, 3.36699188e+02,
    1.87216235e+03, 3.37215973e+02, 1.85347705e+03, 3.37547943e+02,
    1.83471411e+03, 3.37900421e+02 ]
