%YAML:1.0
---
points: [ 1.90746155e+03, 4.45519379e+02, 1.88849414e+03, 4.45786072e+02,
    1.86955676e+03, 4.46142212e+02, 1.85067822e+03, 4.46461914e+02,
    1.83218079e+03, 4.46730621e+02, 1.90785669e+03, 4.27557465e+02,
    1.88891248e+03, 4.27883728e+02, 1.86988574e+03, 4.28233612e+02,
    1.85119202e+03, 4.28526031e+02, 1.83253845e+03, 4.28738037e+02,
    1.90836169e+03, 4.09303619e+02, 1.88943042e+03, 4.09602081e+02,
    1.87039404e+03, 4.09986786e+02, 1.85162622e+03, 4.10385742e+02,
    1.83302930e+03, 4.10739441e+02, 1.90913684e+03, 3.91263611e+02,
    1.88984009e+03, 3.91565125e+02, 1.87096167e+03, 3.91840942e+02,
    1.85236792e+03, 3.92300446e+02, 1.83365833e+03, 3.92556396e+02,
    1.90968164e+03, 3.72770172e+02, 1.89054102e+03, 3.73285065e+02,
    1.87150232e+03, 3.73622437e+02, 1.85288025e+03, 3.74139313e+02,
    1.83428406e+03, 3.74439667e+02, 1.91044006e+03, 3.54600616e+02,
    1.89129932e+03, 3.55057281e+02, 1.87241174e+03, 3.55453094e+02,
    1.85356287e+03, 3.55781616e+02, 1.83504675e+03, 3.56230347e+02,
    1.91129175e+03, 3.36182831e+02, 1.89210217e+03, 3.36659363e+02,
    1.87333081e+03, 3.37236938e+02, 1.85438770e+03, 3.37580933e+02,
    1.83583862e+03, 3.37822601e+02 ]
