%YAML:1.0
---
points: [ 1.84465027e+03, 4.29055542e+02, 1.86182166e+03, 4.29002228e+02,
    1.87904858e+03, 4.29114594e+02, 1.89621851e+03, 4.29077454e+02,
    1.91335522e+03, 4.29127930e+02, 1.84385901e+03, 4.46925385e+02,
    1.86068750e+03, 4.46927521e+02, 1.87808374e+03, 4.46941681e+02,
    1.89528333e+03, 4.46912354e+02, 1.91267725e+03, 4.46872894e+02,
    1.84298901e+03, 4.65137268e+02, 1.85991431e+03, 4.65159882e+02,
    1.87727893e+03, 4.65131744e+02, 1.89456128e+03, 4.65113159e+02,
    1.91176025e+03, 4.65034180e+02, 1.84248657e+03, 4.83082123e+02,
    1.85937793e+03, 4.83025665e+02, 1.87647461e+03, 4.82920959e+02,
    1.89366968e+03, 4.82973297e+02, 1.91128894e+03, 4.82862640e+02,
    1.84168433e+03, 5.01113525e+02, 1.85883740e+03, 5.01142822e+02,
    1.87578577e+03, 5.01021820e+02, 1.89312012e+03, 5.01009766e+02,
    1.91052734e+03, 5.00883087e+02, 1.84125073e+03, 5.19035583e+02,
    1.85831702e+03, 5.18886047e+02, 1.87542810e+03, 5.18849854e+02,
    1.89259094e+03, 5.18740417e+02, 1.91006006e+03, 5.18718628e+02,
    1.84060413e+03, 5.36909424e+02, 1.85782751e+03, 5.36814514e+02,
    1.87488000e+03, 5.36731628e+02, 1.89217395e+03, 5.36683228e+02,
    1.90956018e+03, 5.36492981e+02 ]
