%YAML:1.0
---
points: [ 1.90557019e+03, 5.46558716e+02, 1.88735339e+03, 5.46726746e+02,
    1.86939697e+03, 5.47027649e+02, 1.85133179e+03, 5.47274292e+02,
    1.83344531e+03, 5.47553162e+02, 1.90612659e+03, 5.28705322e+02,
    1.88771289e+03, 5.28904297e+02, 1.86966650e+03, 5.29204346e+02,
    1.85164624e+03, 5.29350037e+02, 1.83380762e+03, 5.29528259e+02,
    1.90643127e+03, 5.10764069e+02, 1.88818042e+03, 5.11089935e+02,
    1.86993408e+03, 5.11332550e+02, 1.85223706e+03, 5.11559296e+02,
    1.83430579e+03, 5.11754456e+02, 1.90685278e+03, 4.92704865e+02,
    1.88859290e+03, 4.93075867e+02, 1.87058447e+03, 4.93265381e+02,
    1.85267847e+03, 4.93451019e+02, 1.83477856e+03, 4.93710876e+02,
    1.90746582e+03, 4.74836578e+02, 1.88929834e+03, 4.75147736e+02,
    1.87112695e+03, 4.75335693e+02, 1.85328210e+03, 4.75579926e+02,
    1.83548364e+03, 4.75678894e+02, 1.90794543e+03, 4.56655243e+02,
    1.88980298e+03, 4.56890472e+02, 1.87175183e+03, 4.57143585e+02,
    1.85380334e+03, 4.57410034e+02, 1.83616833e+03, 4.57669647e+02,
    1.90871765e+03, 4.38693726e+02, 1.89069836e+03, 4.38939911e+02,
    1.87263428e+03, 4.39257355e+02, 1.85464734e+03, 4.39475098e+02,
    1.83692834e+03, 4.39667114e+02 ]
