%YAML:1.0
---
points: [ 1.91156909e+03, 5.44518372e+02, 1.89453223e+03, 5.45710327e+02,
    1.87730835e+03, 5.46739502e+02, 1.86007568e+03, 5.48147949e+02,
    1.84322644e+03, 5.49278931e+02, 1.91126013e+03, 5.26777222e+02,
    1.89392969e+03, 5.27890686e+02, 1.87665747e+03, 5.29039551e+02,
    1.85956519e+03, 5.30149963e+02, 1.84271802e+03, 5.31266296e+02,
    1.91075391e+03, 5.08769989e+02, 1.89346521e+03, 5.10018982e+02,
    1.87627209e+03, 5.11309753e+02, 1.85931873e+03, 5.12340759e+02,
    1.84241943e+03, 5.13403931e+02, 1.91046411e+03, 4.90999756e+02,
    1.89296228e+03, 4.92153931e+02, 1.87588892e+03, 4.93138275e+02,
    1.85897534e+03, 4.94343445e+02, 1.84218188e+03, 4.95507599e+02,
    1.91011780e+03, 4.72995941e+02, 1.89280566e+03, 4.74159027e+02,
    1.87564722e+03, 4.75375610e+02, 1.85869788e+03, 4.76352386e+02,
    1.84183850e+03, 4.77396210e+02, 1.90992126e+03, 4.54950165e+02,
    1.89259961e+03, 4.56139160e+02, 1.87551477e+03, 4.57126099e+02,
    1.85857239e+03, 4.58379517e+02, 1.84171265e+03, 4.59436310e+02,
    1.90982837e+03, 4.37227173e+02, 1.89265845e+03, 4.38287964e+02,
    1.87551978e+03, 4.39318420e+02, 1.85859265e+03, 4.40234253e+02,
    1.84167615e+03, 4.41362579e+02 ]
