%YAML:1.0
---
points: [ 1.89674109e+03, 5.44694641e+02, 1.87972632e+03, 5.45806763e+02,
    1.86272168e+03, 5.47003784e+02, 1.84560217e+03, 5.48261047e+02,
    1.82858337e+03, 5.49410645e+02, 1.89645435e+03, 5.26919495e+02,
    1.87938989e+03, 5.28019592e+02, 1.86225342e+03, 5.29108459e+02,
    1.84501514e+03, 5.30260803e+02, 1.82822485e+03, 5.31411072e+02,
    1.89612854e+03, 5.08815552e+02, 1.87886316e+03, 5.10107025e+02,
    1.86164795e+03, 5.11375000e+02, 1.84457141e+03, 5.12408081e+02,
    1.82775085e+03, 5.13476868e+02, 1.89575488e+03, 4.91086182e+02,
    1.87854028e+03, 4.92168640e+02, 1.86138708e+03, 4.93211731e+02,
    1.84432935e+03, 4.94413483e+02, 1.82757166e+03, 4.95559387e+02,
    1.89551489e+03, 4.72982208e+02, 1.87830652e+03, 4.74215973e+02,
    1.86104321e+03, 4.75365967e+02, 1.84414783e+03, 4.76393463e+02,
    1.82738745e+03, 4.77446594e+02, 1.89537524e+03, 4.55047974e+02,
    1.87813904e+03, 4.56046478e+02, 1.86088623e+03, 4.57090179e+02,
    1.84393237e+03, 4.58402710e+02, 1.82727222e+03, 4.59376282e+02,
    1.89524719e+03, 4.37219910e+02, 1.87819983e+03, 4.38190674e+02,
    1.86098315e+03, 4.39284271e+02, 1.84400049e+03, 4.40175842e+02,
    1.82727844e+03, 4.41355927e+02 ]
