%YAML:1.0
---
points: [ 1.83101428e+03, 5.46071899e+02, 1.81287708e+03, 5.46648987e+02,
    1.79525427e+03, 5.47383484e+02, 1.77730322e+03, 5.48073975e+02,
    1.75957227e+03, 5.48717407e+02, 1.83112402e+03, 5.28262634e+02,
    1.81296033e+03, 5.28766418e+02, 1.79518677e+03, 5.29412476e+02,
    1.77726453e+03, 5.30060730e+02, 1.75964807e+03, 5.30604492e+02,
    1.83118384e+03, 5.10201843e+02, 1.81295532e+03, 5.10847198e+02,
    1.79526404e+03, 5.11546661e+02, 1.77735828e+03, 5.12202026e+02,
    1.75969592e+03, 5.12699951e+02, 1.83141431e+03, 4.92224945e+02,
    1.81316553e+03, 4.92734283e+02, 1.79544641e+03, 4.93381744e+02,
    1.77750195e+03, 4.94003876e+02, 1.75987073e+03, 4.94748383e+02,
    1.83157068e+03, 4.74144348e+02, 1.81337439e+03, 4.74760590e+02,
    1.79560388e+03, 4.75385864e+02, 1.77774719e+03, 4.76047699e+02,
    1.76007922e+03, 4.76583313e+02, 1.83192590e+03, 4.55911804e+02,
    1.81363708e+03, 4.56515350e+02, 1.79581860e+03, 4.57200134e+02,
    1.77819641e+03, 4.57836395e+02, 1.76043750e+03, 4.58578949e+02,
    1.83234583e+03, 4.37994019e+02, 1.81419299e+03, 4.38536804e+02,
    1.79632178e+03, 4.39237671e+02, 1.77859546e+03, 4.39737488e+02,
    1.76075867e+03, 4.40353149e+02 ]
