%YAML:1.0
---
points: [ 1.77941626e+03, 5.46110962e+02, 1.76166785e+03, 5.46715515e+02,
    1.74389905e+03, 5.47426941e+02, 1.72640454e+03, 5.48215210e+02,
    1.70873474e+03, 5.48866882e+02, 1.77941064e+03, 5.28246338e+02,
    1.76161780e+03, 5.28790405e+02, 1.74376025e+03, 5.29438599e+02,
    1.72635071e+03, 5.30182007e+02, 1.70871716e+03, 5.30749390e+02,
    1.77943604e+03, 5.10169586e+02, 1.76161011e+03, 5.10842010e+02,
    1.74375525e+03, 5.11589081e+02, 1.72637061e+03, 5.12324036e+02,
    1.70872485e+03, 5.12854492e+02, 1.77951746e+03, 4.92181946e+02,
    1.76166089e+03, 4.92773193e+02, 1.74385486e+03, 4.93408539e+02,
    1.72645642e+03, 4.94085358e+02, 1.70889124e+03, 4.94818268e+02,
    1.77972241e+03, 4.74096680e+02, 1.76180518e+03, 4.74769836e+02,
    1.74402417e+03, 4.75427856e+02, 1.72659998e+03, 4.76110870e+02,
    1.70915308e+03, 4.76686768e+02, 1.77991992e+03, 4.55812958e+02,
    1.76213904e+03, 4.56508331e+02, 1.74432849e+03, 4.57219177e+02,
    1.72673523e+03, 4.57864624e+02, 1.70945557e+03, 4.58590607e+02,
    1.78025623e+03, 4.37856689e+02, 1.76252551e+03, 4.38533203e+02,
    1.74463110e+03, 4.39229034e+02, 1.72718994e+03, 4.39712280e+02,
    1.70979480e+03, 4.40324036e+02 ]
