%YAML:1.0
---
points: [ 1.73389026e+03, 5.46169312e+02, 1.71635461e+03, 5.46797302e+02,
    1.69857141e+03, 5.47556091e+02, 1.68093335e+03, 5.48419861e+02,
    1.66345911e+03, 5.49127197e+02, 1.73384912e+03, 5.28336548e+02,
    1.71623755e+03, 5.28940491e+02, 1.69843030e+03, 5.29541626e+02,
    1.68078027e+03, 5.30282959e+02, 1.66339478e+03, 5.30884644e+02,
    1.73380066e+03, 5.10311615e+02, 1.71612207e+03, 5.10949921e+02,
    1.69834656e+03, 5.11703369e+02, 1.68071912e+03, 5.12452087e+02,
    1.66333203e+03, 5.13044250e+02, 1.73390869e+03, 4.92281677e+02,
    1.71612170e+03, 4.92843597e+02, 1.69841699e+03, 4.93557037e+02,
    1.68078308e+03, 4.94307922e+02, 1.66342456e+03, 4.95045410e+02,
    1.73399597e+03, 4.74235229e+02, 1.71629626e+03, 4.74830170e+02,
    1.69848035e+03, 4.75581635e+02, 1.68087183e+03, 4.76305481e+02,
    1.66352393e+03, 4.76851318e+02, 1.73427942e+03, 4.56003571e+02,
    1.71640710e+03, 4.56629059e+02, 1.69866602e+03, 4.57309479e+02,
    1.68104150e+03, 4.58173645e+02, 1.66368726e+03, 4.58733856e+02,
    1.73448621e+03, 4.38015411e+02, 1.71667737e+03, 4.38570953e+02,
    1.69911743e+03, 4.39313354e+02, 1.68138098e+03, 4.39927734e+02,
    1.66411499e+03, 4.40488586e+02 ]
