%YAML:1.0
---
points: [ 1.69204614e+03, 5.46138367e+02, 1.67448035e+03, 5.46767273e+02,
    1.65679858e+03, 5.47516418e+02, 1.63914099e+03, 5.48284668e+02,
    1.62160327e+03, 5.48910645e+02, 1.69196643e+03, 5.28346619e+02,
    1.67433887e+03, 5.28885803e+02, 1.65656116e+03, 5.29491211e+02,
    1.63898438e+03, 5.30213684e+02, 1.62150781e+03, 5.30782532e+02,
    1.69182910e+03, 5.10327576e+02, 1.67423389e+03, 5.10947845e+02,
    1.65645569e+03, 5.11681335e+02, 1.63887488e+03, 5.12394714e+02,
    1.62141492e+03, 5.12910217e+02, 1.69186841e+03, 4.92338074e+02,
    1.67420227e+03, 4.92919922e+02, 1.65645435e+03, 4.93556274e+02,
    1.63884045e+03, 4.94247131e+02, 1.62146240e+03, 4.94905426e+02,
    1.69188806e+03, 4.74328827e+02, 1.67429187e+03, 4.74956970e+02,
    1.65651355e+03, 4.75593170e+02, 1.63890222e+03, 4.76318970e+02,
    1.62147229e+03, 4.76783722e+02, 1.69219214e+03, 4.56163361e+02,
    1.67437610e+03, 4.56703979e+02, 1.65662524e+03, 4.57385742e+02,
    1.63903113e+03, 4.58149200e+02, 1.62162036e+03, 4.58698059e+02,
    1.69232593e+03, 4.38167206e+02, 1.67463452e+03, 4.38675507e+02,
    1.65703027e+03, 4.39379761e+02, 1.63930994e+03, 4.39980957e+02,
    1.62190088e+03, 4.40527069e+02 ]
