%YAML:1.0
---
points: [ 1.64957642e+03, 5.46237305e+02, 1.63210815e+03, 5.46808105e+02,
    1.61433484e+03, 5.47521423e+02, 1.59664233e+03, 5.48224060e+02,
    1.57916980e+03, 5.48885559e+02, 1.64949976e+03, 5.28462402e+02,
    1.63186694e+03, 5.28981445e+02, 1.61409839e+03, 5.29513794e+02,
    1.59652075e+03, 5.30206116e+02, 1.57908667e+03, 5.30724731e+02,
    1.64940076e+03, 5.10439301e+02, 1.63174170e+03, 5.11159027e+02,
    1.61397852e+03, 5.11744019e+02, 1.59639319e+03, 5.12406250e+02,
    1.57896448e+03, 5.12839905e+02, 1.64939734e+03, 4.92441376e+02,
    1.63165613e+03, 4.93108307e+02, 1.61396729e+03, 4.93632263e+02,
    1.59637549e+03, 4.94291656e+02, 1.57899011e+03, 4.94903442e+02,
    1.64943213e+03, 4.74513824e+02, 1.63170410e+03, 4.75152771e+02,
    1.61395911e+03, 4.75646393e+02, 1.59640137e+03, 4.76363251e+02,
    1.57901270e+03, 4.76784912e+02, 1.64952710e+03, 4.56321350e+02,
    1.63189307e+03, 4.56888885e+02, 1.61408240e+03, 4.57535675e+02,
    1.59650842e+03, 4.58235504e+02, 1.57913928e+03, 4.58768158e+02,
    1.64965552e+03, 4.38425018e+02, 1.63217358e+03, 4.38888855e+02,
    1.61434631e+03, 4.39516388e+02, 1.59669385e+03, 4.40159698e+02,
    1.57934094e+03, 4.40557831e+02 ]
