%YAML:1.0
---
points: [ 1.63161694e+03, 5.46292175e+02, 1.61383777e+03, 5.46846252e+02,
    1.59624951e+03, 5.47543762e+02, 1.57860706e+03, 5.48233521e+02,
    1.56088440e+03, 5.48810181e+02, 1.63153442e+03, 5.28462280e+02,
    1.61364539e+03, 5.29069153e+02, 1.59597156e+03, 5.29528992e+02,
    1.57842566e+03, 5.30203369e+02, 1.56072424e+03, 5.30719482e+02,
    1.63141748e+03, 5.10564392e+02, 1.61351758e+03, 5.11223572e+02,
    1.59584326e+03, 5.11762634e+02, 1.57837634e+03, 5.12438232e+02,
    1.56065625e+03, 5.12838562e+02, 1.63143494e+03, 4.92509003e+02,
    1.61343652e+03, 4.93201294e+02, 1.59580078e+03, 4.93679810e+02,
    1.57832544e+03, 4.94258789e+02, 1.56063647e+03, 4.94935760e+02,
    1.63145251e+03, 4.74616455e+02, 1.61351013e+03, 4.75280243e+02,
    1.59582910e+03, 4.75761200e+02, 1.57834912e+03, 4.76398315e+02,
    1.56063989e+03, 4.76865417e+02, 1.63154114e+03, 4.56438141e+02,
    1.61361646e+03, 4.57032135e+02, 1.59595557e+03, 4.57652222e+02,
    1.57837622e+03, 4.58267273e+02, 1.56079126e+03, 4.58777985e+02,
    1.63171204e+03, 4.38502991e+02, 1.61387695e+03, 4.39150024e+02,
    1.59625464e+03, 4.39606628e+02, 1.57860632e+03, 4.40255524e+02,
    1.56094360e+03, 4.40638214e+02 ]
