%YAML:1.0
---
points: [ 1.58112939e+03, 5.46461121e+02, 1.56345239e+03, 5.47121216e+02,
    1.54555823e+03, 5.47656006e+02, 1.52779016e+03, 5.48324707e+02,
    1.51023767e+03, 5.48832275e+02, 1.58105481e+03, 5.28590698e+02,
    1.56332715e+03, 5.29179565e+02, 1.54538684e+03, 5.29657471e+02,
    1.52764722e+03, 5.30252075e+02, 1.51017273e+03, 5.30781372e+02,
    1.58098267e+03, 5.10712921e+02, 1.56323840e+03, 5.11417969e+02,
    1.54527795e+03, 5.11870117e+02, 1.52757227e+03, 5.12479919e+02,
    1.51005042e+03, 5.12921997e+02, 1.58095178e+03, 4.92687347e+02,
    1.56322693e+03, 4.93272522e+02, 1.54527563e+03, 4.93759949e+02,
    1.52751892e+03, 4.94397125e+02, 1.51007751e+03, 4.95015167e+02,
    1.58105212e+03, 4.74774628e+02, 1.56327258e+03, 4.75406403e+02,
    1.54533691e+03, 4.75793488e+02, 1.52756384e+03, 4.76448669e+02,
    1.51008093e+03, 4.76910736e+02, 1.58121240e+03, 4.56595001e+02,
    1.56332812e+03, 4.57132965e+02, 1.54540613e+03, 4.57748566e+02,
    1.52766431e+03, 4.58371735e+02, 1.51020923e+03, 4.58829468e+02,
    1.58140234e+03, 4.38622864e+02, 1.56356799e+03, 4.39230804e+02,
    1.54565271e+03, 4.39712952e+02, 1.52795203e+03, 4.40256012e+02,
    1.51038501e+03, 4.40707642e+02 ]
