%YAML:1.0
---
points: [ 1.52901880e+03, 5.46662842e+02, 1.51132678e+03, 5.47260864e+02,
    1.49337476e+03, 5.47894592e+02, 1.47555493e+03, 5.48507202e+02,
    1.45791187e+03, 5.49060242e+02, 1.52891028e+03, 5.28763000e+02,
    1.51116162e+03, 5.29307983e+02, 1.49320825e+03, 5.29833374e+02,
    1.47544861e+03, 5.30415894e+02, 1.45783667e+03, 5.30890442e+02,
    1.52886743e+03, 5.10859314e+02, 1.51108032e+03, 5.11492889e+02,
    1.49310693e+03, 5.12033325e+02, 1.47536426e+03, 5.12528992e+02,
    1.45771460e+03, 5.13134766e+02, 1.52889648e+03, 4.92770386e+02,
    1.51110657e+03, 4.93382477e+02, 1.49311243e+03, 4.93885864e+02,
    1.47534399e+03, 4.94531677e+02, 1.45773083e+03, 4.95179932e+02,
    1.52905627e+03, 4.74815369e+02, 1.51111328e+03, 4.75481293e+02,
    1.49319568e+03, 4.75903259e+02, 1.47538928e+03, 4.76499512e+02,
    1.45774182e+03, 4.76977051e+02, 1.52912073e+03, 4.56605988e+02,
    1.51121655e+03, 4.57165283e+02, 1.49326025e+03, 4.57753571e+02,
    1.47547241e+03, 4.58413208e+02, 1.45784106e+03, 4.58871918e+02,
    1.52930310e+03, 4.38618805e+02, 1.51147144e+03, 4.39258118e+02,
    1.49347693e+03, 4.39702698e+02, 1.47566553e+03, 4.40295044e+02,
    1.45803333e+03, 4.40760071e+02 ]
