%YAML:1.0
---
points: [ 1.47162268e+03, 5.46477051e+02, 1.45369348e+03, 5.47153931e+02,
    1.43584985e+03, 5.47792053e+02, 1.41780908e+03, 5.48506958e+02,
    1.40024109e+03, 5.49043030e+02, 1.47147144e+03, 5.28582397e+02,
    1.45349585e+03, 5.29222961e+02, 1.43553894e+03, 5.29789368e+02,
    1.41758765e+03, 5.30404053e+02, 1.39999768e+03, 5.30987793e+02,
    1.47137109e+03, 5.10691284e+02, 1.45333618e+03, 5.11403046e+02,
    1.43543665e+03, 5.11927704e+02, 1.41747229e+03, 5.12538208e+02,
    1.39979321e+03, 5.13177856e+02, 1.47127930e+03, 4.92633026e+02,
    1.45325146e+03, 4.93296661e+02, 1.43527417e+03, 4.93840729e+02,
    1.41738403e+03, 4.94517822e+02, 1.39968323e+03, 4.95216949e+02,
    1.47128784e+03, 4.74673553e+02, 1.45319702e+03, 4.75400818e+02,
    1.43523901e+03, 4.75854248e+02, 1.41733997e+03, 4.76491730e+02,
    1.39960181e+03, 4.77093750e+02, 1.47129956e+03, 4.56480896e+02,
    1.45317737e+03, 4.57088898e+02, 1.43523462e+03, 4.57782776e+02,
    1.41732361e+03, 4.58449310e+02, 1.39957385e+03, 4.59003296e+02,
    1.47131555e+03, 4.38507812e+02, 1.45331567e+03, 4.39163116e+02,
    1.43534412e+03, 4.39692535e+02, 1.41736731e+03, 4.40302551e+02,
    1.39965015e+03, 4.40834473e+02 ]
