%YAML:1.0
---
points: [ 1.41919299e+03, 5.46439758e+02, 1.40127295e+03, 5.47148987e+02,
    1.38343506e+03, 5.47749939e+02, 1.36536584e+03, 5.48524719e+02,
    1.34768164e+03, 5.49162476e+02, 1.41896716e+03, 5.28559509e+02,
    1.40095544e+03, 5.29204834e+02, 1.38303650e+03, 5.29807434e+02,
    1.36518542e+03, 5.30419434e+02, 1.34741797e+03, 5.31088440e+02,
    1.41871228e+03, 5.10646606e+02, 1.40074609e+03, 5.11374939e+02,
    1.38271753e+03, 5.11961304e+02, 1.36488013e+03, 5.12583496e+02,
    1.34722388e+03, 5.13206238e+02, 1.41856177e+03, 4.92557678e+02,
    1.40057910e+03, 4.93298462e+02, 1.38255347e+03, 4.93833832e+02,
    1.36466431e+03, 4.94561859e+02, 1.34706140e+03, 4.95337708e+02,
    1.41847083e+03, 4.74672485e+02, 1.40046741e+03, 4.75379456e+02,
    1.38239563e+03, 4.75862457e+02, 1.36450928e+03, 4.76533722e+02,
    1.34679956e+03, 4.77125916e+02, 1.41837610e+03, 4.56422791e+02,
    1.40039368e+03, 4.57034576e+02, 1.38226782e+03, 4.57746368e+02,
    1.36444629e+03, 4.58461090e+02, 1.34669580e+03, 4.59129120e+02,
    1.41839832e+03, 4.38470306e+02, 1.40042603e+03, 4.39114227e+02,
    1.38234827e+03, 4.39684784e+02, 1.36441382e+03, 4.40332611e+02,
    1.34666711e+03, 4.40899200e+02 ]
