%YAML:1.0
---
points: [ 1.35741345e+03, 5.46413391e+02, 1.33941040e+03, 5.47092834e+02,
    1.32165784e+03, 5.47789307e+02, 1.30379834e+03, 5.48530701e+02,
    1.28620532e+03, 5.49172668e+02, 1.35711682e+03, 5.28550110e+02,
    1.33902673e+03, 5.29227051e+02, 1.32140552e+03, 5.29801514e+02,
    1.30349622e+03, 5.30431580e+02, 1.28578662e+03, 5.31180542e+02,
    1.35677966e+03, 5.10627777e+02, 1.33871863e+03, 5.11381989e+02,
    1.32110925e+03, 5.12038513e+02, 1.30319360e+03, 5.12593445e+02,
    1.28545349e+03, 5.13281311e+02, 1.35659326e+03, 4.92551636e+02,
    1.33849414e+03, 4.93308563e+02, 1.32081348e+03, 4.93871094e+02,
    1.30288611e+03, 4.94618805e+02, 1.28527441e+03, 4.95370941e+02,
    1.35640674e+03, 4.74675323e+02, 1.33834082e+03, 4.75423859e+02,
    1.32054419e+03, 4.75940216e+02, 1.30261792e+03, 4.76560303e+02,
    1.28490320e+03, 4.77204468e+02, 1.35626965e+03, 4.56468353e+02,
    1.33822888e+03, 4.57103668e+02, 1.32037317e+03, 4.57786407e+02,
    1.30247217e+03, 4.58520782e+02, 1.28473743e+03, 4.59171112e+02,
    1.35610620e+03, 4.38532135e+02, 1.33817261e+03, 4.39189728e+02,
    1.32032544e+03, 4.39731781e+02, 1.30236792e+03, 4.40372986e+02,
    1.28464551e+03, 4.41022736e+02 ]
