%YAML:1.0
---
points: [ 1.30644543e+03, 5.46393860e+02, 1.28848987e+03, 5.47016724e+02,
    1.27062573e+03, 5.47726624e+02, 1.25304443e+03, 5.48478943e+02,
    1.23526355e+03, 5.49071411e+02, 1.30616577e+03, 5.28553345e+02,
    1.28809326e+03, 5.29201965e+02, 1.27024988e+03, 5.29758362e+02,
    1.25257739e+03, 5.30428406e+02, 1.23481738e+03, 5.31072205e+02,
    1.30568774e+03, 5.10695831e+02, 1.28769055e+03, 5.11424896e+02,
    1.26990417e+03, 5.12017456e+02, 1.25228259e+03, 5.12553955e+02,
    1.23448474e+03, 5.13218872e+02, 1.30541418e+03, 4.92676453e+02,
    1.28741321e+03, 4.93317780e+02, 1.26963330e+03, 4.93861725e+02,
    1.25186731e+03, 4.94607422e+02, 1.23416968e+03, 4.95338440e+02,
    1.30528125e+03, 4.74754181e+02, 1.28709387e+03, 4.75458954e+02,
    1.26943860e+03, 4.76069946e+02, 1.25154211e+03, 4.76587494e+02,
    1.23381897e+03, 4.77162750e+02, 1.30496948e+03, 4.56572357e+02,
    1.28681726e+03, 4.57258667e+02, 1.26918994e+03, 4.57940674e+02,
    1.25127539e+03, 4.58583344e+02, 1.23357446e+03, 4.59209991e+02,
    1.30472620e+03, 4.38669006e+02, 1.28667493e+03, 4.39351715e+02,
    1.26902405e+03, 4.39851685e+02, 1.25104138e+03, 4.40450043e+02,
    1.23339673e+03, 4.41012573e+02 ]
