%YAML:1.0
---
points: [ 1.30408557e+03, 5.46431335e+02, 1.28615881e+03, 5.47010559e+02,
    1.26849585e+03, 5.47693604e+02, 1.25063049e+03, 5.48495178e+02,
    1.23300281e+03, 5.49075195e+02, 1.30366724e+03, 5.28542725e+02,
    1.28574915e+03, 5.29237000e+02, 1.26807031e+03, 5.29759766e+02,
    1.25025427e+03, 5.30403442e+02, 1.23265308e+03, 5.31026367e+02,
    1.30337512e+03, 5.10671722e+02, 1.28543518e+03, 5.11437866e+02,
    1.26767883e+03, 5.12019348e+02, 1.24983276e+03, 5.12582703e+02,
    1.23234631e+03, 5.13221802e+02, 1.30306433e+03, 4.92644623e+02,
    1.28519458e+03, 4.93350067e+02, 1.26739111e+03, 4.93871124e+02,
    1.24950439e+03, 4.94593445e+02, 1.23203674e+03, 4.95326874e+02,
    1.30278345e+03, 4.74799744e+02, 1.28478064e+03, 4.75444275e+02,
    1.26700037e+03, 4.76039001e+02, 1.24924536e+03, 4.76603668e+02,
    1.23158179e+03, 4.77199982e+02, 1.30257690e+03, 4.56583252e+02,
    1.28461035e+03, 4.57274414e+02, 1.26669885e+03, 4.57934967e+02,
    1.24901868e+03, 4.58582214e+02, 1.23134741e+03, 4.59227448e+02,
    1.30240344e+03, 4.38655334e+02, 1.28449561e+03, 4.39355957e+02,
    1.26651685e+03, 4.39830811e+02, 1.24869849e+03, 4.40453369e+02,
    1.23109326e+03, 4.41029358e+02 ]
