%YAML:1.0
---
points: [ 1.25202979e+03, 5.46482056e+02, 1.23408533e+03, 5.47165466e+02,
    1.21641370e+03, 5.47753723e+02, 1.19855273e+03, 5.48498596e+02,
    1.18081262e+03, 5.49109070e+02, 1.25157275e+03, 5.28654419e+02,
    1.23365173e+03, 5.29294006e+02, 1.21594568e+03, 5.29809082e+02,
    1.19814404e+03, 5.30406799e+02, 1.18044958e+03, 5.31041809e+02,
    1.25118054e+03, 5.10778290e+02, 1.23330493e+03, 5.11496674e+02,
    1.21553967e+03, 5.12102905e+02, 1.19760645e+03, 5.12597290e+02,
    1.18013928e+03, 5.13232727e+02, 1.25078699e+03, 4.92816681e+02,
    1.23290515e+03, 4.93437622e+02, 1.21522107e+03, 4.94010040e+02,
    1.19728125e+03, 4.94641998e+02, 1.17967358e+03, 4.95330872e+02,
    1.25053479e+03, 4.74909637e+02, 1.23261670e+03, 4.75519897e+02,
    1.21473157e+03, 4.76169525e+02, 1.19696753e+03, 4.76626801e+02,
    1.17930957e+03, 4.77214752e+02, 1.25023523e+03, 4.56708374e+02,
    1.23240442e+03, 4.57358856e+02, 1.21439771e+03, 4.58063446e+02,
    1.19654089e+03, 4.58611938e+02, 1.17896106e+03, 4.59219269e+02,
    1.24992847e+03, 4.38793304e+02, 1.23217773e+03, 4.39448029e+02,
    1.21416479e+03, 4.40011963e+02, 1.19631970e+03, 4.40532410e+02,
    1.17860938e+03, 4.41155579e+02 ]
