%YAML:1.0
---
points: [ 1.20163757e+03, 5.46722168e+02, 1.18381213e+03, 5.47369934e+02,
    1.16583350e+03, 5.48085938e+02, 1.14824573e+03, 5.48666077e+02,
    1.13044189e+03, 5.49279114e+02, 1.20130176e+03, 5.28824707e+02,
    1.18343103e+03, 5.29425049e+02, 1.16544617e+03, 5.30032715e+02,
    1.14771606e+03, 5.30597168e+02, 1.12991638e+03, 5.31248901e+02,
    1.20084729e+03, 5.11094482e+02, 1.18281897e+03, 5.11629211e+02,
    1.16507983e+03, 5.12266479e+02, 1.14731360e+03, 5.12770264e+02,
    1.12946753e+03, 5.13378845e+02, 1.20052893e+03, 4.92965210e+02,
    1.18247534e+03, 4.93535797e+02, 1.16465991e+03, 4.94191772e+02,
    1.14682690e+03, 4.94823151e+02, 1.12905322e+03, 4.95487518e+02,
    1.20020764e+03, 4.75076843e+02, 1.18204907e+03, 4.75606018e+02,
    1.16434192e+03, 4.76243866e+02, 1.14641235e+03, 4.76749847e+02,
    1.12853369e+03, 4.77315155e+02, 1.19976453e+03, 4.56799622e+02,
    1.18171167e+03, 4.57520416e+02, 1.16401343e+03, 4.58148865e+02,
    1.14595081e+03, 4.58747162e+02, 1.12821240e+03, 4.59319427e+02,
    1.19947571e+03, 4.38841553e+02, 1.18135486e+03, 4.39485779e+02,
    1.16362183e+03, 4.40052460e+02, 1.14555762e+03, 4.40623230e+02,
    1.12779065e+03, 4.41178802e+02 ]
