%YAML:1.0
---
points: [ 1.14683325e+03, 5.46625122e+02, 1.12900903e+03, 5.47292603e+02,
    1.11138647e+03, 5.47996643e+02, 1.09343030e+03, 5.48601990e+02,
    1.07562573e+03, 5.49228271e+02, 1.14646313e+03, 5.28763855e+02,
    1.12849683e+03, 5.29414001e+02, 1.11081274e+03, 5.29967773e+02,
    1.09285840e+03, 5.30532471e+02, 1.07518762e+03, 5.31241516e+02,
    1.14586157e+03, 5.11001526e+02, 1.12806653e+03, 5.11573395e+02,
    1.11033484e+03, 5.12198242e+02, 1.09239404e+03, 5.12699829e+02,
    1.07461707e+03, 5.13325867e+02, 1.14543176e+03, 4.92881500e+02,
    1.12756067e+03, 4.93501801e+02, 1.10982581e+03, 4.94137238e+02,
    1.09187085e+03, 4.94723694e+02, 1.07422949e+03, 4.95403259e+02,
    1.14500061e+03, 4.75061005e+02, 1.12718701e+03, 4.75585846e+02,
    1.10930872e+03, 4.76199280e+02, 1.09139355e+03, 4.76658966e+02,
    1.07364050e+03, 4.77238922e+02, 1.14458740e+03, 4.56754181e+02,
    1.12670642e+03, 4.57443329e+02, 1.10876599e+03, 4.58080322e+02,
    1.09100159e+03, 4.58629669e+02, 1.07324597e+03, 4.59251831e+02,
    1.14420935e+03, 4.38854248e+02, 1.12634033e+03, 4.39434784e+02,
    1.10835339e+03, 4.39984680e+02, 1.09056018e+03, 4.40536285e+02,
    1.07270776e+03, 4.41028595e+02 ]
