%YAML:1.0
---
points: [ 1.09372583e+03, 5.46632385e+02, 1.07587280e+03, 5.47287415e+02,
    1.05822778e+03, 5.48053162e+02, 1.04028467e+03, 5.48628967e+02,
    1.02246985e+03, 5.49302429e+02, 1.09325293e+03, 5.28778015e+02,
    1.07538037e+03, 5.29393921e+02, 1.05767859e+03, 5.29953491e+02,
    1.03967126e+03, 5.30555481e+02, 1.02190442e+03, 5.31219971e+02,
    1.09271887e+03, 5.10899658e+02, 1.07481433e+03, 5.11557343e+02,
    1.05709851e+03, 5.12168701e+02, 1.03919690e+03, 5.12728821e+02,
    1.02147198e+03, 5.13332336e+02, 1.09219202e+03, 4.92891296e+02,
    1.07439368e+03, 4.93493225e+02, 1.05647339e+03, 4.94120209e+02,
    1.03857751e+03, 4.94706573e+02, 1.02084070e+03, 4.95404602e+02,
    1.09168909e+03, 4.74978363e+02, 1.07379578e+03, 4.75569702e+02,
    1.05584814e+03, 4.76150177e+02, 1.03808435e+03, 4.76664886e+02,
    1.02025171e+03, 4.77208435e+02, 1.09125098e+03, 4.56776001e+02,
    1.07335059e+03, 4.57421356e+02, 1.05535059e+03, 4.58038055e+02,
    1.03751489e+03, 4.58629761e+02, 1.01959564e+03, 4.59244720e+02,
    1.09072375e+03, 4.38807251e+02, 1.07275500e+03, 4.39441010e+02,
    1.05480103e+03, 4.39937836e+02, 1.03700281e+03, 4.40464600e+02,
    1.01906396e+03, 4.41044708e+02 ]
