%YAML:1.0
---
points: [ 1.04011353e+03, 5.46722839e+02, 1.02225226e+03, 5.47401550e+02,
    1.00442725e+03, 5.48156921e+02, 9.86439636e+02, 5.48741699e+02,
    9.68689087e+02, 5.49424988e+02, 1.03948291e+03, 5.28815796e+02,
    1.02159802e+03, 5.29459106e+02, 1.00371289e+03, 5.30148315e+02,
    9.85887390e+02, 5.30707520e+02, 9.68129456e+02, 5.31385559e+02,
    1.03897205e+03, 5.11031097e+02, 1.02119684e+03, 5.11621155e+02,
    1.00312384e+03, 5.12288818e+02, 9.85299805e+02, 5.12823975e+02,
    9.67357422e+02, 5.13430481e+02, 1.03837854e+03, 4.92900604e+02,
    1.02046637e+03, 4.93532104e+02, 1.00245862e+03, 4.94246033e+02,
    9.84656311e+02, 4.94833649e+02, 9.66634033e+02, 4.95537933e+02,
    1.03774866e+03, 4.75057556e+02, 1.01974347e+03, 4.75625763e+02,
    1.00185681e+03, 4.76270996e+02, 9.84012451e+02, 4.76796722e+02,
    9.66020691e+02, 4.77401672e+02, 1.03725269e+03, 4.56813171e+02,
    1.01920703e+03, 4.57476227e+02, 1.00128503e+03, 4.58206909e+02,
    9.83351868e+02, 4.58731689e+02, 9.65366699e+02, 4.59395752e+02,
    1.03660413e+03, 4.38898804e+02, 1.01850397e+03, 4.39477356e+02,
    1.00063312e+03, 4.40085754e+02, 9.82586121e+02, 4.40622284e+02,
    9.64697144e+02, 4.41220551e+02 ]
