%YAML:1.0
---
points: [ 9.84767212e+02, 5.46713257e+02, 9.66747559e+02, 5.47422974e+02,
    9.49078552e+02, 5.48192505e+02, 9.31218384e+02, 5.48776062e+02,
    9.13212646e+02, 5.49440796e+02, 9.84191162e+02, 5.28843872e+02,
    9.66188477e+02, 5.29462769e+02, 9.48424255e+02, 5.30147400e+02,
    9.30395752e+02, 5.30727478e+02, 9.12507080e+02, 5.31495300e+02,
    9.83520264e+02, 5.11112549e+02, 9.65510437e+02, 5.11673553e+02,
    9.47710938e+02, 5.12331726e+02, 9.29646484e+02, 5.12895752e+02,
    9.11840942e+02, 5.13480591e+02, 9.82725220e+02, 4.93000183e+02,
    9.64839233e+02, 4.93610840e+02, 9.47150085e+02, 4.94218170e+02,
    9.28947571e+02, 4.94948151e+02, 9.11228333e+02, 4.95626740e+02,
    9.82114990e+02, 4.75161926e+02, 9.64268005e+02, 4.75684753e+02,
    9.46275269e+02, 4.76337433e+02, 9.28307739e+02, 4.76854492e+02,
    9.10474731e+02, 4.77469452e+02, 9.81455750e+02, 4.56868652e+02,
    9.63602844e+02, 4.57546936e+02, 9.45554443e+02, 4.58271881e+02,
    9.27596741e+02, 4.58844025e+02, 9.09632935e+02, 4.59484894e+02,
    9.80809692e+02, 4.38980682e+02, 9.62869019e+02, 4.39551941e+02,
    9.44830627e+02, 4.40189117e+02, 9.26913940e+02, 4.40707306e+02,
    9.08832397e+02, 4.41344391e+02 ]
