%YAML:1.0
---
points: [ 9.25400940e+02, 5.46691772e+02, 9.07424622e+02, 5.47361206e+02,
    8.89674500e+02, 5.48021179e+02, 8.71608948e+02, 5.48654480e+02,
    8.53740356e+02, 5.49295593e+02, 9.24686340e+02, 5.28865173e+02,
    9.06784912e+02, 5.29448608e+02, 8.89061401e+02, 5.30079529e+02,
    8.70890747e+02, 5.30602661e+02, 8.53209778e+02, 5.31248535e+02,
    9.24086060e+02, 5.11140442e+02, 9.06242615e+02, 5.11643524e+02,
    8.88179260e+02, 5.12256470e+02, 8.70296692e+02, 5.12768738e+02,
    8.52422913e+02, 5.13346924e+02, 9.23440918e+02, 4.93033661e+02,
    9.05533997e+02, 4.93556335e+02, 8.87477417e+02, 4.94219574e+02,
    8.69640442e+02, 4.94787415e+02, 8.51630920e+02, 4.95461334e+02,
    9.22783997e+02, 4.75157654e+02, 9.04757141e+02, 4.75665833e+02,
    8.86828247e+02, 4.76264679e+02, 8.68892273e+02, 4.76745514e+02,
    8.50808472e+02, 4.77301697e+02, 9.22189331e+02, 4.56933716e+02,
    9.04068665e+02, 4.57525299e+02, 8.86156738e+02, 4.58252625e+02,
    8.68243591e+02, 4.58743805e+02, 8.50109924e+02, 4.59354095e+02,
    9.21490967e+02, 4.39037964e+02, 9.03350342e+02, 4.39578949e+02,
    8.85426697e+02, 4.40157501e+02, 8.67365601e+02, 4.40610992e+02,
    8.49309998e+02, 4.41171204e+02 ]
