%YAML:1.0
---
points: [ 8.70665771e+02, 5.46671753e+02, 8.52840637e+02, 5.47291992e+02,
    8.34761902e+02, 5.47968201e+02, 8.16897705e+02, 5.48602356e+02,
    7.98891785e+02, 5.49187439e+02, 8.70063904e+02, 5.28801758e+02,
    8.52186646e+02, 5.29401245e+02, 8.34131104e+02, 5.29939392e+02,
    8.16280151e+02, 5.30527649e+02, 7.98172485e+02, 5.31117615e+02,
    8.69448547e+02, 5.11018097e+02, 8.51422058e+02, 5.11605927e+02,
    8.33428345e+02, 5.12207031e+02, 8.15507446e+02, 5.12656067e+02,
    7.97397827e+02, 5.13237366e+02, 8.68727112e+02, 4.92928864e+02,
    8.50658752e+02, 4.93524597e+02, 8.32757385e+02, 4.94146332e+02,
    8.14741028e+02, 4.94701324e+02, 7.96673523e+02, 4.95330597e+02,
    8.68015076e+02, 4.75077606e+02, 8.49879639e+02, 4.75605530e+02,
    8.32065552e+02, 4.76175323e+02, 8.13788818e+02, 4.76643921e+02,
    7.95941223e+02, 4.77227051e+02, 8.67264648e+02, 4.56859863e+02,
    8.49241882e+02, 4.57447723e+02, 8.31332825e+02, 4.58123169e+02,
    8.13123901e+02, 4.58599945e+02, 7.95153076e+02, 4.59183350e+02,
    8.66450256e+02, 4.38969269e+02, 8.48487671e+02, 4.39494873e+02,
    8.30348145e+02, 4.39977264e+02, 8.12333252e+02, 4.40481079e+02,
    7.94276306e+02, 4.40995453e+02 ]
