%YAML:1.0
---
points: [ 7.88474854e+02, 5.47062805e+02, 7.70419312e+02, 5.47729065e+02,
    7.52459106e+02, 5.48413025e+02, 7.34025269e+02, 5.48953125e+02,
    7.15971558e+02, 5.49562378e+02, 7.87641846e+02, 5.29171875e+02,
    7.69639465e+02, 5.29678528e+02, 7.51522278e+02, 5.30322632e+02,
    7.33332703e+02, 5.30804016e+02, 7.15184265e+02, 5.31537476e+02,
    7.86873169e+02, 5.11286896e+02, 7.68922485e+02, 5.11785400e+02,
    7.50671387e+02, 5.12402161e+02, 7.32514160e+02, 5.12905334e+02,
    7.14121155e+02, 5.13445740e+02, 7.86151428e+02, 4.93123322e+02,
    7.68094910e+02, 4.93673492e+02, 7.49727722e+02, 4.94230255e+02,
    7.31636292e+02, 4.94908630e+02, 7.13267761e+02, 4.95481079e+02,
    7.85345398e+02, 4.75156189e+02, 7.67088684e+02, 4.75617798e+02,
    7.49013428e+02, 4.76217194e+02, 7.30610535e+02, 4.76629150e+02,
    7.12304932e+02, 4.77234497e+02, 7.84495605e+02, 4.56790222e+02,
    7.66126160e+02, 4.57440887e+02, 7.48109253e+02, 4.58042664e+02,
    7.29598389e+02, 4.58565765e+02, 7.11360718e+02, 4.59066620e+02,
    7.83553772e+02, 4.38790161e+02, 7.65299133e+02, 4.39336456e+02,
    7.47113647e+02, 4.39806244e+02, 7.28613342e+02, 4.40349518e+02,
    7.10369690e+02, 4.40737152e+02 ]
