%YAML:1.0
---
points: [ 7.27296570e+02, 5.46832520e+02, 7.08943054e+02, 5.47585083e+02,
    6.90737183e+02, 5.48327759e+02, 6.72442749e+02, 5.48918030e+02,
    6.54168396e+02, 5.49562805e+02, 7.26427856e+02, 5.28977722e+02,
    7.08131531e+02, 5.29533447e+02, 6.90049988e+02, 5.30198730e+02,
    6.71518127e+02, 5.30774841e+02, 6.53325684e+02, 5.31481995e+02,
    7.25504456e+02, 5.11095367e+02, 7.07302246e+02, 5.11642273e+02,
    6.88999817e+02, 5.12290833e+02, 6.70531189e+02, 5.12794495e+02,
    6.52208679e+02, 5.13406494e+02, 7.24468689e+02, 4.92888702e+02,
    7.06322754e+02, 4.93503082e+02, 6.87879578e+02, 4.94087433e+02,
    6.69655212e+02, 4.94714478e+02, 6.51165283e+02, 4.95414062e+02,
    7.23560669e+02, 4.74881927e+02, 7.05443054e+02, 4.75512390e+02,
    6.86956665e+02, 4.76035614e+02, 6.68586670e+02, 4.76540985e+02,
    6.50083435e+02, 4.77136261e+02, 7.22596924e+02, 4.56606720e+02,
    7.04211060e+02, 4.57168518e+02, 6.85825500e+02, 4.57798340e+02,
    6.67428345e+02, 4.58426178e+02, 6.48863770e+02, 4.58866974e+02,
    7.21595154e+02, 4.38595337e+02, 7.03193420e+02, 4.39147034e+02,
    6.84961670e+02, 4.39654053e+02, 6.66291870e+02, 4.40204224e+02,
    6.47821899e+02, 4.40611298e+02 ]
