%YAML:1.0
---
points: [ 6.73796692e+02, 5.46845459e+02, 6.55374023e+02, 5.47650208e+02,
    6.37096985e+02, 5.48371460e+02, 6.18498718e+02, 5.49039734e+02,
    6.00064331e+02, 5.49687866e+02, 6.72719421e+02, 5.28954163e+02,
    6.54441956e+02, 5.29549377e+02, 6.36139709e+02, 5.30216309e+02,
    6.17544250e+02, 5.30820618e+02, 5.98985291e+02, 5.31599121e+02,
    6.71824951e+02, 5.11065308e+02, 6.53519958e+02, 5.11602783e+02,
    6.35053650e+02, 5.12279846e+02, 6.16546753e+02, 5.12817200e+02,
    5.97863953e+02, 5.13472229e+02, 6.70681152e+02, 4.92822571e+02,
    6.52403015e+02, 4.93449310e+02, 6.33902588e+02, 4.94030121e+02,
    6.15380066e+02, 4.94719452e+02, 5.96667786e+02, 4.95410492e+02,
    6.69773071e+02, 4.74749146e+02, 6.51356323e+02, 4.75425415e+02,
    6.33047241e+02, 4.75903046e+02, 6.14304932e+02, 4.76537079e+02,
    5.95602356e+02, 4.77047455e+02, 6.68652161e+02, 4.56447479e+02,
    6.50127136e+02, 4.57065155e+02, 6.31718750e+02, 4.57648346e+02,
    6.13092468e+02, 4.58290771e+02, 5.94450684e+02, 4.58785553e+02,
    6.67389282e+02, 4.38396332e+02, 6.48927368e+02, 4.38885803e+02,
    6.30368408e+02, 4.39494263e+02, 6.11783203e+02, 4.40019531e+02,
    5.93025330e+02, 4.40444244e+02 ]
