%YAML:1.0
---
points: [ 6.07780640e+02, 5.46771545e+02, 5.89546753e+02, 5.47462524e+02,
    5.71020264e+02, 5.48200623e+02, 5.52634827e+02, 5.48769775e+02,
    5.34095215e+02, 5.49457092e+02, 6.06749695e+02, 5.28841064e+02,
    5.88362915e+02, 5.29408997e+02, 5.70023743e+02, 5.30039917e+02,
    5.51430420e+02, 5.30664795e+02, 5.32958557e+02, 5.31242188e+02,
    6.05942444e+02, 5.10911926e+02, 5.87493408e+02, 5.11544617e+02,
    5.69187073e+02, 5.12126648e+02, 5.50492615e+02, 5.12645386e+02,
    5.31995300e+02, 5.13275574e+02, 6.04807678e+02, 4.92714966e+02,
    5.86421143e+02, 4.93361786e+02, 5.67997742e+02, 4.93925385e+02,
    5.49389038e+02, 4.94527924e+02, 5.30718018e+02, 4.95218018e+02,
    6.03606812e+02, 4.74758453e+02, 5.85350647e+02, 4.75385620e+02,
    5.66689453e+02, 4.75777618e+02, 5.48308838e+02, 4.76453735e+02,
    5.29456726e+02, 4.76905731e+02, 6.02554321e+02, 4.56471527e+02,
    5.84293640e+02, 4.57019958e+02, 5.65637878e+02, 4.57596130e+02,
    5.47085388e+02, 4.58226532e+02, 5.28329468e+02, 4.58711914e+02,
    6.01454102e+02, 4.38455688e+02, 5.82738342e+02, 4.38893036e+02,
    5.64474548e+02, 4.39466766e+02, 5.45574341e+02, 4.39997375e+02,
    5.27075256e+02, 4.40360260e+02 ]
