%YAML:1.0
---
points: [ 5.47892700e+02, 5.46830750e+02, 5.29366272e+02, 5.47412659e+02,
    5.11031464e+02, 5.48096008e+02, 4.92462006e+02, 5.48634583e+02,
    4.73936462e+02, 5.49237854e+02, 5.46897766e+02, 5.28842590e+02,
    5.28527710e+02, 5.29364990e+02, 5.10277161e+02, 5.29978699e+02,
    4.91578949e+02, 5.30463379e+02, 4.72931274e+02, 5.31064819e+02,
    5.45912354e+02, 5.10960571e+02, 5.27597046e+02, 5.11484772e+02,
    5.09119629e+02, 5.12040894e+02, 4.90604370e+02, 5.12527344e+02,
    4.71901001e+02, 5.13004578e+02, 5.44870605e+02, 4.92769623e+02,
    5.26573975e+02, 4.93323456e+02, 5.08064301e+02, 4.93812103e+02,
    4.89495941e+02, 4.94344391e+02, 4.70657257e+02, 4.94884369e+02,
    5.44047729e+02, 4.74761505e+02, 5.25505066e+02, 4.75300140e+02,
    5.07109802e+02, 4.75720123e+02, 4.88428131e+02, 4.76322388e+02,
    4.69673706e+02, 4.76698792e+02, 5.42774658e+02, 4.56475098e+02,
    5.24249512e+02, 4.56944977e+02, 5.05840759e+02, 4.57475922e+02,
    4.87124969e+02, 4.58078552e+02, 4.68502258e+02, 4.58516937e+02,
    5.41600159e+02, 4.38460999e+02, 5.23096069e+02, 4.38833679e+02,
    5.04487579e+02, 4.39386169e+02, 4.85783844e+02, 4.39774872e+02,
    4.67069458e+02, 4.40276428e+02 ]
