%YAML:1.0
---
points: [ 4.82289093e+02, 5.46993408e+02, 4.63825165e+02, 5.47629944e+02,
    4.45250977e+02, 5.48282532e+02, 4.26653900e+02, 5.48805664e+02,
    4.07931702e+02, 5.49425232e+02, 4.81328735e+02, 5.28979187e+02,
    4.62872742e+02, 5.29505981e+02, 4.44275757e+02, 5.30097229e+02,
    4.25452362e+02, 5.30625671e+02, 4.06701447e+02, 5.31188599e+02,
    4.80412262e+02, 5.11024323e+02, 4.61653351e+02, 5.11563385e+02,
    4.43316589e+02, 5.12108398e+02, 4.24410217e+02, 5.12570190e+02,
    4.05658752e+02, 5.13151855e+02, 4.79300232e+02, 4.92744476e+02,
    4.60556671e+02, 4.93308105e+02, 4.42123688e+02, 4.93789520e+02,
    4.23226196e+02, 4.94357941e+02, 4.04433472e+02, 4.94903320e+02,
    4.77976288e+02, 4.74703918e+02, 4.59452240e+02, 4.75230774e+02,
    4.40644104e+02, 4.75662964e+02, 4.22061249e+02, 4.76183685e+02,
    4.03061035e+02, 4.76623535e+02, 4.76646179e+02, 4.56354584e+02,
    4.58237366e+02, 4.56792236e+02, 4.39512268e+02, 4.57345398e+02,
    4.20638428e+02, 4.57883301e+02, 4.01655731e+02, 4.58392700e+02,
    4.75446930e+02, 4.38260559e+02, 4.56665039e+02, 4.38637177e+02,
    4.38197876e+02, 4.39148224e+02, 4.19196075e+02, 4.39562134e+02,
    4.00211029e+02, 4.39980774e+02 ]
