%YAML:1.0
---
points: [ 4.10073517e+02, 5.46929626e+02, 3.91418213e+02, 5.47655334e+02,
    3.72558289e+02, 5.48315674e+02, 3.53606995e+02, 5.48884583e+02,
    3.34630463e+02, 5.49549194e+02, 4.08759369e+02, 5.28844666e+02,
    3.90165588e+02, 5.29381775e+02, 3.71409760e+02, 5.30087585e+02,
    3.52582062e+02, 5.30599182e+02, 3.33503754e+02, 5.31219849e+02,
    4.07732056e+02, 5.10764496e+02, 3.89091370e+02, 5.11382355e+02,
    3.70125122e+02, 5.11938690e+02, 3.51165314e+02, 5.12523193e+02,
    3.32262604e+02, 5.13044861e+02, 4.06530090e+02, 4.92461334e+02,
    3.87740509e+02, 4.93033936e+02, 3.68931305e+02, 4.93568054e+02,
    3.49844269e+02, 4.94124207e+02, 3.30723572e+02, 4.94791565e+02,
    4.05165863e+02, 4.74246582e+02, 3.86359558e+02, 4.74807770e+02,
    3.67535675e+02, 4.75373352e+02, 3.48529602e+02, 4.75843475e+02,
    3.29298340e+02, 4.76423615e+02, 4.03624847e+02, 4.55825134e+02,
    3.85021515e+02, 4.56349915e+02, 3.66003784e+02, 4.56869171e+02,
    3.47052521e+02, 4.57461670e+02, 3.27756683e+02, 4.58074646e+02,
    4.02227203e+02, 4.37676666e+02, 3.83385284e+02, 4.38165527e+02,
    3.64552765e+02, 4.38640167e+02, 3.45373627e+02, 4.39156830e+02,
    3.26280304e+02, 4.39609253e+02 ]
