%YAML:1.0
---
points: [ 3.36342346e+02, 5.46743225e+02, 3.17597534e+02, 5.47458618e+02,
    2.98875793e+02, 5.48216553e+02, 2.79920654e+02, 5.48879211e+02,
    2.60834198e+02, 5.49566467e+02, 3.35094177e+02, 5.28638672e+02,
    3.16433044e+02, 5.29262329e+02, 2.97526154e+02, 5.29932312e+02,
    2.78761719e+02, 5.30543762e+02, 2.59625793e+02, 5.31269714e+02,
    3.33917877e+02, 5.10479492e+02, 3.15198975e+02, 5.11194763e+02,
    2.96315125e+02, 5.11808960e+02, 2.77272766e+02, 5.12459778e+02,
    2.58346283e+02, 5.13052307e+02, 3.32540344e+02, 4.92280640e+02,
    3.13715759e+02, 4.92846741e+02, 2.94846283e+02, 4.93438568e+02,
    2.75817749e+02, 4.94097198e+02, 2.56625946e+02, 4.94831909e+02,
    3.31075226e+02, 4.73962036e+02, 3.12311584e+02, 4.74648315e+02,
    2.93372284e+02, 4.75281219e+02, 2.74414307e+02, 4.75758270e+02,
    2.55172195e+02, 4.76435669e+02, 3.29422913e+02, 4.55519714e+02,
    3.10760559e+02, 4.56180298e+02, 2.91705933e+02, 4.56757812e+02,
    2.72571075e+02, 4.57383850e+02, 2.53600632e+02, 4.58080536e+02,
    3.27874207e+02, 4.37368378e+02, 3.08852417e+02, 4.37936646e+02,
    2.90200806e+02, 4.38541748e+02, 2.70981995e+02, 4.39082886e+02,
    2.51729187e+02, 4.39597168e+02 ]
