%YAML:1.0
---
points: [ 2.53374115e+02, 5.46683838e+02, 2.34559204e+02, 5.47433167e+02,
    2.16080566e+02, 5.48164490e+02, 1.97357346e+02, 5.48749451e+02,
    1.78524231e+02, 5.49482849e+02, 2.51889832e+02, 5.28654297e+02,
    2.33401520e+02, 5.29223450e+02, 2.14686066e+02, 5.29844055e+02,
    1.96130020e+02, 5.30506348e+02, 1.77263611e+02, 5.31120056e+02,
    2.50611801e+02, 5.10484955e+02, 2.32231003e+02, 5.11122406e+02,
    2.13425842e+02, 5.11777771e+02, 1.94677979e+02, 5.12413208e+02,
    1.75906784e+02, 5.12975891e+02, 2.49436478e+02, 4.92258942e+02,
    2.30668884e+02, 4.92780090e+02, 2.12121994e+02, 4.93434814e+02,
    1.93179459e+02, 4.94094147e+02, 1.74483383e+02, 4.94742249e+02,
    2.48045563e+02, 4.73956268e+02, 2.29344635e+02, 4.74649109e+02,
    2.10617508e+02, 4.75263245e+02, 1.91648987e+02, 4.75790894e+02,
    1.72768387e+02, 4.76451813e+02, 2.46393066e+02, 4.55541901e+02,
    2.27770584e+02, 4.56192017e+02, 2.08938843e+02, 4.56796844e+02,
    1.90137817e+02, 4.57395142e+02, 1.71163055e+02, 4.58165344e+02,
    2.44754166e+02, 4.37380646e+02, 2.26122772e+02, 4.37991364e+02,
    2.07191147e+02, 4.38552856e+02, 1.88323837e+02, 4.39169312e+02,
    1.69439377e+02, 4.39673889e+02 ]
