%YAML:1.0
---
points: [ 1.92513016e+02, 5.46803406e+02, 1.73862778e+02, 5.47551331e+02,
    1.55147110e+02, 5.48246399e+02, 1.36490936e+02, 5.48871704e+02,
    1.17735626e+02, 5.49497925e+02, 1.91420074e+02, 5.28692322e+02,
    1.72743408e+02, 5.29317688e+02, 1.54280289e+02, 5.29896973e+02,
    1.35133316e+02, 5.30536011e+02, 1.16540779e+02, 5.31170959e+02,
    1.90056320e+02, 5.10540100e+02, 1.71467102e+02, 5.11282135e+02,
    1.52950119e+02, 5.11859314e+02, 1.34048950e+02, 5.12438416e+02,
    1.14957939e+02, 5.13038452e+02, 1.88738541e+02, 4.92349731e+02,
    1.70123322e+02, 4.92924347e+02, 1.51439758e+02, 4.93516449e+02,
    1.32744232e+02, 4.94066833e+02, 1.13550804e+02, 4.94785461e+02,
    1.87321625e+02, 4.74148956e+02, 1.68738144e+02, 4.74731323e+02,
    1.49949646e+02, 4.75343506e+02, 1.31154526e+02, 4.75898834e+02,
    1.12175499e+02, 4.76426910e+02, 1.85852692e+02, 4.55671143e+02,
    1.67140350e+02, 4.56285645e+02, 1.48545486e+02, 4.56825104e+02,
    1.29500519e+02, 4.57494904e+02, 1.10551651e+02, 4.58156952e+02,
    1.84503708e+02, 4.37541290e+02, 1.65489899e+02, 4.38149597e+02,
    1.46697159e+02, 4.38656738e+02, 1.27858574e+02, 4.39277863e+02,
    1.08735870e+02, 4.39705841e+02 ]
