%YAML:1.0
---
points: [ 1.05353348e+02, 5.47424866e+02, 8.66396103e+01, 5.48145203e+02,
    6.80756454e+01, 5.48808594e+02, 4.94564209e+01, 5.49456421e+02,
    3.05716667e+01, 5.50157776e+02, 1.03673729e+02, 5.29202698e+02,
    8.54220810e+01, 5.29736450e+02, 6.65910568e+01, 5.30408203e+02,
    4.80719490e+01, 5.31159180e+02, 2.92637062e+01, 5.31871582e+02,
    1.02390968e+02, 5.11057190e+02, 8.38458328e+01, 5.11686951e+02,
    6.53220215e+01, 5.12335876e+02, 4.64872894e+01, 5.12908813e+02,
    2.75839233e+01, 5.13511169e+02, 1.00931969e+02, 4.92563995e+02,
    8.22969055e+01, 4.93287048e+02, 6.36755867e+01, 4.93875671e+02,
    4.48355827e+01, 4.94575378e+02, 2.59186192e+01, 4.95326324e+02,
    9.92633057e+01, 4.74418732e+02, 8.06334076e+01, 4.75022858e+02,
    6.20093498e+01, 4.75597626e+02, 4.32183914e+01, 4.76226990e+02,
    2.40864410e+01, 4.76833923e+02, 9.75000305e+01, 4.55882050e+02,
    7.89545212e+01, 4.56486206e+02, 6.02266350e+01, 4.57150726e+02,
    4.13759041e+01, 4.57777405e+02, 2.23795300e+01, 4.58462799e+02,
    9.58271637e+01, 4.37602783e+02, 7.67982025e+01, 4.38278046e+02,
    5.84122620e+01, 4.38758820e+02, 3.93622780e+01, 4.39444153e+02,
    2.01938210e+01, 4.39924469e+02 ]
