%YAML:1.0
---
points: [ 9.47455215e+00, 4.36877472e+02, 2.85157604e+01, 4.38007721e+02,
    4.74884834e+01, 4.38879578e+02, 6.60785980e+01, 4.39806030e+02,
    8.50409546e+01, 4.40823486e+02, 9.88479042e+00, 4.55258881e+02,
    2.88382778e+01, 4.56230347e+02, 4.79166489e+01, 4.57227112e+02,
    6.64794693e+01, 4.58216095e+02, 8.52400436e+01, 4.59268951e+02,
    1.02379675e+01, 4.73699585e+02, 2.90657253e+01, 4.74696381e+02,
    4.81371346e+01, 4.75732300e+02, 6.66046600e+01, 4.76559509e+02,
    8.53499756e+01, 4.77516052e+02, 1.02982512e+01, 4.92048004e+02,
    2.92312031e+01, 4.92965057e+02, 4.82224007e+01, 4.93885529e+02,
    6.66362152e+01, 4.94943176e+02, 8.53681259e+01, 4.95992462e+02,
    1.04201689e+01, 5.10327118e+02, 2.93224869e+01, 5.11483246e+02,
    4.81670113e+01, 5.12330688e+02, 6.66365051e+01, 5.13278870e+02,
    8.52657928e+01, 5.14098938e+02, 1.03977642e+01, 5.28666077e+02,
    2.91910114e+01, 5.29541077e+02, 4.80720863e+01, 5.30438171e+02,
    6.64066467e+01, 5.31432190e+02, 8.51782379e+01, 5.32483765e+02,
    1.03139229e+01, 5.46875061e+02, 2.89209995e+01, 5.47791016e+02,
    4.76741257e+01, 5.48798828e+02, 6.62058716e+01, 5.49688110e+02,
    8.48065109e+01, 5.50554138e+02 ]
