%YAML:1.0
---
points: [ 9.75806427e+01, 7.10674377e+02, 8.07662430e+01, 7.10811890e+02,
    6.37134743e+01, 7.11139832e+02, 4.64418106e+01, 7.11367004e+02,
    2.90043812e+01, 7.11656311e+02, 9.72488403e+01, 6.93306152e+02,
    8.03242111e+01, 6.93400513e+02, 6.31104507e+01, 6.93664551e+02,
    4.56751938e+01, 6.93937683e+02, 2.83920803e+01, 6.94176636e+02,
    9.64038086e+01, 6.75892761e+02, 7.95235291e+01, 6.76143860e+02,
    6.21237297e+01, 6.76355286e+02, 4.49152184e+01, 6.76569275e+02,
    2.74324474e+01, 6.76808655e+02, 9.57129288e+01, 6.58575012e+02,
    7.86339188e+01, 6.58799622e+02, 6.14083138e+01, 6.58993958e+02,
    4.40146523e+01, 6.59264893e+02, 2.66538734e+01, 6.59581543e+02,
    9.47349167e+01, 6.41178040e+02, 7.75466232e+01, 6.41300964e+02,
    6.04238243e+01, 6.41548950e+02, 4.32167587e+01, 6.41796875e+02,
    2.54780960e+01, 6.42114868e+02, 9.37386780e+01, 6.23666382e+02,
    7.67080612e+01, 6.23910583e+02, 5.94950142e+01, 6.24236816e+02,
    4.20206947e+01, 6.24438416e+02, 2.44375935e+01, 6.24677795e+02,
    9.26694946e+01, 6.06426697e+02, 7.56034317e+01, 6.06657349e+02,
    5.83811760e+01, 6.06842773e+02, 4.07401619e+01, 6.07227783e+02,
    2.33952370e+01, 6.07436279e+02 ]
