%YAML:1.0
---
points: [ 8.56198578e+01, 7.09289185e+02, 6.82711716e+01, 7.09579407e+02,
    5.04963951e+01, 7.09903442e+02, 3.29467545e+01, 7.10457764e+02,
    1.49502878e+01, 7.10831970e+02, 8.49224091e+01, 6.92174866e+02,
    6.74040070e+01, 6.92443359e+02, 4.98496857e+01, 6.92753662e+02,
    3.22025681e+01, 6.93225342e+02, 1.41461515e+01, 6.93540405e+02,
    8.41517410e+01, 6.74892090e+02, 6.65723190e+01, 6.75302002e+02,
    4.90155830e+01, 6.75584106e+02, 3.13794994e+01, 6.75907288e+02,
    1.32577190e+01, 6.76338562e+02, 8.32138748e+01, 6.57597290e+02,
    6.55536041e+01, 6.58045105e+02, 4.81023026e+01, 6.58353577e+02,
    3.02017937e+01, 6.58666687e+02, 1.23098373e+01, 6.59155579e+02,
    8.21862869e+01, 6.40336426e+02, 6.46380844e+01, 6.40593628e+02,
    4.69704819e+01, 6.41010498e+02, 2.91672592e+01, 6.41384033e+02,
    1.11731815e+01, 6.41728577e+02, 8.12750168e+01, 6.23137512e+02,
    6.36742477e+01, 6.23403503e+02, 4.56771889e+01, 6.23709595e+02,
    2.80585041e+01, 6.24156372e+02, 9.84237480e+00, 6.24479370e+02,
    8.02207642e+01, 6.05949829e+02, 6.24289742e+01, 6.06267151e+02,
    4.45647736e+01, 6.06567322e+02, 2.67509880e+01, 6.06838501e+02,
    8.65501595e+00, 6.07314026e+02 ]
