%YAML:1.0
---
points: [ 1.14732185e+02, 7.09269043e+02, 9.74297333e+01, 7.09556152e+02,
    7.98744125e+01, 7.09922546e+02, 6.21136589e+01, 7.10342407e+02,
    4.41969299e+01, 7.10694824e+02, 1.14193100e+02, 6.92158264e+02,
    9.68471222e+01, 6.92404846e+02, 7.92809143e+01, 6.92721802e+02,
    6.13606300e+01, 6.93149963e+02, 4.34872665e+01, 6.93481873e+02,
    1.13394638e+02, 6.74917297e+02, 9.59617538e+01, 6.75206909e+02,
    7.82983932e+01, 6.75545166e+02, 6.05006180e+01, 6.75846680e+02,
    4.24852715e+01, 6.76294312e+02, 1.12517624e+02, 6.57569397e+02,
    9.51276398e+01, 6.57974426e+02, 7.73291626e+01, 6.58327393e+02,
    5.96125412e+01, 6.58611206e+02, 4.15598755e+01, 6.59085938e+02,
    1.11682579e+02, 6.40331787e+02, 9.41584473e+01, 6.40562805e+02,
    7.63169174e+01, 6.40979370e+02, 5.86330833e+01, 6.41342285e+02,
    4.03861656e+01, 6.41631226e+02, 1.10706940e+02, 6.23140015e+02,
    9.29390640e+01, 6.23366638e+02, 7.54145203e+01, 6.23633179e+02,
    5.73508987e+01, 6.24092407e+02, 3.94091034e+01, 6.24402405e+02,
    1.09539162e+02, 6.05931702e+02, 9.18688202e+01, 6.06210266e+02,
    7.41714478e+01, 6.06512512e+02, 5.62745781e+01, 6.06819153e+02,
    3.83746948e+01, 6.07194519e+02 ]
