%YAML:1.0
---
points: [ 1.39281754e+02, 7.09387695e+02, 1.21883720e+02, 7.09638794e+02,
    1.04181923e+02, 7.10013062e+02, 8.65189743e+01, 7.10435852e+02,
    6.87849884e+01, 7.10735596e+02, 1.38594193e+02, 6.92267151e+02,
    1.21299500e+02, 6.92497253e+02, 1.03552116e+02, 6.92813904e+02,
    8.58336945e+01, 6.93224548e+02, 6.77526550e+01, 6.93469666e+02,
    1.37925629e+02, 6.75037109e+02, 1.20535309e+02, 6.75342468e+02,
    1.02641129e+02, 6.75596130e+02, 8.51864700e+01, 6.75885498e+02,
    6.69487610e+01, 6.76300537e+02, 1.37208435e+02, 6.57691895e+02,
    1.19446686e+02, 6.58130615e+02, 1.01795135e+02, 6.58378479e+02,
    8.41849670e+01, 6.58632446e+02, 6.60382843e+01, 6.59065186e+02,
    1.36198151e+02, 6.40411987e+02, 1.18628204e+02, 6.40656799e+02,
    1.00995255e+02, 6.41054810e+02, 8.30566864e+01, 6.41358154e+02,
    6.51625977e+01, 6.41678650e+02, 1.35296906e+02, 6.23243591e+02,
    1.17625969e+02, 6.23430359e+02, 9.99096069e+01, 6.23701355e+02,
    8.21037750e+01, 6.24080200e+02, 6.40642853e+01, 6.24424805e+02,
    1.34307648e+02, 6.06005859e+02, 1.16592560e+02, 6.06294128e+02,
    9.87695312e+01, 6.06549194e+02, 8.07946854e+01, 6.06788818e+02,
    6.30060616e+01, 6.07165710e+02 ]
