%YAML:1.0
---
points: [ 1.73141205e+02, 7.09356262e+02, 1.55798019e+02, 7.09641113e+02,
    1.38326111e+02, 7.09939392e+02, 1.20844048e+02, 7.10325012e+02,
    1.03002426e+02, 7.10657776e+02, 1.72524536e+02, 6.92305237e+02,
    1.55246307e+02, 6.92478027e+02, 1.37752533e+02, 6.92742676e+02,
    1.20143478e+02, 6.93090210e+02, 1.02372589e+02, 6.93421509e+02,
    1.71717422e+02, 6.75067322e+02, 1.54532623e+02, 6.75338318e+02,
    1.37040268e+02, 6.75566284e+02, 1.19287903e+02, 6.75805786e+02,
    1.01521271e+02, 6.76156128e+02, 1.71097565e+02, 6.57679443e+02,
    1.53780548e+02, 6.58057007e+02, 1.36141785e+02, 6.58307434e+02,
    1.18442169e+02, 6.58578857e+02, 1.00687431e+02, 6.58881287e+02,
    1.70164032e+02, 6.40396912e+02, 1.52783112e+02, 6.40626648e+02,
    1.35088257e+02, 6.40957031e+02, 1.17551247e+02, 6.41307129e+02,
    9.96275482e+01, 6.41534790e+02, 1.69458374e+02, 6.23196289e+02,
    1.51742584e+02, 6.23410950e+02, 1.34272873e+02, 6.23646057e+02,
    1.16505730e+02, 6.23966187e+02, 9.85542374e+01, 6.24293274e+02,
    1.68324829e+02, 6.05980164e+02, 1.50723633e+02, 6.06233093e+02,
    1.33123795e+02, 6.06499817e+02, 1.15429115e+02, 6.06716370e+02,
    9.75024261e+01, 6.07080139e+02 ]
