%YAML:1.0
---
points: [ 2.27227661e+02, 7.09212036e+02, 2.09959457e+02, 7.09456848e+02,
    1.92378433e+02, 7.09757935e+02, 1.74920380e+02, 7.10203796e+02,
    1.57192001e+02, 7.10551880e+02, 2.26671509e+02, 6.91988525e+02,
    2.09250671e+02, 6.92297668e+02, 1.91673096e+02, 6.92533508e+02,
    1.74350189e+02, 6.92918518e+02, 1.56409195e+02, 6.93363586e+02,
    2.25914917e+02, 6.74798035e+02, 2.08445938e+02, 6.75138733e+02,
    1.91143143e+02, 6.75384155e+02, 1.73465668e+02, 6.75670288e+02,
    1.55625183e+02, 6.76107056e+02, 2.25121552e+02, 6.57421692e+02,
    2.07738251e+02, 6.57756104e+02, 1.90258896e+02, 6.58181091e+02,
    1.72562378e+02, 6.58457825e+02, 1.54653091e+02, 6.58799744e+02,
    2.24220001e+02, 6.40210938e+02, 2.06778122e+02, 6.40467102e+02,
    1.89339966e+02, 6.40732422e+02, 1.71517807e+02, 6.41195251e+02,
    1.53841370e+02, 6.41449890e+02, 2.23384155e+02, 6.22899292e+02,
    2.06016754e+02, 6.23217163e+02, 1.88270950e+02, 6.23524780e+02,
    1.70585983e+02, 6.23807312e+02, 1.52725143e+02, 6.24241638e+02,
    2.22444397e+02, 6.05705139e+02, 2.04910324e+02, 6.06031128e+02,
    1.87016556e+02, 6.06361572e+02, 1.69537857e+02, 6.06642883e+02,
    1.51618759e+02, 6.06977417e+02 ]
