%YAML:1.0
---
points: [ 2.88755676e+02, 7.08829346e+02, 2.71269073e+02, 7.09296814e+02,
    2.53686920e+02, 7.09667664e+02, 2.35789383e+02, 7.10186218e+02,
    2.18189728e+02, 7.10614014e+02, 2.88033264e+02, 6.91697266e+02,
    2.70621796e+02, 6.92136414e+02, 2.53129562e+02, 6.92516602e+02,
    2.35183151e+02, 6.93021057e+02, 2.17343170e+02, 6.93383118e+02,
    2.87335327e+02, 6.74592834e+02, 2.69950104e+02, 6.74849792e+02,
    2.52233368e+02, 6.75309143e+02, 2.34441467e+02, 6.75686523e+02,
    2.16556961e+02, 6.76166565e+02, 2.86537048e+02, 6.57182983e+02,
    2.69111664e+02, 6.57606323e+02, 2.51362350e+02, 6.58051636e+02,
    2.33520645e+02, 6.58473999e+02, 2.15513367e+02, 6.58854431e+02,
    2.85782410e+02, 6.39942322e+02, 2.68343414e+02, 6.40354187e+02,
    2.50389404e+02, 6.40700989e+02, 2.32620621e+02, 6.41185425e+02,
    2.14546417e+02, 6.41541443e+02, 2.84891205e+02, 6.22700562e+02,
    2.67206360e+02, 6.23128174e+02, 2.49485413e+02, 6.23463745e+02,
    2.31672852e+02, 6.23800537e+02, 2.13476486e+02, 6.24316772e+02,
    2.83959534e+02, 6.05510010e+02, 2.66207581e+02, 6.05861450e+02,
    2.48471573e+02, 6.06299194e+02, 2.30428925e+02, 6.06659973e+02,
    2.12479248e+02, 6.07090454e+02 ]
