%YAML:1.0
---
points: [ 3.50641541e+02, 7.08361877e+02, 3.33303802e+02, 7.08624451e+02,
    3.15739380e+02, 7.09065491e+02, 2.97880310e+02, 7.09463501e+02,
    2.80317871e+02, 7.09822632e+02, 3.50194031e+02, 6.91334839e+02,
    3.32738251e+02, 6.91644287e+02, 3.15198578e+02, 6.91920105e+02,
    2.97451019e+02, 6.92327087e+02, 2.79531097e+02, 6.92698120e+02,
    3.49597107e+02, 6.74065308e+02, 3.32287231e+02, 6.74430298e+02,
    3.14384094e+02, 6.74743958e+02, 2.96759247e+02, 6.75205872e+02,
    2.78792877e+02, 6.75536926e+02, 3.48972900e+02, 6.56701721e+02,
    3.31351471e+02, 6.57064087e+02, 3.13653351e+02, 6.57513733e+02,
    2.96006805e+02, 6.57866211e+02, 2.77932922e+02, 6.58313049e+02,
    3.48209991e+02, 6.39612915e+02, 3.30581238e+02, 6.39839172e+02,
    3.12793640e+02, 6.40246094e+02, 2.95287018e+02, 6.40585510e+02,
    2.77096252e+02, 6.41026978e+02, 3.47494690e+02, 6.22488342e+02,
    3.29613495e+02, 6.22698608e+02, 3.12101227e+02, 6.23046204e+02,
    2.94143860e+02, 6.23362061e+02, 2.76277710e+02, 6.23706482e+02,
    3.46451294e+02, 6.05182251e+02, 3.28777435e+02, 6.05503479e+02,
    3.11076172e+02, 6.05895813e+02, 2.93219116e+02, 6.06232361e+02,
    2.75388397e+02, 6.06569763e+02 ]
