%YAML:1.0
---
points: [ 4.18208954e+02, 7.08146545e+02, 4.00776215e+02, 7.08386292e+02,
    3.83120850e+02, 7.08652649e+02, 3.65486023e+02, 7.09119324e+02,
    3.47789459e+02, 7.09378052e+02, 4.17728363e+02, 6.91030823e+02,
    4.00278809e+02, 6.91343018e+02, 3.82608246e+02, 6.91591797e+02,
    3.64958130e+02, 6.92004211e+02, 3.47296082e+02, 6.92367920e+02,
    4.17252319e+02, 6.73803772e+02, 3.99779175e+02, 6.74204895e+02,
    3.82001862e+02, 6.74458862e+02, 3.64495972e+02, 6.74749878e+02,
    3.46443878e+02, 6.75237061e+02, 4.16657593e+02, 6.56512695e+02,
    3.99021912e+02, 6.56794922e+02, 3.81408051e+02, 6.57182434e+02,
    3.63772766e+02, 6.57523865e+02, 3.45718506e+02, 6.57903992e+02,
    4.16058472e+02, 6.39454346e+02, 3.98377075e+02, 6.39671326e+02,
    3.80789032e+02, 6.40001221e+02, 3.63084900e+02, 6.40355103e+02,
    3.44976379e+02, 6.40629822e+02, 4.15276306e+02, 6.22392578e+02,
    3.97712128e+02, 6.22629211e+02, 3.80014435e+02, 6.22786011e+02,
    3.62138763e+02, 6.23185852e+02, 3.44306976e+02, 6.23463806e+02,
    4.14531403e+02, 6.05086670e+02, 3.96876953e+02, 6.05381958e+02,
    3.79228394e+02, 6.05677490e+02, 3.61280182e+02, 6.05997864e+02,
    3.43451721e+02, 6.06324097e+02 ]
