%YAML:1.0
---
points: [ 4.97220154e+02, 7.08074463e+02, 4.79963501e+02, 7.08290894e+02,
    4.62317444e+02, 7.08526306e+02, 4.44779572e+02, 7.08743225e+02,
    4.27151764e+02, 7.09158020e+02, 4.96880066e+02, 6.90990417e+02,
    4.79575714e+02, 6.91308350e+02, 4.61951874e+02, 6.91489746e+02,
    4.44441101e+02, 6.91729736e+02, 4.26672455e+02, 6.92172302e+02,
    4.96421906e+02, 6.73784241e+02, 4.79077545e+02, 6.74112854e+02,
    4.61492493e+02, 6.74396851e+02, 4.43853241e+02, 6.74628174e+02,
    4.26176697e+02, 6.74953552e+02, 4.95853790e+02, 6.56546326e+02,
    4.78594147e+02, 6.56770874e+02, 4.60834778e+02, 6.57111023e+02,
    4.43450562e+02, 6.57383728e+02, 4.25452911e+02, 6.57738525e+02,
    4.95496948e+02, 6.39527771e+02, 4.77857025e+02, 6.39681152e+02,
    4.60393005e+02, 6.39964294e+02, 4.42789276e+02, 6.40275085e+02,
    4.24776825e+02, 6.40514343e+02, 4.94855957e+02, 6.22465515e+02,
    4.77305420e+02, 6.22637024e+02, 4.59738434e+02, 6.22752625e+02,
    4.42112671e+02, 6.23129456e+02, 4.24118408e+02, 6.23378479e+02,
    4.94230743e+02, 6.05256226e+02, 4.76639618e+02, 6.05519775e+02,
    4.59043121e+02, 6.05740845e+02, 4.41370575e+02, 6.06019287e+02,
    4.23426178e+02, 6.06273926e+02 ]
