%YAML:1.0
---
points: [ 5.51319397e+02, 7.07656738e+02, 5.34120911e+02, 7.08072144e+02,
    5.16720032e+02, 7.08331543e+02, 4.99033478e+02, 7.08619812e+02,
    4.81493713e+02, 7.09009094e+02, 5.51019409e+02, 6.90642334e+02,
    5.33708191e+02, 6.91003479e+02, 5.16335022e+02, 6.91372681e+02,
    4.98698914e+02, 6.91650208e+02, 4.80973877e+02, 6.92078430e+02,
    5.50467896e+02, 6.73491394e+02, 5.33213013e+02, 6.73781433e+02,
    5.15789246e+02, 6.74222412e+02, 4.98183105e+02, 6.74576233e+02,
    4.80504761e+02, 6.74853516e+02, 5.49862671e+02, 6.56382263e+02,
    5.32666870e+02, 6.56650391e+02, 5.15273499e+02, 6.56877808e+02,
    4.97536804e+02, 6.57276917e+02, 4.79960846e+02, 6.57715210e+02,
    5.49455750e+02, 6.39350220e+02, 5.32277954e+02, 6.39547913e+02,
    5.14493958e+02, 6.39791687e+02, 4.97041870e+02, 6.40233643e+02,
    4.79268738e+02, 6.40505066e+02, 5.48924805e+02, 6.22358582e+02,
    5.31530396e+02, 6.22524841e+02, 5.13988403e+02, 6.22707458e+02,
    4.96280304e+02, 6.23111145e+02, 4.78608398e+02, 6.23431824e+02,
    5.48304260e+02, 6.05057922e+02, 5.30867065e+02, 6.05368652e+02,
    5.13227356e+02, 6.05680664e+02, 4.95657288e+02, 6.05978333e+02,
    4.77753937e+02, 6.06308777e+02 ]
