%YAML:1.0
---
points: [ 6.01419495e+02, 7.07381470e+02, 5.84270752e+02, 7.07695374e+02,
    5.66622803e+02, 7.08173767e+02, 5.49384033e+02, 7.08490784e+02,
    5.31899902e+02, 7.08894287e+02, 6.00989136e+02, 6.90393188e+02,
    5.83709595e+02, 6.90705261e+02, 5.66296997e+02, 6.91211670e+02,
    5.48924072e+02, 6.91531799e+02, 5.31348145e+02, 6.91870667e+02,
    6.00436951e+02, 6.73271118e+02, 5.83082336e+02, 6.73571167e+02,
    5.65828918e+02, 6.74056885e+02, 5.48398804e+02, 6.74460876e+02,
    5.30768005e+02, 6.74834534e+02, 5.99901978e+02, 6.56196655e+02,
    5.82565063e+02, 6.56411804e+02, 5.65174744e+02, 6.56800354e+02,
    5.47783997e+02, 6.57190308e+02, 5.30142090e+02, 6.57673279e+02,
    5.99312012e+02, 6.39204407e+02, 5.81896484e+02, 6.39485962e+02,
    5.64620728e+02, 6.39725220e+02, 5.47230957e+02, 6.40168274e+02,
    5.29392151e+02, 6.40516602e+02, 5.98569702e+02, 6.22186462e+02,
    5.81404236e+02, 6.22454102e+02, 5.64017578e+02, 6.22653198e+02,
    5.46310547e+02, 6.23087463e+02, 5.28722839e+02, 6.23448547e+02,
    5.98022888e+02, 6.04850830e+02, 5.80714539e+02, 6.05262268e+02,
    5.63272461e+02, 6.05679077e+02, 5.45604431e+02, 6.06024292e+02,
    5.27950806e+02, 6.06374512e+02 ]
