%YAML:1.0
---
points: [ 6.65314636e+02, 7.06859436e+02, 6.48280884e+02, 7.07237061e+02,
    6.30896118e+02, 7.07586853e+02, 6.13573303e+02, 7.08021606e+02,
    5.96297852e+02, 7.08364075e+02, 6.64904236e+02, 6.89873291e+02,
    6.47791687e+02, 6.90277283e+02, 6.30457520e+02, 6.90574036e+02,
    6.13225708e+02, 6.91069092e+02, 5.95696655e+02, 6.91498413e+02,
    6.64451416e+02, 6.72692444e+02, 6.47327087e+02, 6.73121399e+02,
    6.29932556e+02, 6.73494080e+02, 6.12698059e+02, 6.73917786e+02,
    5.95174072e+02, 6.74386841e+02, 6.63901611e+02, 6.55691223e+02,
    6.46793884e+02, 6.56083252e+02, 6.29423157e+02, 6.56450012e+02,
    6.12144531e+02, 6.56703979e+02, 5.94659607e+02, 6.57239197e+02,
    6.63515015e+02, 6.38762146e+02, 6.46222778e+02, 6.39157532e+02,
    6.28786682e+02, 6.39412415e+02, 6.11612000e+02, 6.39703857e+02,
    5.93937073e+02, 6.40190063e+02, 6.62874817e+02, 6.21743896e+02,
    6.45516418e+02, 6.22188049e+02, 6.28295227e+02, 6.22466675e+02,
    6.10966309e+02, 6.22710144e+02, 5.93251160e+02, 6.23195007e+02,
    6.62270691e+02, 6.04601746e+02, 6.45021973e+02, 6.04942383e+02,
    6.27651428e+02, 6.05354553e+02, 6.10269531e+02, 6.05689758e+02,
    5.92649414e+02, 6.06045410e+02 ]
