%YAML:1.0
---
points: [ 7.24335999e+02, 7.06700317e+02, 7.07348511e+02, 7.06908386e+02,
    6.90275940e+02, 7.07286316e+02, 6.72987610e+02, 7.07573547e+02,
    6.55482605e+02, 7.08095154e+02, 7.24000427e+02, 6.89670044e+02,
    7.06995483e+02, 6.90002441e+02, 6.89802856e+02, 6.90335327e+02,
    6.72524353e+02, 6.90682861e+02, 6.55214661e+02, 6.91169250e+02,
    7.23624939e+02, 6.72583435e+02, 7.06654541e+02, 6.72797363e+02,
    6.89427979e+02, 6.73209778e+02, 6.72068542e+02, 6.73587769e+02,
    6.54722412e+02, 6.74036621e+02, 7.23262085e+02, 6.55560547e+02,
    7.06208008e+02, 6.55848389e+02, 6.88942322e+02, 6.56196899e+02,
    6.71607788e+02, 6.56454041e+02, 6.54236694e+02, 6.56812866e+02,
    7.22763184e+02, 6.38635193e+02, 7.05763550e+02, 6.38860168e+02,
    6.88477295e+02, 6.39272949e+02, 6.71105347e+02, 6.39505859e+02,
    6.53703308e+02, 6.39843506e+02, 7.22379456e+02, 6.21601257e+02,
    7.05327515e+02, 6.21963684e+02, 6.87817078e+02, 6.22306396e+02,
    6.70521790e+02, 6.22559143e+02, 6.53285217e+02, 6.22776611e+02,
    7.21894592e+02, 6.04537720e+02, 7.04688110e+02, 6.04745667e+02,
    6.87319092e+02, 6.05183777e+02, 6.70147766e+02, 6.05490967e+02,
    6.52673157e+02, 6.05814636e+02 ]
