%YAML:1.0
---
points: [ 7.89199890e+02, 7.06614380e+02, 7.72044678e+02, 7.06817505e+02,
    7.54920105e+02, 7.07106384e+02, 7.37827148e+02, 7.07419739e+02,
    7.20624207e+02, 7.07713928e+02, 7.88847717e+02, 6.89647034e+02,
    7.71732910e+02, 6.89925232e+02, 7.54705933e+02, 6.90220520e+02,
    7.37553284e+02, 6.90487305e+02, 7.20304260e+02, 6.90764954e+02,
    7.88464600e+02, 6.72573547e+02, 7.71398804e+02, 6.72752441e+02,
    7.54411804e+02, 6.73080322e+02, 7.37314636e+02, 6.73378723e+02,
    7.19819641e+02, 6.73728760e+02, 7.88084412e+02, 6.55561157e+02,
    7.71109863e+02, 6.55801025e+02, 7.54081238e+02, 6.56099182e+02,
    7.36800903e+02, 6.56335815e+02, 7.19408020e+02, 6.56586304e+02,
    7.87764221e+02, 6.38697266e+02, 7.70667603e+02, 6.38895630e+02,
    7.53639160e+02, 6.39171936e+02, 7.36442688e+02, 6.39444031e+02,
    7.19103210e+02, 6.39652283e+02, 7.87366638e+02, 6.21710999e+02,
    7.70376099e+02, 6.21999512e+02, 7.53242920e+02, 6.22252197e+02,
    7.35990479e+02, 6.22461121e+02, 7.18588379e+02, 6.22643738e+02,
    7.86967590e+02, 6.04621887e+02, 7.69976379e+02, 6.04795532e+02,
    7.52832336e+02, 6.05144836e+02, 7.35500305e+02, 6.05405884e+02,
    7.18202209e+02, 6.05668579e+02 ]
