%YAML:1.0
---
points: [ 7.89175476e+02, 7.06586609e+02, 7.71965454e+02, 7.06779114e+02,
    7.54874939e+02, 7.07038757e+02, 7.37775513e+02, 7.07405884e+02,
    7.20594849e+02, 7.07694336e+02, 7.88771667e+02, 6.89617920e+02,
    7.71677917e+02, 6.89825256e+02, 7.54650269e+02, 6.90211426e+02,
    7.37542786e+02, 6.90480957e+02, 7.20293457e+02, 6.90751709e+02,
    7.88429810e+02, 6.72529114e+02, 7.71352600e+02, 6.72750916e+02,
    7.54337341e+02, 6.72989441e+02, 7.37244873e+02, 6.73351990e+02,
    7.19718689e+02, 6.73720703e+02, 7.87939941e+02, 6.55542603e+02,
    7.71005920e+02, 6.55777100e+02, 7.53975891e+02, 6.56093201e+02,
    7.36736633e+02, 6.56310730e+02, 7.19350586e+02, 6.56606140e+02,
    7.87633362e+02, 6.38640808e+02, 7.70640442e+02, 6.38815735e+02,
    7.53554077e+02, 6.39156433e+02, 7.36343689e+02, 6.39466614e+02,
    7.18901978e+02, 6.39662354e+02, 7.87288330e+02, 6.21661438e+02,
    7.70282715e+02, 6.21918213e+02, 7.53169983e+02, 6.22221252e+02,
    7.35835144e+02, 6.22456238e+02, 7.18496704e+02, 6.22655457e+02,
    7.86854980e+02, 6.04570251e+02, 7.69817871e+02, 6.04774109e+02,
    7.52717346e+02, 6.05078430e+02, 7.35424988e+02, 6.05426086e+02,
    7.18118469e+02, 6.05671753e+02 ]
