%YAML:1.0
---
points: [ 8.40654663e+02, 7.06655090e+02, 8.23730347e+02, 7.06772278e+02,
    8.06639343e+02, 7.07067505e+02, 7.89686829e+02, 7.07347229e+02,
    7.72483582e+02, 7.07580933e+02, 8.40394043e+02, 6.89631775e+02,
    8.23496948e+02, 6.89847717e+02, 8.06433655e+02, 6.90167603e+02,
    7.89442810e+02, 6.90426453e+02, 7.72155945e+02, 6.90677612e+02,
    8.40171143e+02, 6.72570923e+02, 8.23232605e+02, 6.72786743e+02,
    8.06184143e+02, 6.73004150e+02, 7.89170898e+02, 6.73331543e+02,
    7.71715942e+02, 6.73592651e+02, 8.39793213e+02, 6.55599976e+02,
    8.22880676e+02, 6.55810547e+02, 8.05816650e+02, 6.56063904e+02,
    7.88681824e+02, 6.56294861e+02, 7.71394714e+02, 6.56548462e+02,
    8.39532776e+02, 6.38723083e+02, 8.22622986e+02, 6.38870850e+02,
    8.05521667e+02, 6.39179077e+02, 7.88323059e+02, 6.39439575e+02,
    7.71079651e+02, 6.39612427e+02, 8.39230164e+02, 6.21793518e+02,
    8.22277710e+02, 6.22001587e+02, 8.05196106e+02, 6.22271423e+02,
    7.87819702e+02, 6.22447876e+02, 7.70652588e+02, 6.22632324e+02,
    8.38880249e+02, 6.04662048e+02, 8.21963684e+02, 6.04838074e+02,
    8.04768921e+02, 6.05166748e+02, 7.87493286e+02, 6.05439880e+02,
    7.70340332e+02, 6.05616577e+02 ]
