%YAML:1.0
---
points: [ 9.02105957e+02, 7.06500305e+02, 8.85257568e+02, 7.06652710e+02,
    8.68266479e+02, 7.06924561e+02, 8.51179871e+02, 7.07320129e+02,
    8.33900757e+02, 7.07561768e+02, 9.01744995e+02, 6.89500793e+02,
    8.84896484e+02, 6.89735596e+02, 8.67903870e+02, 6.90139587e+02,
    8.50753418e+02, 6.90371765e+02, 8.33636719e+02, 6.90682068e+02,
    9.01526245e+02, 6.72448425e+02, 8.84639282e+02, 6.72675537e+02,
    8.67517334e+02, 6.72890991e+02, 8.50426025e+02, 6.73321228e+02,
    8.33309204e+02, 6.73634827e+02, 9.01316895e+02, 6.55514343e+02,
    8.84310730e+02, 6.55726440e+02, 8.67126831e+02, 6.56013184e+02,
    8.50135010e+02, 6.56271362e+02, 8.32979553e+02, 6.56562805e+02,
    9.00950134e+02, 6.38644165e+02, 8.83895874e+02, 6.38842346e+02,
    8.66750122e+02, 6.39124451e+02, 8.49700500e+02, 6.39418579e+02,
    8.32562195e+02, 6.39672791e+02, 9.00624207e+02, 6.21655273e+02,
    8.83585144e+02, 6.21885437e+02, 8.66424561e+02, 6.22264648e+02,
    8.49427917e+02, 6.22457214e+02, 8.32269531e+02, 6.22688965e+02,
    9.00401672e+02, 6.04588623e+02, 8.83213745e+02, 6.04792847e+02,
    8.66101013e+02, 6.05107178e+02, 8.49075989e+02, 6.05448730e+02,
    8.31834717e+02, 6.05724243e+02 ]
