%YAML:1.0
---
points: [ 9.53503357e+02, 7.06358459e+02, 9.36599915e+02, 7.06562561e+02,
    9.19522156e+02, 7.06853821e+02, 9.02468933e+02, 7.07321167e+02,
    8.85535828e+02, 7.07558472e+02, 9.53216309e+02, 6.89344910e+02,
    9.36266418e+02, 6.89627197e+02, 9.19185059e+02, 6.90068481e+02,
    9.02197632e+02, 6.90376282e+02, 8.85175049e+02, 6.90740234e+02,
    9.52781982e+02, 6.72354614e+02, 9.35813782e+02, 6.72569763e+02,
    9.18767090e+02, 6.72880615e+02, 9.01792847e+02, 6.73307983e+02,
    8.84753174e+02, 6.73679749e+02, 9.52476562e+02, 6.55418518e+02,
    9.35478027e+02, 6.55641174e+02, 9.18403992e+02, 6.55936646e+02,
    9.01424927e+02, 6.56331299e+02, 8.84401855e+02, 6.56574280e+02,
    9.52207825e+02, 6.38525269e+02, 9.35030090e+02, 6.38767517e+02,
    9.18080994e+02, 6.39079102e+02, 9.01218323e+02, 6.39458557e+02,
    8.83933350e+02, 6.39736694e+02, 9.51731445e+02, 6.21523987e+02,
    9.34668335e+02, 6.21835754e+02, 9.17646057e+02, 6.22237915e+02,
    9.00691101e+02, 6.22503784e+02, 8.83523560e+02, 6.22754211e+02,
    9.51414612e+02, 6.04435547e+02, 9.34323730e+02, 6.04718140e+02,
    9.17367615e+02, 6.05111023e+02, 9.00344177e+02, 6.05516846e+02,
    8.83165649e+02, 6.05757202e+02 ]
