%YAML:1.0
---
points: [ 9.71783142e+02, 7.06352539e+02, 9.54842957e+02, 7.06549438e+02,
    9.37915039e+02, 7.06847046e+02, 9.21063354e+02, 7.07209229e+02,
    9.03888611e+02, 7.07543762e+02, 9.71521362e+02, 6.89380310e+02,
    9.54523804e+02, 6.89618103e+02, 9.37635559e+02, 6.90004944e+02,
    9.20647766e+02, 6.90347900e+02, 9.03485168e+02, 6.90624634e+02,
    9.71250671e+02, 6.72349060e+02, 9.54293457e+02, 6.72582703e+02,
    9.37366394e+02, 6.72829834e+02, 9.20356384e+02, 6.73240540e+02,
    9.03152771e+02, 6.73589355e+02, 9.70880371e+02, 6.55401062e+02,
    9.53895996e+02, 6.55647949e+02, 9.36977905e+02, 6.55892761e+02,
    9.19860046e+02, 6.56237488e+02, 9.02705200e+02, 6.56551514e+02,
    9.70582275e+02, 6.38514587e+02, 9.53641235e+02, 6.38756592e+02,
    9.36632812e+02, 6.39080872e+02, 9.19544739e+02, 6.39393555e+02,
    9.02405457e+02, 6.39632629e+02, 9.70339966e+02, 6.21575012e+02,
    9.53418030e+02, 6.21816711e+02, 9.36294739e+02, 6.22196655e+02,
    9.19222839e+02, 6.22479553e+02, 9.02055115e+02, 6.22691956e+02,
    9.70129272e+02, 6.04444092e+02, 9.53074707e+02, 6.04743958e+02,
    9.35987549e+02, 6.05115417e+02, 9.18827698e+02, 6.05436890e+02,
    9.01693848e+02, 6.05745483e+02 ]
