%YAML:1.0
---
points: [ 1.02435278e+03, 7.06328796e+02, 1.00741675e+03, 7.06492310e+02,
    9.90518555e+02, 7.06739319e+02, 9.73566345e+02, 7.07117188e+02,
    9.56477783e+02, 7.07372070e+02, 1.02409729e+03, 6.89333374e+02,
    1.00723816e+03, 6.89551880e+02, 9.90253540e+02, 6.89838501e+02,
    9.73321838e+02, 6.90219116e+02, 9.56116272e+02, 6.90514587e+02,
    1.02377606e+03, 6.72277832e+02, 1.00690076e+03, 6.72513000e+02,
    9.89966125e+02, 6.72797485e+02, 9.72954834e+02, 6.73123596e+02,
    9.55752625e+02, 6.73479553e+02, 1.02353784e+03, 6.55331055e+02,
    1.00657983e+03, 6.55574646e+02, 9.89651733e+02, 6.55809753e+02,
    9.72649353e+02, 6.56104065e+02, 9.55467529e+02, 6.56480164e+02,
    1.02334637e+03, 6.38463135e+02, 1.00638867e+03, 6.38666687e+02,
    9.89442688e+02, 6.39029968e+02, 9.72360596e+02, 6.39274963e+02,
    9.55237122e+02, 6.39554626e+02, 1.02317047e+03, 6.21517273e+02,
    1.00623828e+03, 6.21749329e+02, 9.89147278e+02, 6.22140869e+02,
    9.72052673e+02, 6.22342590e+02, 9.54881653e+02, 6.22609924e+02,
    1.02279047e+03, 6.04396362e+02, 1.00591425e+03, 6.04663574e+02,
    9.88869324e+02, 6.04920776e+02, 9.71715210e+02, 6.05338257e+02,
    9.54583313e+02, 6.05619141e+02 ]
