%YAML:1.0
---
points: [ 1.09634570e+03, 7.06283142e+02, 1.07944641e+03, 7.06506592e+02,
    1.06244763e+03, 7.06745789e+02, 1.04543787e+03, 7.07110107e+02,
    1.02844507e+03, 7.07395569e+02, 1.09614954e+03, 6.89298035e+02,
    1.07921985e+03, 6.89532288e+02, 1.06216980e+03, 6.89851440e+02,
    1.04521997e+03, 6.90235107e+02, 1.02824670e+03, 6.90557068e+02,
    1.09582483e+03, 6.72263672e+02, 1.07893567e+03, 6.72461487e+02,
    1.06181738e+03, 6.72744263e+02, 1.04500525e+03, 6.73113403e+02,
    1.02788220e+03, 6.73520630e+02, 1.09566125e+03, 6.55314880e+02,
    1.07870581e+03, 6.55543274e+02, 1.06164160e+03, 6.55799438e+02,
    1.04467334e+03, 6.56141602e+02, 1.02765271e+03, 6.56462769e+02,
    1.09546643e+03, 6.38425720e+02, 1.07853467e+03, 6.38586731e+02,
    1.06144775e+03, 6.39011169e+02, 1.04449744e+03, 6.39270447e+02,
    1.02748181e+03, 6.39553528e+02, 1.09536938e+03, 6.21443054e+02,
    1.07837305e+03, 6.21742798e+02, 1.06125049e+03, 6.22048340e+02,
    1.04433936e+03, 6.22330322e+02, 1.02732312e+03, 6.22593079e+02,
    1.09521387e+03, 6.04345154e+02, 1.07820642e+03, 6.04631104e+02,
    1.06112451e+03, 6.04890442e+02, 1.04419128e+03, 6.05311829e+02,
    1.02709802e+03, 6.05588379e+02 ]
