%YAML:1.0
---
points: [ 1.14429761e+03, 7.06331055e+02, 1.12739587e+03, 7.06545532e+02,
    1.11044495e+03, 7.06718750e+02, 1.09343359e+03, 7.07095947e+02,
    1.07637720e+03, 7.07356689e+02, 1.14410303e+03, 6.89367554e+02,
    1.12720386e+03, 6.89567261e+02, 1.11021130e+03, 6.89818420e+02,
    1.09319604e+03, 6.90218445e+02, 1.07613684e+03, 6.90496704e+02,
    1.14384753e+03, 6.72290894e+02, 1.12703088e+03, 6.72533386e+02,
    1.10998218e+03, 6.72740295e+02, 1.09294360e+03, 6.73076050e+02,
    1.07585864e+03, 6.73429199e+02, 1.14368958e+03, 6.55380493e+02,
    1.12676855e+03, 6.55561218e+02, 1.10977441e+03, 6.55796692e+02,
    1.09271802e+03, 6.56073364e+02, 1.07570483e+03, 6.56440063e+02,
    1.14355811e+03, 6.38465576e+02, 1.12666650e+03, 6.38642029e+02,
    1.10960828e+03, 6.38953003e+02, 1.09259839e+03, 6.39250488e+02,
    1.07551355e+03, 6.39497925e+02, 1.14347327e+03, 6.21491455e+02,
    1.12654114e+03, 6.21706970e+02, 1.10946021e+03, 6.22073242e+02,
    1.09242200e+03, 6.22314453e+02, 1.07539282e+03, 6.22560852e+02,
    1.14338843e+03, 6.04368469e+02, 1.12643652e+03, 6.04625061e+02,
    1.10937415e+03, 6.04881348e+02, 1.09227051e+03, 6.05278870e+02,
    1.07527490e+03, 6.05523560e+02 ]
