%YAML:1.0
---
points: [ 1.14855225e+03, 7.06390625e+02, 1.13167346e+03, 7.06537659e+02,
    1.11460217e+03, 7.06812256e+02, 1.09762683e+03, 7.07164062e+02,
    1.08066980e+03, 7.07379700e+02, 1.14841333e+03, 6.89400940e+02,
    1.13142981e+03, 6.89615112e+02, 1.11439697e+03, 6.89919312e+02,
    1.09737390e+03, 6.90203064e+02, 1.08045532e+03, 6.90527588e+02,
    1.14826001e+03, 6.72293457e+02, 1.13129907e+03, 6.72545837e+02,
    1.11418396e+03, 6.72766113e+02, 1.09719250e+03, 6.73150696e+02,
    1.08029163e+03, 6.73445435e+02, 1.14809314e+03, 6.55396240e+02,
    1.13112744e+03, 6.55546753e+02, 1.11397986e+03, 6.55863098e+02,
    1.09698669e+03, 6.56087708e+02, 1.08013586e+03, 6.56426697e+02,
    1.14789258e+03, 6.38450073e+02, 1.13085425e+03, 6.38661804e+02,
    1.11375220e+03, 6.38963501e+02, 1.09679932e+03, 6.39279785e+02,
    1.07983533e+03, 6.39495178e+02, 1.14780249e+03, 6.21497681e+02,
    1.13074048e+03, 6.21756104e+02, 1.11363074e+03, 6.22072021e+02,
    1.09664148e+03, 6.22346313e+02, 1.07970483e+03, 6.22528137e+02,
    1.14767200e+03, 6.04416626e+02, 1.13067224e+03, 6.04608398e+02,
    1.11356543e+03, 6.04892395e+02, 1.09654333e+03, 6.05303711e+02,
    1.07959460e+03, 6.05531311e+02 ]
