%YAML:1.0
---
points: [ 1.20210840e+03, 7.06578735e+02, 1.18523767e+03, 7.06693481e+02,
    1.16814795e+03, 7.06963257e+02, 1.15106775e+03, 7.07307800e+02,
    1.13408533e+03, 7.07526245e+02, 1.20191394e+03, 6.89574890e+02,
    1.18501123e+03, 6.89736938e+02, 1.16794690e+03, 6.90054382e+02,
    1.15082947e+03, 6.90342896e+02, 1.13389502e+03, 6.90638611e+02,
    1.20169055e+03, 6.72501038e+02, 1.18473999e+03, 6.72678223e+02,
    1.16770679e+03, 6.72871399e+02, 1.15070789e+03, 6.73295898e+02,
    1.13369299e+03, 6.73573059e+02, 1.20162317e+03, 6.55486633e+02,
    1.18469397e+03, 6.55723877e+02, 1.16758862e+03, 6.55966309e+02,
    1.15058691e+03, 6.56202271e+02, 1.13359766e+03, 6.56510376e+02,
    1.20154309e+03, 6.38589233e+02, 1.18461328e+03, 6.38793945e+02,
    1.16751294e+03, 6.39140198e+02, 1.15047375e+03, 6.39364563e+02,
    1.13349963e+03, 6.39579956e+02, 1.20150574e+03, 6.21588745e+02,
    1.18455615e+03, 6.21880615e+02, 1.16746826e+03, 6.22229736e+02,
    1.15039380e+03, 6.22385620e+02, 1.13342957e+03, 6.22599121e+02,
    1.20150171e+03, 6.04564209e+02, 1.18455054e+03, 6.04721558e+02,
    1.16746216e+03, 6.05017578e+02, 1.15038220e+03, 6.05401184e+02,
    1.13339307e+03, 6.05596619e+02 ]
