%YAML:1.0
---
points: [ 1.23749695e+03, 7.06417358e+02, 1.22057874e+03, 7.06562988e+02,
    1.20349036e+03, 7.06842102e+02, 1.18660852e+03, 7.07244202e+02,
    1.16962524e+03, 7.07504639e+02, 1.23734094e+03, 6.89399841e+02,
    1.22035608e+03, 6.89625610e+02, 1.20324036e+03, 6.89921814e+02,
    1.18638196e+03, 6.90285034e+02, 1.16944067e+03, 6.90624634e+02,
    1.23720728e+03, 6.72303772e+02, 1.22017932e+03, 6.72574707e+02,
    1.20309387e+03, 6.72802429e+02, 1.18623755e+03, 6.73199341e+02,
    1.16930750e+03, 6.73543152e+02, 1.23702466e+03, 6.55387268e+02,
    1.21999292e+03, 6.55575806e+02, 1.20286340e+03, 6.55857239e+02,
    1.18613135e+03, 6.56119568e+02, 1.16914465e+03, 6.56519531e+02,
    1.23686963e+03, 6.38427002e+02, 1.21979492e+03, 6.38637695e+02,
    1.20277795e+03, 6.39017090e+02, 1.18593311e+03, 6.39306335e+02,
    1.16902197e+03, 6.39560852e+02, 1.23683350e+03, 6.21473206e+02,
    1.21979834e+03, 6.21727356e+02, 1.20271851e+03, 6.22091614e+02,
    1.18582251e+03, 6.22366211e+02, 1.16886719e+03, 6.22587830e+02,
    1.23676196e+03, 6.04347168e+02, 1.21976550e+03, 6.04597534e+02,
    1.20270215e+03, 6.04922974e+02, 1.18582959e+03, 6.05289917e+02,
    1.16882141e+03, 6.05578186e+02 ]
