%YAML:1.0
---
points: [ 1.27552051e+03, 7.06409546e+02, 1.25857141e+03, 7.06561157e+02,
    1.24153015e+03, 7.06852905e+02, 1.22451355e+03, 7.07265625e+02,
    1.20751392e+03, 7.07526978e+02, 1.27534802e+03, 6.89398804e+02,
    1.25840198e+03, 6.89603210e+02, 1.24126465e+03, 6.89963684e+02,
    1.22428796e+03, 6.90293152e+02, 1.20734204e+03, 6.90634399e+02,
    1.27518945e+03, 6.72317627e+02, 1.25819470e+03, 6.72526306e+02,
    1.24111877e+03, 6.72801025e+02, 1.22410864e+03, 6.73183411e+02,
    1.20720471e+03, 6.73556519e+02, 1.27504968e+03, 6.55357666e+02,
    1.25804004e+03, 6.55558655e+02, 1.24096033e+03, 6.55866760e+02,
    1.22389612e+03, 6.56129211e+02, 1.20707336e+03, 6.56526978e+02,
    1.27488464e+03, 6.38385986e+02, 1.25790442e+03, 6.38636963e+02,
    1.24080981e+03, 6.38942871e+02, 1.22381250e+03, 6.39315125e+02,
    1.20688220e+03, 6.39583374e+02, 1.27482837e+03, 6.21430786e+02,
    1.25785925e+03, 6.21695862e+02, 1.24077100e+03, 6.22056824e+02,
    1.22370007e+03, 6.22346069e+02, 1.20680457e+03, 6.22603699e+02,
    1.27478369e+03, 6.04302673e+02, 1.25779700e+03, 6.04592712e+02,
    1.24076282e+03, 6.04870178e+02, 1.22370288e+03, 6.05281433e+02,
    1.20672327e+03, 6.05605652e+02 ]
