%YAML:1.0
---
points: [ 1.32541650e+03, 7.06262695e+02, 1.30829114e+03, 7.06513794e+02,
    1.29130286e+03, 7.06694763e+02, 1.27439429e+03, 7.07113647e+02,
    1.25747131e+03, 7.07348694e+02, 1.32510657e+03, 6.89212646e+02,
    1.30809778e+03, 6.89517517e+02, 1.29108057e+03, 6.89786926e+02,
    1.27422876e+03, 6.90201599e+02, 1.25724414e+03, 6.90479126e+02,
    1.32492969e+03, 6.72193787e+02, 1.30795276e+03, 6.72433716e+02,
    1.29080530e+03, 6.72691895e+02, 1.27400769e+03, 6.72997009e+02,
    1.25701892e+03, 6.73446045e+02, 1.32480322e+03, 6.55261108e+02,
    1.30776428e+03, 6.55415222e+02, 1.29069910e+03, 6.55716431e+02,
    1.27379468e+03, 6.56061279e+02, 1.25683350e+03, 6.56425110e+02,
    1.32473157e+03, 6.38332336e+02, 1.30768494e+03, 6.38492432e+02,
    1.29063391e+03, 6.38804443e+02, 1.27373303e+03, 6.39202759e+02,
    1.25669385e+03, 6.39464966e+02, 1.32473645e+03, 6.21318542e+02,
    1.30769470e+03, 6.21600037e+02, 1.29060767e+03, 6.21868591e+02,
    1.27366296e+03, 6.22300232e+02, 1.25664307e+03, 6.22541260e+02,
    1.32473267e+03, 6.04241638e+02, 1.30768665e+03, 6.04463867e+02,
    1.29066089e+03, 6.04814392e+02, 1.27370349e+03, 6.05196289e+02,
    1.25662268e+03, 6.05507080e+02 ]
