%YAML:1.0
---
points: [ 1.32588245e+03, 7.06236511e+02, 1.30869324e+03, 7.06463623e+02,
    1.29168091e+03, 7.06701111e+02, 1.27477209e+03, 7.07150574e+02,
    1.25782690e+03, 7.07423035e+02, 1.32563281e+03, 6.89127380e+02,
    1.30845569e+03, 6.89441650e+02, 1.29142346e+03, 6.89739868e+02,
    1.27455457e+03, 6.90200500e+02, 1.25764917e+03, 6.90541870e+02,
    1.32541113e+03, 6.72157227e+02, 1.30832471e+03, 6.72396423e+02,
    1.29130945e+03, 6.72668213e+02, 1.27440723e+03, 6.73083801e+02,
    1.25744922e+03, 6.73487061e+02, 1.32525769e+03, 6.55205383e+02,
    1.30822693e+03, 6.55385376e+02, 1.29119543e+03, 6.55740479e+02,
    1.27426440e+03, 6.56065918e+02, 1.25727649e+03, 6.56450928e+02,
    1.32509229e+03, 6.38282837e+02, 1.30809033e+03, 6.38477600e+02,
    1.29105298e+03, 6.38802673e+02, 1.27412744e+03, 6.39216675e+02,
    1.25716748e+03, 6.39523132e+02, 1.32508069e+03, 6.21217651e+02,
    1.30802441e+03, 6.21560486e+02, 1.29092273e+03, 6.21874451e+02,
    1.27399158e+03, 6.22268616e+02, 1.25698401e+03, 6.22596191e+02,
    1.32500391e+03, 6.04127930e+02, 1.30797388e+03, 6.04486328e+02,
    1.29091455e+03, 6.04778381e+02, 1.27401086e+03, 6.05179077e+02,
    1.25687952e+03, 6.05561829e+02 ]
