%YAML:1.0
---
points: [ 1.37669971e+03, 7.06485474e+02, 1.35951880e+03, 7.06640259e+02,
    1.34248108e+03, 7.06864624e+02, 1.32543909e+03, 7.07283752e+02,
    1.30836218e+03, 7.07497620e+02, 1.37647095e+03, 6.89424011e+02,
    1.35930310e+03, 6.89654053e+02, 1.34223499e+03, 6.89935120e+02,
    1.32518958e+03, 6.90268555e+02, 1.30817346e+03, 6.90577026e+02,
    1.37633875e+03, 6.72322693e+02, 1.35917383e+03, 6.72542542e+02,
    1.34211047e+03, 6.72782288e+02, 1.32499854e+03, 6.73153320e+02,
    1.30798425e+03, 6.73519653e+02, 1.37624048e+03, 6.55371704e+02,
    1.35906384e+03, 6.55550598e+02, 1.34196289e+03, 6.55792847e+02,
    1.32490466e+03, 6.56137817e+02, 1.30785742e+03, 6.56423218e+02,
    1.37618481e+03, 6.38342957e+02, 1.35895508e+03, 6.38553650e+02,
    1.34189343e+03, 6.38865662e+02, 1.32480139e+03, 6.39229980e+02,
    1.30776953e+03, 6.39497681e+02, 1.37620996e+03, 6.21349976e+02,
    1.35897925e+03, 6.21607361e+02, 1.34191235e+03, 6.21896057e+02,
    1.32478918e+03, 6.22261475e+02, 1.30774060e+03, 6.22511475e+02,
    1.37619336e+03, 6.04182678e+02, 1.35903723e+03, 6.04511353e+02,
    1.34194531e+03, 6.04757629e+02, 1.32481616e+03, 6.05143799e+02,
    1.30773792e+03, 6.05447876e+02 ]
