%YAML:1.0
---
points: [ 1.38624866e+03, 7.06585083e+02, 1.36917981e+03, 7.06711731e+02,
    1.35212634e+03, 7.06927307e+02, 1.33488770e+03, 7.07268127e+02,
    1.31788367e+03, 7.07460083e+02, 1.38607996e+03, 6.89568787e+02,
    1.36901062e+03, 6.89765503e+02, 1.35186560e+03, 6.90007690e+02,
    1.33470996e+03, 6.90317078e+02, 1.31774255e+03, 6.90557190e+02,
    1.38592041e+03, 6.72423157e+02, 1.36886023e+03, 6.72664673e+02,
    1.35178162e+03, 6.72851929e+02, 1.33467200e+03, 6.73192200e+02,
    1.31764160e+03, 6.73457703e+02, 1.38588867e+03, 6.55442078e+02,
    1.36885620e+03, 6.55625977e+02, 1.35175391e+03, 6.55849854e+02,
    1.33456433e+03, 6.56127869e+02, 1.31760425e+03, 6.56426880e+02,
    1.38589941e+03, 6.38493286e+02, 1.36883752e+03, 6.38629578e+02,
    1.35175366e+03, 6.38902405e+02, 1.33456616e+03, 6.39262756e+02,
    1.31755261e+03, 6.39456055e+02, 1.38603430e+03, 6.21462769e+02,
    1.36893262e+03, 6.21691223e+02, 1.35180554e+03, 6.21938354e+02,
    1.33463513e+03, 6.22288574e+02, 1.31760962e+03, 6.22507080e+02,
    1.38611475e+03, 6.04314514e+02, 1.36912512e+03, 6.04552917e+02,
    1.35197107e+03, 6.04794800e+02, 1.33471973e+03, 6.05137268e+02,
    1.31768225e+03, 6.05407349e+02 ]
