%YAML:1.0
---
points: [ 1.37372913e+03, 6.05449402e+02, 1.39073022e+03, 6.05224976e+02,
    1.40771570e+03, 6.04896790e+02, 1.42487573e+03, 6.04701172e+02,
    1.44217102e+03, 6.04460083e+02, 1.37363525e+03, 6.22547913e+02,
    1.39054712e+03, 6.22345825e+02, 1.40749438e+03, 6.22121277e+02,
    1.42463782e+03, 6.21833740e+02, 1.44190356e+03, 6.21640198e+02,
    1.37350940e+03, 6.39529480e+02, 1.39048682e+03, 6.39353088e+02,
    1.40735925e+03, 6.39093323e+02, 1.42448584e+03, 6.38768066e+02,
    1.44169446e+03, 6.38627686e+02, 1.37347644e+03, 6.56504578e+02,
    1.39040576e+03, 6.56250305e+02, 1.40730042e+03, 6.56049072e+02,
    1.42437585e+03, 6.55761963e+02, 1.44160095e+03, 6.55554749e+02,
    1.37345923e+03, 6.73588135e+02, 1.39042090e+03, 6.73351746e+02,
    1.40722461e+03, 6.72931824e+02, 1.42440833e+03, 6.72787842e+02,
    1.44157654e+03, 6.72641724e+02, 1.37349939e+03, 6.90660278e+02,
    1.39042371e+03, 6.90434631e+02, 1.40729285e+03, 6.90273438e+02,
    1.42439771e+03, 6.89883484e+02, 1.44163806e+03, 6.89759216e+02,
    1.37356934e+03, 7.07621399e+02, 1.39049414e+03, 7.07427612e+02,
    1.40743677e+03, 7.07229797e+02, 1.42450806e+03, 7.06908875e+02,
    1.44172131e+03, 7.06748413e+02 ]
