%YAML:1.0
---
points: [ 1.51411389e+03, 7.06846130e+02, 1.49692114e+03, 7.06988708e+02,
    1.47979456e+03, 7.07216370e+02, 1.46293250e+03, 7.07401855e+02,
    1.44578735e+03, 7.07553589e+02, 1.51402661e+03, 6.89880493e+02,
    1.49684351e+03, 6.90034851e+02, 1.47976440e+03, 6.90245300e+02,
    1.46277930e+03, 6.90406921e+02, 1.44578601e+03, 6.90631042e+02,
    1.51408228e+03, 6.72736816e+02, 1.49688879e+03, 6.72892517e+02,
    1.47980188e+03, 6.73046143e+02, 1.46292590e+03, 6.73315979e+02,
    1.44575195e+03, 6.73535217e+02, 1.51425598e+03, 6.55746826e+02,
    1.49705725e+03, 6.55818481e+02, 1.47995276e+03, 6.56132263e+02,
    1.46296350e+03, 6.56249756e+02, 1.44592334e+03, 6.56488281e+02,
    1.51446045e+03, 6.38737671e+02, 1.49723596e+03, 6.38923584e+02,
    1.48010693e+03, 6.39178345e+02, 1.46318201e+03, 6.39363586e+02,
    1.44610107e+03, 6.39482788e+02, 1.51467505e+03, 6.21721985e+02,
    1.49748218e+03, 6.21917603e+02, 1.48032874e+03, 6.22230347e+02,
    1.46337415e+03, 6.22354309e+02, 1.44638391e+03, 6.22558960e+02,
    1.51495923e+03, 6.04638977e+02, 1.49783093e+03, 6.04758484e+02,
    1.48065723e+03, 6.04963562e+02, 1.46371204e+03, 6.05258545e+02,
    1.44661987e+03, 6.05483093e+02 ]
