%YAML:1.0
---
points: [ 1.51405396e+03, 7.06796997e+02, 1.49691223e+03, 7.06978882e+02,
    1.47980151e+03, 7.07180359e+02, 1.46293030e+03, 7.07400208e+02,
    1.44577063e+03, 7.07511169e+02, 1.51402161e+03, 6.89851440e+02,
    1.49680994e+03, 6.90051208e+02, 1.47972839e+03, 6.90253235e+02,
    1.46276672e+03, 6.90378418e+02, 1.44578333e+03, 6.90645264e+02,
    1.51408606e+03, 6.72704773e+02, 1.49683789e+03, 6.72854248e+02,
    1.47977795e+03, 6.73002502e+02, 1.46289417e+03, 6.73275696e+02,
    1.44578186e+03, 6.73561829e+02, 1.51419495e+03, 6.55727295e+02,
    1.49702649e+03, 6.55835022e+02, 1.47990930e+03, 6.56058105e+02,
    1.46300500e+03, 6.56250122e+02, 1.44592786e+03, 6.56455872e+02,
    1.51445581e+03, 6.38725098e+02, 1.49721411e+03, 6.38937622e+02,
    1.48005212e+03, 6.39117981e+02, 1.46314258e+03, 6.39337830e+02,
    1.44607202e+03, 6.39482361e+02, 1.51463281e+03, 6.21686707e+02,
    1.49746130e+03, 6.21889465e+02, 1.48031409e+03, 6.22221802e+02,
    1.46336511e+03, 6.22344849e+02, 1.44633667e+03, 6.22536926e+02,
    1.51502014e+03, 6.04634949e+02, 1.49779431e+03, 6.04767212e+02,
    1.48064502e+03, 6.04922485e+02, 1.46368250e+03, 6.05286011e+02,
    1.44656775e+03, 6.05449707e+02 ]
