%YAML:1.0
---
points: [ 1.56294421e+03, 7.07008911e+02, 1.54563416e+03, 7.07245422e+02,
    1.52849463e+03, 7.07396912e+02, 1.51157251e+03, 7.07600281e+02,
    1.49464392e+03, 7.07912415e+02, 1.56280396e+03, 6.89962585e+02,
    1.54553748e+03, 6.90209595e+02, 1.52839453e+03, 6.90495544e+02,
    1.51151221e+03, 6.90687012e+02, 1.49461853e+03, 6.91014954e+02,
    1.56280493e+03, 6.72791382e+02, 1.54556531e+03, 6.73062317e+02,
    1.52840833e+03, 6.73276306e+02, 1.51151062e+03, 6.73566772e+02,
    1.49455762e+03, 6.73881531e+02, 1.56297083e+03, 6.55766052e+02,
    1.54562244e+03, 6.56002869e+02, 1.52848193e+03, 6.56255249e+02,
    1.51159985e+03, 6.56428406e+02, 1.49463879e+03, 6.56719482e+02,
    1.56318164e+03, 6.38782166e+02, 1.54585974e+03, 6.39018982e+02,
    1.52862891e+03, 6.39303528e+02, 1.51169312e+03, 6.39484253e+02,
    1.49478223e+03, 6.39756348e+02, 1.56336975e+03, 6.21744141e+02,
    1.54615576e+03, 6.22045837e+02, 1.52881946e+03, 6.22336243e+02,
    1.51189929e+03, 6.22524475e+02, 1.49499817e+03, 6.22697876e+02,
    1.56358850e+03, 6.04614014e+02, 1.54648767e+03, 6.04802490e+02,
    1.52929248e+03, 6.05092651e+02, 1.51223755e+03, 6.05472290e+02,
    1.49524597e+03, 6.05679932e+02 ]
