%YAML:1.0
---
points: [ 1.56450037e+03, 7.07027222e+02, 1.54740063e+03, 7.07260986e+02,
    1.53011816e+03, 7.07395447e+02, 1.51311401e+03, 7.07651611e+02,
    1.49619397e+03, 7.07934570e+02, 1.56445605e+03, 6.90053223e+02,
    1.54726807e+03, 6.90225769e+02, 1.53004724e+03, 6.90472717e+02,
    1.51302014e+03, 6.90703735e+02, 1.49610046e+03, 6.91001648e+02,
    1.56440979e+03, 6.72848633e+02, 1.54731152e+03, 6.73089172e+02,
    1.52999487e+03, 6.73314758e+02, 1.51303284e+03, 6.73563843e+02,
    1.49609839e+03, 6.73906250e+02, 1.56449707e+03, 6.55783203e+02,
    1.54738708e+03, 6.55959900e+02, 1.53011792e+03, 6.56277710e+02,
    1.51306287e+03, 6.56422424e+02, 1.49616638e+03, 6.56755310e+02,
    1.56463464e+03, 6.38792419e+02, 1.54748816e+03, 6.38990356e+02,
    1.53026855e+03, 6.39287659e+02, 1.51321399e+03, 6.39494263e+02,
    1.49626221e+03, 6.39684448e+02, 1.56487524e+03, 6.21770691e+02,
    1.54774548e+03, 6.22074768e+02, 1.53048718e+03, 6.22352051e+02,
    1.51342419e+03, 6.22531433e+02, 1.49642517e+03, 6.22717407e+02,
    1.56516504e+03, 6.04640259e+02, 1.54818311e+03, 6.04838318e+02,
    1.53079395e+03, 6.05105652e+02, 1.51362500e+03, 6.05460693e+02,
    1.49662231e+03, 6.05708313e+02 ]
