%YAML:1.0
---
points: [ 1.61578772e+03, 7.07103882e+02, 1.59846973e+03, 7.07375366e+02,
    1.58120898e+03, 7.07612732e+02, 1.56418372e+03, 7.07892639e+02,
    1.54716101e+03, 7.08228516e+02, 1.61569385e+03, 6.90112305e+02,
    1.59831665e+03, 6.90323975e+02, 1.58099756e+03, 6.90623291e+02,
    1.56399902e+03, 6.90890137e+02, 1.54705811e+03, 6.91376770e+02,
    1.61567981e+03, 6.72821350e+02, 1.59827490e+03, 6.73172241e+02,
    1.58090881e+03, 6.73478577e+02, 1.56395544e+03, 6.73825623e+02,
    1.54693433e+03, 6.74284241e+02, 1.61567639e+03, 6.55747925e+02,
    1.59831042e+03, 6.56051270e+02, 1.58099072e+03, 6.56408386e+02,
    1.56402686e+03, 6.56638123e+02, 1.54704260e+03, 6.57082703e+02,
    1.61576807e+03, 6.38763977e+02, 1.59843909e+03, 6.39118713e+02,
    1.58112476e+03, 6.39343872e+02, 1.56411963e+03, 6.39653687e+02,
    1.54707324e+03, 6.40016846e+02, 1.61586292e+03, 6.21746643e+02,
    1.59864490e+03, 6.22089355e+02, 1.58135022e+03, 6.22440125e+02,
    1.56431885e+03, 6.22635193e+02, 1.54727454e+03, 6.22923828e+02,
    1.61616479e+03, 6.04547119e+02, 1.59888574e+03, 6.04838989e+02,
    1.58162109e+03, 6.05216614e+02, 1.56449158e+03, 6.05588440e+02,
    1.54743872e+03, 6.05892822e+02 ]
