%YAML:1.0
---
points: [ 1.63268225e+03, 7.07165405e+02, 1.61555505e+03, 7.07417725e+02,
    1.59822363e+03, 7.07639160e+02, 1.58105249e+03, 7.08052368e+02,
    1.56411169e+03, 7.08275269e+02, 1.63257507e+03, 6.90168152e+02,
    1.61541370e+03, 6.90359680e+02, 1.59800635e+03, 6.90698914e+02,
    1.58088477e+03, 6.91020874e+02, 1.56391284e+03, 6.91429382e+02,
    1.63257556e+03, 6.72877075e+02, 1.61544055e+03, 6.73220764e+02,
    1.59794714e+03, 6.73537964e+02, 1.58087646e+03, 6.73949158e+02,
    1.56389441e+03, 6.74310547e+02, 1.63260559e+03, 6.55746277e+02,
    1.61546704e+03, 6.56146118e+02, 1.59800317e+03, 6.56417419e+02,
    1.58089941e+03, 6.56686401e+02, 1.56399451e+03, 6.57162231e+02,
    1.63272034e+03, 6.38787903e+02, 1.61554663e+03, 6.39174072e+02,
    1.59822754e+03, 6.39373901e+02, 1.58106702e+03, 6.39729370e+02,
    1.56403284e+03, 6.40079163e+02, 1.63285217e+03, 6.21760071e+02,
    1.61576501e+03, 6.22151489e+02, 1.59842151e+03, 6.22427979e+02,
    1.58132056e+03, 6.22655823e+02, 1.56426575e+03, 6.23059937e+02,
    1.63318652e+03, 6.04542603e+02, 1.61602112e+03, 6.04834900e+02,
    1.59876868e+03, 6.05246521e+02, 1.58151428e+03, 6.05618652e+02,
    1.56444690e+03, 6.05955872e+02 ]
