%YAML:1.0
---
points: [ 1.67716272e+03, 7.07000732e+02, 1.65967322e+03, 7.07267273e+02,
    1.64248645e+03, 7.07487427e+02, 1.62528320e+03, 7.07781738e+02,
    1.60789893e+03, 7.08089966e+02, 1.67697766e+03, 6.89966431e+02,
    1.65950793e+03, 6.90256592e+02, 1.64242371e+03, 6.90518066e+02,
    1.62516223e+03, 6.90823120e+02, 1.60777966e+03, 6.91213928e+02,
    1.67692627e+03, 6.72734070e+02, 1.65956506e+03, 6.73061646e+02,
    1.64235767e+03, 6.73353088e+02, 1.62514551e+03, 6.73665222e+02,
    1.60776135e+03, 6.74151672e+02, 1.67706018e+03, 6.55684814e+02,
    1.65960498e+03, 6.55899597e+02, 1.64246191e+03, 6.56319153e+02,
    1.62520435e+03, 6.56516663e+02, 1.60783948e+03, 6.56867615e+02,
    1.67727087e+03, 6.38658936e+02, 1.65970972e+03, 6.38938416e+02,
    1.64250366e+03, 6.39294373e+02, 1.62532605e+03, 6.39540527e+02,
    1.60796497e+03, 6.39803467e+02, 1.67745740e+03, 6.21590759e+02,
    1.65992590e+03, 6.21875000e+02, 1.64270569e+03, 6.22289185e+02,
    1.62550769e+03, 6.22547974e+02, 1.60825830e+03, 6.22781128e+02,
    1.67771069e+03, 6.04385498e+02, 1.66034277e+03, 6.04680420e+02,
    1.64299377e+03, 6.05066345e+02, 1.62577393e+03, 6.05467224e+02,
    1.60842542e+03, 6.05759155e+02 ]
