%YAML:1.0
---
points: [ 1.73265186e+03, 7.06691345e+02, 1.71538489e+03, 7.06841248e+02,
    1.69799036e+03, 7.07146423e+02, 1.68106116e+03, 7.07491272e+02,
    1.66412695e+03, 7.07689514e+02, 1.73258691e+03, 6.89615356e+02,
    1.71531067e+03, 6.89877319e+02, 1.69799878e+03, 6.90207092e+02,
    1.68095947e+03, 6.90504150e+02, 1.66408765e+03, 6.90769348e+02,
    1.73267395e+03, 6.72463867e+02, 1.71537292e+03, 6.72692139e+02,
    1.69803394e+03, 6.72919800e+02, 1.68107422e+03, 6.73323242e+02,
    1.66413989e+03, 6.73666626e+02, 1.73278186e+03, 6.55438599e+02,
    1.71555017e+03, 6.55620178e+02, 1.69819006e+03, 6.55959106e+02,
    1.68117261e+03, 6.56255432e+02, 1.66428076e+03, 6.56517700e+02,
    1.73310278e+03, 6.38404114e+02, 1.71575293e+03, 6.38612122e+02,
    1.69843433e+03, 6.38904602e+02, 1.68137012e+03, 6.39321716e+02,
    1.66440833e+03, 6.39515442e+02, 1.73333752e+03, 6.21371155e+02,
    1.71614160e+03, 6.21609558e+02, 1.69881580e+03, 6.21909729e+02,
    1.68160535e+03, 6.22270508e+02, 1.66459583e+03, 6.22553040e+02,
    1.73360608e+03, 6.04196167e+02, 1.71650342e+03, 6.04477417e+02,
    1.69937537e+03, 6.04707947e+02, 1.68212634e+03, 6.05123474e+02,
    1.66491101e+03, 6.05402344e+02 ]
