%YAML:1.0
---
points: [ 1.79415576e+03, 7.06375671e+02, 1.77694629e+03, 7.06608398e+02,
    1.76002307e+03, 7.06821960e+02, 1.74325647e+03, 7.07162292e+02,
    1.72645093e+03, 7.07424377e+02, 1.79417371e+03, 6.89322693e+02,
    1.77694287e+03, 6.89588806e+02, 1.76008972e+03, 6.89852905e+02,
    1.74322705e+03, 6.90191467e+02, 1.72654919e+03, 6.90521973e+02,
    1.79434680e+03, 6.72230530e+02, 1.77719312e+03, 6.72478516e+02,
    1.76022437e+03, 6.72681702e+02, 1.74342004e+03, 6.73074280e+02,
    1.72664978e+03, 6.73352478e+02, 1.79460425e+03, 6.55227478e+02,
    1.77748926e+03, 6.55403320e+02, 1.76049854e+03, 6.55658569e+02,
    1.74359888e+03, 6.55952209e+02, 1.72684033e+03, 6.56307617e+02,
    1.79499084e+03, 6.38241272e+02, 1.77787231e+03, 6.38487976e+02,
    1.76073950e+03, 6.38713135e+02, 1.74386658e+03, 6.39014343e+02,
    1.72719287e+03, 6.39317566e+02, 1.79538721e+03, 6.21173035e+02,
    1.77844885e+03, 6.21410034e+02, 1.76132727e+03, 6.21717163e+02,
    1.74439087e+03, 6.22011536e+02, 1.72762036e+03, 6.22356079e+02,
    1.79569092e+03, 6.04028381e+02, 1.77886646e+03, 6.04281372e+02,
    1.76191357e+03, 6.04535645e+02, 1.74487524e+03, 6.04787231e+02,
    1.72801062e+03, 6.05049072e+02 ]
