%YAML:1.0
---
points: [ 1.84527014e+03, 7.06248962e+02, 1.82842944e+03, 7.06474609e+02,
    1.81160571e+03, 7.06718323e+02, 1.79506152e+03, 7.07060730e+02,
    1.77843213e+03, 7.07268127e+02, 1.84536365e+03, 6.89137512e+02,
    1.82848376e+03, 6.89440125e+02, 1.81169482e+03, 6.89735474e+02,
    1.79516980e+03, 6.90088562e+02, 1.77851819e+03, 6.90434082e+02,
    1.84564441e+03, 6.72176880e+02, 1.82869165e+03, 6.72341553e+02,
    1.81187048e+03, 6.72592102e+02, 1.79538672e+03, 6.72840515e+02,
    1.77873889e+03, 6.73220764e+02, 1.84600208e+03, 6.55199158e+02,
    1.82905847e+03, 6.55307617e+02, 1.81223010e+03, 6.55521423e+02,
    1.79563623e+03, 6.55853210e+02, 1.77903125e+03, 6.56213928e+02,
    1.84634717e+03, 6.38208191e+02, 1.82941211e+03, 6.38409119e+02,
    1.81257190e+03, 6.38601013e+02, 1.79596033e+03, 6.38879272e+02,
    1.77937756e+03, 6.39237915e+02, 1.84689795e+03, 6.21119141e+02,
    1.82997766e+03, 6.21373291e+02, 1.81309998e+03, 6.21639587e+02,
    1.79649451e+03, 6.21886292e+02, 1.77995312e+03, 6.22239990e+02,
    1.84741956e+03, 6.04025879e+02, 1.83073328e+03, 6.04282959e+02,
    1.81375586e+03, 6.04457520e+02, 1.79708008e+03, 6.04744751e+02,
    1.78040698e+03, 6.05024109e+02 ]
