%YAML:1.0
---
points: [ 1.89518628e+03, 7.05718201e+02, 1.87860474e+03, 7.06107788e+02,
    1.86214404e+03, 7.06446350e+02, 1.84563464e+03, 7.06784363e+02,
    1.82922534e+03, 7.07191711e+02, 1.89524963e+03, 6.88686523e+02,
    1.87866101e+03, 6.89083557e+02, 1.86214587e+03, 6.89466858e+02,
    1.84568396e+03, 6.89891541e+02, 1.82923999e+03, 6.90330750e+02,
    1.89553271e+03, 6.71655701e+02, 1.87886829e+03, 6.72064819e+02,
    1.86237903e+03, 6.72299805e+02, 1.84590076e+03, 6.72697876e+02,
    1.82946582e+03, 6.73175476e+02, 1.89582166e+03, 6.54733521e+02,
    1.87929041e+03, 6.55101929e+02, 1.86267175e+03, 6.55386658e+02,
    1.84628674e+03, 6.55721375e+02, 1.82986755e+03, 6.56137695e+02,
    1.89624097e+03, 6.37822937e+02, 1.87959766e+03, 6.38173584e+02,
    1.86297815e+03, 6.38450439e+02, 1.84666455e+03, 6.38777039e+02,
    1.83030933e+03, 6.39208130e+02, 1.89657788e+03, 6.20743958e+02,
    1.88007703e+03, 6.21114319e+02, 1.86352808e+03, 6.21443970e+02,
    1.84725476e+03, 6.21768127e+02, 1.83084314e+03, 6.22198181e+02,
    1.89715784e+03, 6.03712158e+02, 1.88072534e+03, 6.04046997e+02,
    1.86426672e+03, 6.04313110e+02, 1.84774854e+03, 6.04619873e+02,
    1.83134558e+03, 6.04976929e+02 ]
