%YAML:1.0
---
points: [ 1.90445630e+03, 7.05718079e+02, 1.88782373e+03, 7.06096436e+02,
    1.87135486e+03, 7.06432739e+02, 1.85513086e+03, 7.06784790e+02,
    1.83874866e+03, 7.07163330e+02, 1.90457361e+03, 6.88704529e+02,
    1.88793774e+03, 6.88994263e+02, 1.87144312e+03, 6.89482788e+02,
    1.85523218e+03, 6.89791138e+02, 1.83896582e+03, 6.90276672e+02,
    1.90480273e+03, 6.71744446e+02, 1.88824548e+03, 6.72073120e+02,
    1.87165906e+03, 6.72336121e+02, 1.85551038e+03, 6.72664062e+02,
    1.83920715e+03, 6.72992554e+02, 1.90517346e+03, 6.54787354e+02,
    1.88860254e+03, 6.55096985e+02, 1.87220593e+03, 6.55399292e+02,
    1.85583679e+03, 6.55703247e+02, 1.83952246e+03, 6.56072449e+02,
    1.90555847e+03, 6.37812317e+02, 1.88916052e+03, 6.38182373e+02,
    1.87266797e+03, 6.38394226e+02, 1.85631482e+03, 6.38703003e+02,
    1.84001477e+03, 6.39122192e+02, 1.90617859e+03, 6.20778809e+02,
    1.88966064e+03, 6.21158936e+02, 1.87323816e+03, 6.21449585e+02,
    1.85708765e+03, 6.21735901e+02, 1.84075403e+03, 6.22073730e+02,
    1.90663684e+03, 6.03706421e+02, 1.89029785e+03, 6.03992310e+02,
    1.87412720e+03, 6.04325317e+02, 1.85771948e+03, 6.04605347e+02,
    1.84132544e+03, 6.04800293e+02 ]
