%YAML:1.0
---
points: [ 1.83034192e+03, 7.34200134e+02, 1.84666760e+03, 7.33933594e+02,
    1.86293970e+03, 7.33704773e+02, 1.87940588e+03, 7.33521729e+02,
    1.89569214e+03, 7.33359802e+02, 1.82963831e+03, 7.51113403e+02,
    1.84605200e+03, 7.50740967e+02, 1.86235291e+03, 7.50513733e+02,
    1.87873132e+03, 7.50358154e+02, 1.89518677e+03, 7.50210022e+02,
    1.82906702e+03, 7.68047974e+02, 1.84543518e+03, 7.67662170e+02,
    1.86164539e+03, 7.67333130e+02, 1.87822302e+03, 7.67174316e+02,
    1.89469470e+03, 7.67047974e+02, 1.82873254e+03, 7.85088379e+02,
    1.84484119e+03, 7.84764526e+02, 1.86120776e+03, 7.84430298e+02,
    1.87774597e+03, 7.84178650e+02, 1.89425488e+03, 7.83893066e+02,
    1.82837463e+03, 8.02100525e+02, 1.84446887e+03, 8.01691162e+02,
    1.86076501e+03, 8.01439270e+02, 1.87731396e+03, 8.01211365e+02,
    1.89383582e+03, 8.00899048e+02, 1.82809741e+03, 8.18945679e+02,
    1.84428540e+03, 8.18556702e+02, 1.86053040e+03, 8.18314209e+02,
    1.87691333e+03, 8.17950806e+02, 1.89352380e+03, 8.17733337e+02,
    1.82787158e+03, 8.35869385e+02, 1.84421912e+03, 8.35488281e+02,
    1.86042346e+03, 8.35216919e+02, 1.87677417e+03, 8.34844727e+02,
    1.89340588e+03, 8.34634094e+02 ]
