%YAML:1.0
---
points: [ 1.84559058e+03, 7.34206238e+02, 1.86216028e+03, 7.33975830e+02,
    1.87852393e+03, 7.33751160e+02, 1.89491589e+03, 7.33550842e+02,
    1.91140283e+03, 7.33368958e+02, 1.84497888e+03, 7.51125977e+02,
    1.86137927e+03, 7.50786987e+02, 1.87782166e+03, 7.50528137e+02,
    1.89440100e+03, 7.50394531e+02, 1.91084583e+03, 7.50215515e+02,
    1.84440002e+03, 7.68043274e+02, 1.86075183e+03, 7.67696899e+02,
    1.87723914e+03, 7.67396912e+02, 1.89371472e+03, 7.67205261e+02,
    1.91026794e+03, 7.66967712e+02, 1.84407068e+03, 7.85136536e+02,
    1.86032019e+03, 7.84735352e+02, 1.87662720e+03, 7.84457214e+02,
    1.89322107e+03, 7.84180115e+02, 1.90987402e+03, 7.84030579e+02,
    1.84363391e+03, 8.02071838e+02, 1.85985803e+03, 8.01700500e+02,
    1.87629126e+03, 8.01429199e+02, 1.89280151e+03, 8.01213806e+02,
    1.90953577e+03, 8.00984680e+02, 1.84340039e+03, 8.18929138e+02,
    1.85966785e+03, 8.18582397e+02, 1.87608887e+03, 8.18291016e+02,
    1.89255432e+03, 8.18001953e+02, 1.90925342e+03, 8.17772034e+02,
    1.84323938e+03, 8.35826172e+02, 1.85958252e+03, 8.35526855e+02,
    1.87590332e+03, 8.35246094e+02, 1.89248022e+03, 8.34914612e+02,
    1.90917444e+03, 8.34650391e+02 ]
