%YAML:1.0
---
points: [ 1.89096704e+03, 8.35623108e+02, 1.87424780e+03, 8.35717712e+02,
    1.85744250e+03, 8.35877625e+02, 1.84073535e+03, 8.36159729e+02,
    1.82391846e+03, 8.36327576e+02, 1.89120605e+03, 8.18613953e+02,
    1.87430286e+03, 8.18740479e+02, 1.85755396e+03, 8.18876465e+02,
    1.84080542e+03, 8.19206604e+02, 1.82419727e+03, 8.19358521e+02,
    1.89137732e+03, 8.01739990e+02, 1.87459753e+03, 8.01854126e+02,
    1.85780969e+03, 8.02052795e+02, 1.84117627e+03, 8.02305969e+02,
    1.82443188e+03, 8.02440918e+02, 1.89169763e+03, 7.84792969e+02,
    1.87492627e+03, 7.85005859e+02, 1.85822522e+03, 7.85158691e+02,
    1.84147314e+03, 7.85287415e+02, 1.82481409e+03, 7.85522217e+02,
    1.89228503e+03, 7.67721985e+02, 1.87543335e+03, 7.67820984e+02,
    1.85866870e+03, 7.68048767e+02, 1.84199036e+03, 7.68227844e+02,
    1.82541748e+03, 7.68474792e+02, 1.89277979e+03, 7.50747498e+02,
    1.87594507e+03, 7.50935120e+02, 1.85923193e+03, 7.51080383e+02,
    1.84254871e+03, 7.51260559e+02, 1.82587927e+03, 7.51427551e+02,
    1.89341931e+03, 7.33889709e+02, 1.87654199e+03, 7.34075684e+02,
    1.85975256e+03, 7.34236572e+02, 1.84310181e+03, 7.34408936e+02,
    1.82643530e+03, 7.34526550e+02 ]
