%YAML:1.0
---
points: [ 1.77741516e+03, 7.34598450e+02, 1.79439014e+03, 7.34496826e+02,
    1.81129553e+03, 7.34409668e+02, 1.82814319e+03, 7.34307129e+02,
    1.84506299e+03, 7.34203674e+02, 1.77686584e+03, 7.51553894e+02,
    1.79376929e+03, 7.51387573e+02, 1.81068054e+03, 7.51291199e+02,
    1.82752209e+03, 7.51204224e+02, 1.84443909e+03, 7.51118408e+02,
    1.77637036e+03, 7.68637451e+02, 1.79315857e+03, 7.68431213e+02,
    1.81015381e+03, 7.68318054e+02, 1.82702344e+03, 7.68186707e+02,
    1.84393262e+03, 7.68106445e+02, 1.77585132e+03, 7.85654785e+02,
    1.79264185e+03, 7.85496338e+02, 1.80962512e+03, 7.85389587e+02,
    1.82657812e+03, 7.85288147e+02, 1.84356091e+03, 7.85214905e+02,
    1.77554968e+03, 8.02579712e+02, 1.79238452e+03, 8.02447754e+02,
    1.80919836e+03, 8.02332031e+02, 1.82623596e+03, 8.02268433e+02,
    1.84313110e+03, 8.02196472e+02, 1.77536597e+03, 8.19486450e+02,
    1.79206641e+03, 8.19354919e+02, 1.80890283e+03, 8.19224121e+02,
    1.82593567e+03, 8.19152100e+02, 1.84288110e+03, 8.19070984e+02,
    1.77521216e+03, 8.36552795e+02, 1.79199402e+03, 8.36406433e+02,
    1.80875232e+03, 8.36229248e+02, 1.82580896e+03, 8.36131226e+02,
    1.84277417e+03, 8.36099670e+02 ]
