%YAML:1.0
---
points: [ 1.83772986e+03, 8.36019897e+02, 1.82083276e+03, 8.36081116e+02,
    1.80382043e+03, 8.36207825e+02, 1.78711169e+03, 8.36365295e+02,
    1.77021729e+03, 8.36546265e+02, 1.83780127e+03, 8.19002747e+02,
    1.82092480e+03, 8.19111084e+02, 1.80397778e+03, 8.19214539e+02,
    1.78716296e+03, 8.19320007e+02, 1.77038977e+03, 8.19481506e+02,
    1.83810474e+03, 8.02085999e+02, 1.82117114e+03, 8.02192444e+02,
    1.80422583e+03, 8.02296509e+02, 1.78737573e+03, 8.02406433e+02,
    1.77058179e+03, 8.02565063e+02, 1.83845898e+03, 7.85126343e+02,
    1.82155396e+03, 7.85283875e+02, 1.80461182e+03, 7.85331116e+02,
    1.78765259e+03, 7.85477905e+02, 1.77086511e+03, 7.85651550e+02,
    1.83881201e+03, 7.68015869e+02, 1.82197241e+03, 7.68068481e+02,
    1.80509460e+03, 7.68238464e+02, 1.78823926e+03, 7.68393555e+02,
    1.77138696e+03, 7.68601440e+02, 1.83937354e+03, 7.51119202e+02,
    1.82243494e+03, 7.51159851e+02, 1.80557495e+03, 7.51244263e+02,
    1.78872644e+03, 7.51356628e+02, 1.77186560e+03, 7.51534424e+02,
    1.83988464e+03, 7.34184570e+02, 1.82298193e+03, 7.34268860e+02,
    1.80621997e+03, 7.34367004e+02, 1.78930835e+03, 7.34467590e+02,
    1.77238525e+03, 7.34584229e+02 ]
