%YAML:1.0
---
points: [ 1.80316785e+03, 8.35784485e+02, 1.78614124e+03, 8.35979187e+02,
    1.76918835e+03, 8.36065186e+02, 1.75240137e+03, 8.36283447e+02,
    1.73547083e+03, 8.36456665e+02, 1.80325500e+03, 8.18819885e+02,
    1.78615039e+03, 8.18870605e+02, 1.76925220e+03, 8.19096069e+02,
    1.75248267e+03, 8.19258789e+02, 1.73561060e+03, 8.19435059e+02,
    1.80349524e+03, 8.01912537e+02, 1.78643311e+03, 8.02039001e+02,
    1.76940601e+03, 8.02246521e+02, 1.75267847e+03, 8.02381226e+02,
    1.73582324e+03, 8.02522461e+02, 1.80377026e+03, 7.84972900e+02,
    1.78671436e+03, 7.85100403e+02, 1.76968982e+03, 7.85217163e+02,
    1.75291370e+03, 7.85395691e+02, 1.73619800e+03, 7.85617737e+02,
    1.80415100e+03, 7.67830688e+02, 1.78706189e+03, 7.67986511e+02,
    1.77010815e+03, 7.68118713e+02, 1.75337952e+03, 7.68363647e+02,
    1.73655701e+03, 7.68506592e+02, 1.80463953e+03, 7.50844727e+02,
    1.78747644e+03, 7.51023987e+02, 1.77048657e+03, 7.51216064e+02,
    1.75369397e+03, 7.51309326e+02, 1.73687341e+03, 7.51507141e+02,
    1.80520264e+03, 7.33944641e+02, 1.78816565e+03, 7.34160889e+02,
    1.77109082e+03, 7.34295410e+02, 1.75428467e+03, 7.34431885e+02,
    1.73741309e+03, 7.34510498e+02 ]
