%YAML:1.0
---
points: [ 1.76561267e+03, 8.36211670e+02, 1.74860889e+03, 8.36255432e+02,
    1.73163440e+03, 8.36374939e+02, 1.71472412e+03, 8.36571899e+02,
    1.69762390e+03, 8.36784180e+02, 1.76563525e+03, 8.19119141e+02,
    1.74856958e+03, 8.19246460e+02, 1.73164966e+03, 8.19349304e+02,
    1.71472852e+03, 8.19484985e+02, 1.69767395e+03, 8.19681641e+02,
    1.76578076e+03, 8.02256714e+02, 1.74871814e+03, 8.02309265e+02,
    1.73171729e+03, 8.02430847e+02, 1.71483142e+03, 8.02555115e+02,
    1.69777563e+03, 8.02710632e+02, 1.76603992e+03, 7.85281982e+02,
    1.74888928e+03, 7.85356995e+02, 1.73195288e+03, 7.85502441e+02,
    1.71506238e+03, 7.85637817e+02, 1.69801367e+03, 7.85825684e+02,
    1.76645605e+03, 7.68079224e+02, 1.74929956e+03, 7.68263184e+02,
    1.73231140e+03, 7.68373596e+02, 1.71533093e+03, 7.68562988e+02,
    1.69830627e+03, 7.68776550e+02, 1.76682495e+03, 7.51104736e+02,
    1.74970544e+03, 7.51237061e+02, 1.73264966e+03, 7.51366821e+02,
    1.71570081e+03, 7.51545471e+02, 1.69873840e+03, 7.51741028e+02,
    1.76725000e+03, 7.34213684e+02, 1.75012830e+03, 7.34312195e+02,
    1.73322363e+03, 7.34463867e+02, 1.71623486e+03, 7.34587036e+02,
    1.69929871e+03, 7.34729187e+02 ]
