%YAML:1.0
---
points: [ 1.71580811e+03, 8.37125488e+02, 1.69865771e+03, 8.37278381e+02,
    1.68148364e+03, 8.37408875e+02, 1.66464880e+03, 8.37632507e+02,
    1.64773608e+03, 8.37799622e+02, 1.71575073e+03, 8.19820496e+02,
    1.69851672e+03, 8.20038208e+02, 1.68145496e+03, 8.20293823e+02,
    1.66460034e+03, 8.20537598e+02, 1.64770667e+03, 8.20805359e+02,
    1.71582971e+03, 8.02863953e+02, 1.69862598e+03, 8.02983215e+02,
    1.68149280e+03, 8.03208618e+02, 1.66465735e+03, 8.03451416e+02,
    1.64776697e+03, 8.03731018e+02, 1.71604309e+03, 7.85854614e+02,
    1.69892029e+03, 7.86025452e+02, 1.68163745e+03, 7.86234253e+02,
    1.66476331e+03, 7.86451599e+02, 1.64796057e+03, 7.86682678e+02,
    1.71622852e+03, 7.68810547e+02, 1.69918701e+03, 7.68961426e+02,
    1.68188818e+03, 7.69167908e+02, 1.66507263e+03, 7.69437073e+02,
    1.64813232e+03, 7.69650635e+02, 1.71653052e+03, 7.51649841e+02,
    1.69950220e+03, 7.51817566e+02, 1.68233545e+03, 7.52106995e+02,
    1.66539990e+03, 7.52311646e+02, 1.64849512e+03, 7.52583191e+02,
    1.71675720e+03, 7.34685730e+02, 1.69981799e+03, 7.34849304e+02,
    1.68279004e+03, 7.35124573e+02, 1.66575098e+03, 7.35328735e+02,
    1.64875769e+03, 7.35488708e+02 ]
