%YAML:1.0
---
points: [ 1.66238647e+03, 8.37325500e+02, 1.64514697e+03, 8.37460632e+02,
    1.62813977e+03, 8.37657593e+02, 1.61129895e+03, 8.37872742e+02,
    1.59437817e+03, 8.38217468e+02, 1.66228345e+03, 8.20155029e+02,
    1.64491467e+03, 8.20319092e+02, 1.62799207e+03, 8.20514465e+02,
    1.61117090e+03, 8.20845947e+02, 1.59436108e+03, 8.21178467e+02,
    1.66227722e+03, 8.03091003e+02, 1.64496545e+03, 8.03249817e+02,
    1.62789868e+03, 8.03460938e+02, 1.61118835e+03, 8.03735901e+02,
    1.59433142e+03, 8.04069519e+02, 1.66243945e+03, 7.86126526e+02,
    1.64517249e+03, 7.86285461e+02, 1.62811609e+03, 7.86492920e+02,
    1.61126672e+03, 7.86685425e+02, 1.59441565e+03, 7.87104675e+02,
    1.66257410e+03, 7.69028992e+02, 1.64535010e+03, 7.69269043e+02,
    1.62828015e+03, 7.69419678e+02, 1.61143762e+03, 7.69666138e+02,
    1.59454126e+03, 7.70017517e+02, 1.66274866e+03, 7.51866516e+02,
    1.64560876e+03, 7.52099609e+02, 1.62853308e+03, 7.52400696e+02,
    1.61166748e+03, 7.52624023e+02, 1.59477100e+03, 7.52971069e+02,
    1.66294165e+03, 7.34885132e+02, 1.64595203e+03, 7.35131348e+02,
    1.62885608e+03, 7.35323975e+02, 1.61200085e+03, 7.35546875e+02,
    1.59512085e+03, 7.35778931e+02 ]
