%YAML:1.0
---
points: [ 1.54615039e+03, 7.35945435e+02, 1.56331531e+03, 7.35779419e+02,
    1.58030969e+03, 7.35625916e+02, 1.59732825e+03, 7.35484985e+02,
    1.61451001e+03, 7.35362366e+02, 1.54581128e+03, 7.53231995e+02,
    1.56297998e+03, 7.52927979e+02, 1.57995532e+03, 7.52731018e+02,
    1.59707532e+03, 7.52567749e+02, 1.61423438e+03, 7.52417480e+02,
    1.54552917e+03, 7.70206909e+02, 1.56260364e+03, 7.69926880e+02,
    1.57966504e+03, 7.69759888e+02, 1.59672778e+03, 7.69613586e+02,
    1.61397205e+03, 7.69525757e+02, 1.54542688e+03, 7.87257141e+02,
    1.56246899e+03, 7.87067993e+02, 1.57951965e+03, 7.86802979e+02,
    1.59661816e+03, 7.86675964e+02, 1.61375842e+03, 7.86562378e+02,
    1.54530713e+03, 8.04194763e+02, 1.56244885e+03, 8.04020874e+02,
    1.57938684e+03, 8.03862122e+02, 1.59649219e+03, 8.03656982e+02,
    1.61373340e+03, 8.03637817e+02, 1.54531641e+03, 8.21405457e+02,
    1.56234387e+03, 8.21197083e+02, 1.57934937e+03, 8.20952393e+02,
    1.59647302e+03, 8.20799133e+02, 1.61367810e+03, 8.20765442e+02,
    1.54533569e+03, 8.38409424e+02, 1.56247009e+03, 8.38296875e+02,
    1.57948657e+03, 8.38006836e+02, 1.59656042e+03, 8.37891357e+02,
    1.61372400e+03, 8.37830322e+02 ]
