%YAML:1.0
---
points: [ 1.54318323e+03, 7.35964355e+02, 1.56017065e+03, 7.35839905e+02,
    1.57717346e+03, 7.35644165e+02, 1.59445764e+03, 7.35497253e+02,
    1.61153735e+03, 7.35398621e+02, 1.54288879e+03, 7.53219299e+02,
    1.55985278e+03, 7.52948425e+02, 1.57680066e+03, 7.52718750e+02,
    1.59414209e+03, 7.52597900e+02, 1.61128320e+03, 7.52487305e+02,
    1.54261853e+03, 7.70251282e+02, 1.55953992e+03, 7.69990723e+02,
    1.57657544e+03, 7.69782288e+02, 1.59378479e+03, 7.69652954e+02,
    1.61095483e+03, 7.69541809e+02, 1.54250049e+03, 7.87299561e+02,
    1.55939319e+03, 7.87025024e+02, 1.57637463e+03, 7.86834045e+02,
    1.59364563e+03, 7.86691467e+02, 1.61073962e+03, 7.86616333e+02,
    1.54233228e+03, 8.04263611e+02, 1.55930603e+03, 8.04048218e+02,
    1.57624060e+03, 8.03881775e+02, 1.59349536e+03, 8.03738098e+02,
    1.61068958e+03, 8.03710449e+02, 1.54233972e+03, 8.21472961e+02,
    1.55923999e+03, 8.21169922e+02, 1.57617847e+03, 8.20981628e+02,
    1.59344788e+03, 8.20893372e+02, 1.61066675e+03, 8.20777283e+02,
    1.54238306e+03, 8.38449280e+02, 1.55934668e+03, 8.38317261e+02,
    1.57630225e+03, 8.38087891e+02, 1.59351306e+03, 8.37927917e+02,
    1.61067834e+03, 8.37819397e+02 ]
