%YAML:1.0
---
points: [ 1.47931909e+03, 7.35282654e+02, 1.49636450e+03, 7.35255005e+02,
    1.51336792e+03, 7.35221802e+02, 1.53054358e+03, 7.35147827e+02,
    1.54782507e+03, 7.35133606e+02, 1.47909497e+03, 7.52346375e+02,
    1.49607788e+03, 7.52236450e+02, 1.51304004e+03, 7.52138550e+02,
    1.53020007e+03, 7.52101562e+02, 1.54749353e+03, 7.52106262e+02,
    1.47869446e+03, 7.69358154e+02, 1.49579236e+03, 7.69291992e+02,
    1.51273560e+03, 7.69222595e+02, 1.52987720e+03, 7.69213379e+02,
    1.54720642e+03, 7.69200439e+02, 1.47854773e+03, 7.86425842e+02,
    1.49556494e+03, 7.86298950e+02, 1.51257605e+03, 7.86297974e+02,
    1.52968408e+03, 7.86262756e+02, 1.54699512e+03, 7.86258301e+02,
    1.47836584e+03, 8.03399231e+02, 1.49548376e+03, 8.03308289e+02,
    1.51239722e+03, 8.03221924e+02, 1.52952527e+03, 8.03211182e+02,
    1.54678589e+03, 8.03255615e+02, 1.47837756e+03, 8.20491516e+02,
    1.49535449e+03, 8.20349609e+02, 1.51233215e+03, 8.20267944e+02,
    1.52946082e+03, 8.20230713e+02, 1.54675415e+03, 8.20272583e+02,
    1.47835583e+03, 8.37570679e+02, 1.49543652e+03, 8.37523254e+02,
    1.51236511e+03, 8.37467468e+02, 1.52946069e+03, 8.37440552e+02,
    1.54675366e+03, 8.37440552e+02 ]
