%YAML:1.0
---
points: [ 1.42127478e+03, 7.34931763e+02, 1.43825464e+03, 7.34867065e+02,
    1.45531641e+03, 7.34837097e+02, 1.47253699e+03, 7.34718689e+02,
    1.48967896e+03, 7.34702942e+02, 1.42103979e+03, 7.51969604e+02,
    1.43802515e+03, 7.51777405e+02, 1.45492847e+03, 7.51739563e+02,
    1.47225610e+03, 7.51707825e+02, 1.48946057e+03, 7.51688232e+02,
    1.42079834e+03, 7.68987671e+02, 1.43775806e+03, 7.68852722e+02,
    1.45475928e+03, 7.68759521e+02, 1.47187292e+03, 7.68760132e+02,
    1.48930225e+03, 7.68788086e+02, 1.42066235e+03, 7.86057312e+02,
    1.43763757e+03, 7.85878052e+02, 1.45454590e+03, 7.85816223e+02,
    1.47170984e+03, 7.85772888e+02, 1.48907568e+03, 7.85810425e+02,
    1.42058081e+03, 8.03008728e+02, 1.43754370e+03, 8.02850281e+02,
    1.45448804e+03, 8.02771973e+02, 1.47158374e+03, 8.02768188e+02,
    1.48895862e+03, 8.02769592e+02, 1.42054626e+03, 8.19999573e+02,
    1.43750525e+03, 8.19869385e+02, 1.45444299e+03, 8.19802429e+02,
    1.47153992e+03, 8.19721680e+02, 1.48888049e+03, 8.19787109e+02,
    1.42058740e+03, 8.37233582e+02, 1.43756885e+03, 8.37166687e+02,
    1.45445886e+03, 8.36916870e+02, 1.47159155e+03, 8.36927002e+02,
    1.48889709e+03, 8.37054260e+02 ]
