%YAML:1.0
---
points: [ 1.35881409e+03, 7.34457642e+02, 1.37583997e+03, 7.34407471e+02,
    1.39285339e+03, 7.34272034e+02, 1.41015308e+03, 7.34228394e+02,
    1.42722559e+03, 7.34158142e+02, 1.35868091e+03, 7.51431885e+02,
    1.37569189e+03, 7.51303589e+02, 1.39262219e+03, 7.51172119e+02,
    1.40988184e+03, 7.51081238e+02, 1.42707751e+03, 7.50994934e+02,
    1.35856213e+03, 7.68425964e+02, 1.37552710e+03, 7.68263916e+02,
    1.39247144e+03, 7.68113098e+02, 1.40965100e+03, 7.68061951e+02,
    1.42683313e+03, 7.68005737e+02, 1.35853687e+03, 7.85523193e+02,
    1.37546545e+03, 7.85366638e+02, 1.39241333e+03, 7.85289429e+02,
    1.40952246e+03, 7.85199890e+02, 1.42676208e+03, 7.85182373e+02,
    1.35844617e+03, 8.02426758e+02, 1.37547156e+03, 8.02336121e+02,
    1.39236035e+03, 8.02225708e+02, 1.40952283e+03, 8.02207886e+02,
    1.42671411e+03, 8.02157288e+02, 1.35849817e+03, 8.19406494e+02,
    1.37548889e+03, 8.19220520e+02, 1.39239160e+03, 8.19086487e+02,
    1.40951953e+03, 8.19082581e+02, 1.42672021e+03, 8.19049377e+02,
    1.35855920e+03, 8.36422974e+02, 1.37558350e+03, 8.36319885e+02,
    1.39245935e+03, 8.36162170e+02, 1.40964905e+03, 8.36075562e+02,
    1.42682007e+03, 8.36116943e+02 ]
