%YAML:1.0
---
points: [ 1.37386438e+03, 8.35932373e+02, 1.35674097e+03, 8.35917603e+02,
    1.33950305e+03, 8.36020691e+02, 1.32261340e+03, 8.36179077e+02,
    1.30558289e+03, 8.36288452e+02, 1.37379590e+03, 8.18898865e+02,
    1.35658276e+03, 8.18877930e+02, 1.33937122e+03, 8.19008057e+02,
    1.32245947e+03, 8.19132263e+02, 1.30550952e+03, 8.19251587e+02,
    1.37368872e+03, 8.02031433e+02, 1.35652185e+03, 8.01989380e+02,
    1.33927710e+03, 8.02069641e+02, 1.32238501e+03, 8.02250000e+02,
    1.30542358e+03, 8.02357727e+02, 1.37370020e+03, 7.84908447e+02,
    1.35651770e+03, 7.84954590e+02, 1.33934290e+03, 7.85112976e+02,
    1.32234814e+03, 7.85217773e+02, 1.30542017e+03, 7.85448242e+02,
    1.37372449e+03, 7.67802734e+02, 1.35652075e+03, 7.67797302e+02,
    1.33934460e+03, 7.67859009e+02, 1.32239172e+03, 7.68152771e+02,
    1.30541699e+03, 7.68300964e+02, 1.37378748e+03, 7.50821716e+02,
    1.35659534e+03, 7.50859009e+02, 1.33942847e+03, 7.50948669e+02,
    1.32240881e+03, 7.51139832e+02, 1.30548730e+03, 7.51340759e+02,
    1.37384741e+03, 7.33957397e+02, 1.35672717e+03, 7.34059998e+02,
    1.33957593e+03, 7.34154236e+02, 1.32255579e+03, 7.34304504e+02,
    1.30557788e+03, 7.34403992e+02 ]
