%YAML:1.0
---
points: [ 1.31591626e+03, 8.36287048e+02, 1.29874011e+03, 8.36324158e+02,
    1.28160486e+03, 8.36453918e+02, 1.26466052e+03, 8.36656738e+02,
    1.24768921e+03, 8.36911255e+02, 1.31574915e+03, 8.19144226e+02,
    1.29853625e+03, 8.19263184e+02, 1.28147083e+03, 8.19367065e+02,
    1.26448486e+03, 8.19553345e+02, 1.24751721e+03, 8.19725098e+02,
    1.31559875e+03, 8.02311340e+02, 1.29843188e+03, 8.02367981e+02,
    1.28137292e+03, 8.02407776e+02, 1.26440747e+03, 8.02552307e+02,
    1.24746265e+03, 8.02754456e+02, 1.31554065e+03, 7.85301086e+02,
    1.29835229e+03, 7.85359680e+02, 1.28132422e+03, 7.85466736e+02,
    1.26435828e+03, 7.85620117e+02, 1.24736426e+03, 7.85791138e+02,
    1.31549780e+03, 7.68157715e+02, 1.29834595e+03, 7.68282410e+02,
    1.28128113e+03, 7.68370605e+02, 1.26434143e+03, 7.68601562e+02,
    1.24735754e+03, 7.68752014e+02, 1.31552136e+03, 7.51126221e+02,
    1.29835120e+03, 7.51231201e+02, 1.28130554e+03, 7.51383972e+02,
    1.26434888e+03, 7.51532898e+02, 1.24736194e+03, 7.51772278e+02,
    1.31556128e+03, 7.34230469e+02, 1.29843921e+03, 7.34370667e+02,
    1.28134753e+03, 7.34469360e+02, 1.26436792e+03, 7.34601562e+02,
    1.24736719e+03, 7.34783081e+02 ]
