%YAML:1.0
---
points: [ 1.19049939e+03, 7.34468750e+02, 1.20751929e+03, 7.34427795e+02,
    1.22454272e+03, 7.34261169e+02, 1.24167102e+03, 7.34150452e+02,
    1.25878735e+03, 7.34079956e+02, 1.19048486e+03, 7.51440125e+02,
    1.20748364e+03, 7.51233215e+02, 1.22445178e+03, 7.51115906e+02,
    1.24164429e+03, 7.51007385e+02, 1.25877185e+03, 7.50884094e+02,
    1.19047180e+03, 7.68387512e+02, 1.20748743e+03, 7.68220581e+02,
    1.22443835e+03, 7.67987122e+02, 1.24160828e+03, 7.67920105e+02,
    1.25876025e+03, 7.67880920e+02, 1.19049500e+03, 7.85463684e+02,
    1.20747778e+03, 7.85272461e+02, 1.22446021e+03, 7.85202759e+02,
    1.24161243e+03, 7.85064331e+02, 1.25879285e+03, 7.85053345e+02,
    1.19053430e+03, 8.02337280e+02, 1.20757812e+03, 8.02221375e+02,
    1.22449170e+03, 8.02093506e+02, 1.24168726e+03, 8.02038879e+02,
    1.25881470e+03, 8.01999146e+02, 1.19064380e+03, 8.19299561e+02,
    1.20759314e+03, 8.19137146e+02, 1.22462305e+03, 8.18972351e+02,
    1.24175818e+03, 8.18923828e+02, 1.25892383e+03, 8.18914429e+02,
    1.19072083e+03, 8.36295288e+02, 1.20779907e+03, 8.36181580e+02,
    1.22472681e+03, 8.36063843e+02, 1.24199170e+03, 8.35990295e+02,
    1.25916309e+03, 8.36033508e+02 ]
