%YAML:1.0
---
points: [ 1.25140002e+03, 8.35821472e+02, 1.23427710e+03, 8.35765320e+02,
    1.21724890e+03, 8.35836487e+02, 1.20036157e+03, 8.36006226e+02,
    1.18322559e+03, 8.36107849e+02, 1.25120081e+03, 8.18749146e+02,
    1.23418811e+03, 8.18737366e+02, 1.21713538e+03, 8.18836670e+02,
    1.20021802e+03, 8.18946777e+02, 1.18311316e+03, 8.19110840e+02,
    1.25114075e+03, 8.01824646e+02, 1.23405774e+03, 8.01814514e+02,
    1.21703284e+03, 8.01926208e+02, 1.20009058e+03, 8.02066711e+02,
    1.18290625e+03, 8.02225159e+02, 1.25100781e+03, 7.84838318e+02,
    1.23405212e+03, 7.84830933e+02, 1.21690503e+03, 7.84942871e+02,
    1.19999280e+03, 7.85078674e+02, 1.18284863e+03, 7.85291565e+02,
    1.25094165e+03, 7.67740051e+02, 1.23397314e+03, 7.67749084e+02,
    1.21689893e+03, 7.67813599e+02, 1.19992236e+03, 7.67971008e+02,
    1.18280188e+03, 7.68219299e+02, 1.25104236e+03, 7.50784729e+02,
    1.23400793e+03, 7.50848511e+02, 1.21689697e+03, 7.50910889e+02,
    1.19994226e+03, 7.51103394e+02, 1.18282532e+03, 7.51291382e+02,
    1.25103320e+03, 7.33924194e+02, 1.23408630e+03, 7.33989746e+02,
    1.21700977e+03, 7.34156982e+02, 1.20007178e+03, 7.34274841e+02,
    1.18280835e+03, 7.34343018e+02 ]
