%YAML:1.0
---
points: [ 1.19051904e+03, 8.35762390e+02, 1.17353821e+03, 8.35747559e+02,
    1.15645691e+03, 8.35834900e+02, 1.13944446e+03, 8.36033447e+02,
    1.12243665e+03, 8.36104980e+02, 1.19041260e+03, 8.18708923e+02,
    1.17344324e+03, 8.18702759e+02, 1.15629529e+03, 8.18809998e+02,
    1.13934302e+03, 8.18959900e+02, 1.12237256e+03, 8.19155457e+02,
    1.19038464e+03, 8.01796326e+02, 1.17336255e+03, 8.01804138e+02,
    1.15623010e+03, 8.01912415e+02, 1.13926086e+03, 8.02102966e+02,
    1.12229443e+03, 8.02242249e+02, 1.19030676e+03, 7.84785950e+02,
    1.17333777e+03, 7.84782654e+02, 1.15617285e+03, 7.84943420e+02,
    1.13924084e+03, 7.85138062e+02, 1.12224670e+03, 7.85351440e+02,
    1.19031763e+03, 7.67704468e+02, 1.17329053e+03, 7.67753906e+02,
    1.15613062e+03, 7.67816589e+02, 1.13918176e+03, 7.68088074e+02,
    1.12220691e+03, 7.68233582e+02, 1.19032837e+03, 7.50824463e+02,
    1.17334802e+03, 7.50811035e+02, 1.15614307e+03, 7.51008484e+02,
    1.13920471e+03, 7.51114380e+02, 1.12221106e+03, 7.51317810e+02,
    1.19035974e+03, 7.33939819e+02, 1.17337292e+03, 7.34047546e+02,
    1.15621301e+03, 7.34154236e+02, 1.13927441e+03, 7.34289307e+02,
    1.12220471e+03, 7.34396301e+02 ]
