%YAML:1.0
---
points: [ 1.13359253e+03, 8.35677002e+02, 1.11671875e+03, 8.35686768e+02,
    1.09970703e+03, 8.35801086e+02, 1.08268689e+03, 8.36010071e+02,
    1.06562524e+03, 8.36203918e+02, 1.13349133e+03, 8.18625000e+02,
    1.11657776e+03, 8.18690796e+02, 1.09955542e+03, 8.18763489e+02,
    1.08252856e+03, 8.18996887e+02, 1.06552051e+03, 8.19208679e+02,
    1.13344067e+03, 8.01726135e+02, 1.11653137e+03, 8.01744080e+02,
    1.09946484e+03, 8.01859741e+02, 1.08240283e+03, 8.02136353e+02,
    1.06540234e+03, 8.02324036e+02, 1.13339331e+03, 7.84770691e+02,
    1.11649036e+03, 7.84790466e+02, 1.09939490e+03, 7.84942871e+02,
    1.08232202e+03, 7.85152344e+02, 1.06534119e+03, 7.85400085e+02,
    1.13334924e+03, 7.67690063e+02, 1.11637537e+03, 7.67744629e+02,
    1.09931702e+03, 7.67848755e+02, 1.08223706e+03, 7.68118652e+02,
    1.06528491e+03, 7.68335327e+02, 1.13328845e+03, 7.50787537e+02,
    1.11639575e+03, 7.50820251e+02, 1.09927014e+03, 7.50971436e+02,
    1.08220923e+03, 7.51164734e+02, 1.06522339e+03, 7.51360046e+02,
    1.13326855e+03, 7.33901733e+02, 1.11638062e+03, 7.34084656e+02,
    1.09930298e+03, 7.34173645e+02, 1.08217346e+03, 7.34321594e+02,
    1.06521313e+03, 7.34463928e+02 ]
