%YAML:1.0
---
points: [ 1.06821582e+03, 8.35776733e+02, 1.05103027e+03, 8.35779785e+02,
    1.03406042e+03, 8.35886658e+02, 1.01722736e+03, 8.36092896e+02,
    1.00014996e+03, 8.36248657e+02, 1.06802148e+03, 8.18666016e+02,
    1.05087744e+03, 8.18730896e+02, 1.03389905e+03, 8.18819214e+02,
    1.01700940e+03, 8.19058289e+02, 9.99971313e+02, 8.19287109e+02,
    1.06789368e+03, 8.01781616e+02, 1.05076196e+03, 8.01823303e+02,
    1.03377332e+03, 8.02022644e+02, 1.01688904e+03, 8.02178650e+02,
    9.99788879e+02, 8.02345215e+02, 1.06779053e+03, 7.84822937e+02,
    1.05067725e+03, 7.84885132e+02, 1.03366040e+03, 7.85078308e+02,
    1.01674969e+03, 7.85240112e+02, 9.99725098e+02, 7.85461792e+02,
    1.06766650e+03, 7.67714905e+02, 1.05057166e+03, 7.67773743e+02,
    1.03357349e+03, 7.67985291e+02, 1.01666559e+03, 7.68209412e+02,
    9.99575623e+02, 7.68417114e+02, 1.06767285e+03, 7.50818237e+02,
    1.05051575e+03, 7.50884583e+02, 1.03349854e+03, 7.51066406e+02,
    1.01654657e+03, 7.51279724e+02, 9.99522949e+02, 7.51441101e+02,
    1.06757263e+03, 7.34002625e+02, 1.05047473e+03, 7.34113708e+02,
    1.03344690e+03, 7.34260986e+02, 1.01650043e+03, 7.34418701e+02,
    9.99413513e+02, 7.34536438e+02 ]
