%YAML:1.0
---
points: [ 9.92781555e+02, 8.35925354e+02, 9.75792053e+02, 8.35937012e+02,
    9.58825378e+02, 8.36047302e+02, 9.41958130e+02, 8.36288696e+02,
    9.24707458e+02, 8.36375122e+02, 9.92640015e+02, 8.18880005e+02,
    9.75610718e+02, 8.18915161e+02, 9.58724976e+02, 8.19042358e+02,
    9.41710205e+02, 8.19203430e+02, 9.24571350e+02, 8.19385681e+02,
    9.92516846e+02, 8.02058533e+02, 9.75527283e+02, 8.02077026e+02,
    9.58531433e+02, 8.02184387e+02, 9.41616028e+02, 8.02294006e+02,
    9.24423462e+02, 8.02443115e+02, 9.92399902e+02, 7.85086670e+02,
    9.75404358e+02, 7.85088562e+02, 9.58466736e+02, 7.85275940e+02,
    9.41432983e+02, 7.85288025e+02, 9.24258667e+02, 7.85565674e+02,
    9.92267212e+02, 7.67914124e+02, 9.75288513e+02, 7.68047974e+02,
    9.58316284e+02, 7.68172485e+02, 9.41240601e+02, 7.68344299e+02,
    9.24165405e+02, 7.68501526e+02, 9.92194397e+02, 7.51058777e+02,
    9.75190002e+02, 7.51137329e+02, 9.58209717e+02, 7.51213867e+02,
    9.41078247e+02, 7.51328491e+02, 9.23926331e+02, 7.51543335e+02,
    9.92027344e+02, 7.34197083e+02, 9.75062561e+02, 7.34249939e+02,
    9.58012634e+02, 7.34348816e+02, 9.40829285e+02, 7.34520142e+02,
    9.23761536e+02, 7.34645569e+02 ]
