%YAML:1.0
---
points: [ 9.22500244e+02, 8.35973328e+02, 9.05591675e+02, 8.36044128e+02,
    8.88487671e+02, 8.36151428e+02, 8.71456543e+02, 8.36313904e+02,
    8.54373474e+02, 8.36464783e+02, 9.22420898e+02, 8.18950928e+02,
    9.05471924e+02, 8.18947998e+02, 8.88373901e+02, 8.19123901e+02,
    8.71326782e+02, 8.19276978e+02, 8.54232483e+02, 8.19460815e+02,
    9.22297424e+02, 8.02117004e+02, 9.05340637e+02, 8.02111816e+02,
    8.88216187e+02, 8.02233215e+02, 8.71184265e+02, 8.02332886e+02,
    8.54046143e+02, 8.02493652e+02, 9.22213318e+02, 7.85164856e+02,
    9.05187744e+02, 7.85189453e+02, 8.88033630e+02, 7.85308167e+02,
    8.70986206e+02, 7.85360840e+02, 8.53824646e+02, 7.85625732e+02,
    9.21951233e+02, 7.68037659e+02, 9.04968994e+02, 7.68103210e+02,
    8.87805847e+02, 7.68223450e+02, 8.70763367e+02, 7.68388916e+02,
    8.53659973e+02, 7.68583557e+02, 9.21874695e+02, 7.51069946e+02,
    9.04795410e+02, 7.51163696e+02, 8.87656128e+02, 7.51247070e+02,
    8.70597717e+02, 7.51396545e+02, 8.53563354e+02, 7.51554504e+02,
    9.21663513e+02, 7.34249939e+02, 9.04644226e+02, 7.34305481e+02,
    8.87476562e+02, 7.34419739e+02, 8.70447571e+02, 7.34542236e+02,
    8.53400635e+02, 7.34684326e+02 ]
