%YAML:1.0
---
points: [ 7.83845703e+02, 7.34627991e+02, 8.01134766e+02, 7.34527405e+02,
    8.18203186e+02, 7.34404297e+02, 8.35248474e+02, 7.34288635e+02,
    8.52428894e+02, 7.34227600e+02, 7.84050659e+02, 7.51559143e+02,
    8.01341980e+02, 7.51412354e+02, 8.18290222e+02, 7.51272766e+02,
    8.35435730e+02, 7.51184570e+02, 8.52527771e+02, 7.51064575e+02,
    7.84293030e+02, 7.68572571e+02, 8.01428528e+02, 7.68394287e+02,
    8.18440491e+02, 7.68197449e+02, 8.35532837e+02, 7.68168945e+02,
    8.52649658e+02, 7.68037292e+02, 7.84382751e+02, 7.85619202e+02,
    8.01532654e+02, 7.85434753e+02, 8.18514221e+02, 7.85344299e+02,
    8.35631653e+02, 7.85209656e+02, 8.52706909e+02, 7.85148132e+02,
    7.84503723e+02, 8.02552368e+02, 8.01639526e+02, 8.02399231e+02,
    8.18626099e+02, 8.02243652e+02, 8.35773315e+02, 8.02155762e+02,
    8.52834778e+02, 8.02132935e+02, 7.84581055e+02, 8.19498169e+02,
    8.01718872e+02, 8.19325806e+02, 8.18758423e+02, 8.19158508e+02,
    8.35901123e+02, 8.19056519e+02, 8.52939209e+02, 8.18980164e+02,
    7.84648865e+02, 8.36573608e+02, 8.01776550e+02, 8.36392090e+02,
    8.18774414e+02, 8.36200073e+02, 8.35927673e+02, 8.36088623e+02,
    8.53021912e+02, 8.36056824e+02 ]
