%YAML:1.0
---
points: [ 7.08125183e+02, 7.34915649e+02, 7.25470947e+02, 7.34661865e+02,
    7.42635437e+02, 7.34514832e+02, 7.59767029e+02, 7.34372070e+02,
    7.76851929e+02, 7.34219055e+02, 7.08319092e+02, 7.51863831e+02,
    7.25664551e+02, 7.51621277e+02, 7.42866516e+02, 7.51384399e+02,
    7.60051514e+02, 7.51232849e+02, 7.77187439e+02, 7.51081604e+02,
    7.08543762e+02, 7.68903198e+02, 7.25965576e+02, 7.68641235e+02,
    7.43156616e+02, 7.68424072e+02, 7.60280212e+02, 7.68276062e+02,
    7.77313477e+02, 7.68108337e+02, 7.08767273e+02, 7.85965027e+02,
    7.26169983e+02, 7.85716797e+02, 7.43324646e+02, 7.85493896e+02,
    7.60418152e+02, 7.85352356e+02, 7.77473694e+02, 7.85248657e+02,
    7.08932617e+02, 8.02941528e+02, 7.26357178e+02, 8.02624390e+02,
    7.43497742e+02, 8.02460999e+02, 7.60538818e+02, 8.02339966e+02,
    7.77624146e+02, 8.02228760e+02, 7.09151733e+02, 8.19929016e+02,
    7.26533447e+02, 8.19610474e+02, 7.43640747e+02, 8.19414368e+02,
    7.60682007e+02, 8.19277771e+02, 7.77762939e+02, 8.19143921e+02,
    7.09273315e+02, 8.37142578e+02, 7.26606934e+02, 8.36741028e+02,
    7.43653687e+02, 8.36523560e+02, 7.60754944e+02, 8.36361511e+02,
    7.77825989e+02, 8.36197205e+02 ]
