%YAML:1.0
---
points: [ 6.29973389e+02, 7.35341003e+02, 6.47477844e+02, 7.35172424e+02,
    6.64717102e+02, 7.34837097e+02, 6.81988342e+02, 7.34604370e+02,
    6.99176514e+02, 7.34409241e+02, 6.30274902e+02, 7.52415588e+02,
    6.47759827e+02, 7.52077881e+02, 6.65086487e+02, 7.51766663e+02,
    6.82314209e+02, 7.51580994e+02, 6.99446045e+02, 7.51380859e+02,
    6.30580750e+02, 7.69449036e+02, 6.48212219e+02, 7.69132019e+02,
    6.65386169e+02, 7.68836731e+02, 6.82518127e+02, 7.68622803e+02,
    6.99737000e+02, 7.68447510e+02, 6.30955566e+02, 7.86478882e+02,
    6.48457886e+02, 7.86190552e+02, 6.65532349e+02, 7.85861572e+02,
    6.82737793e+02, 7.85723450e+02, 7.00057556e+02, 7.85517395e+02,
    6.31321838e+02, 8.03456116e+02, 6.48648376e+02, 8.03168030e+02,
    6.65742432e+02, 8.02854309e+02, 6.83029785e+02, 8.02607117e+02,
    7.00290283e+02, 8.02501526e+02, 6.31568359e+02, 8.20604797e+02,
    6.48792358e+02, 8.20203186e+02, 6.65984924e+02, 8.19847473e+02,
    6.83319397e+02, 8.19626404e+02, 7.00452942e+02, 8.19468689e+02,
    6.31684509e+02, 8.37679016e+02, 6.48939697e+02, 8.37442444e+02,
    6.66185303e+02, 8.37123962e+02, 6.83488892e+02, 8.36777161e+02,
    7.00533020e+02, 8.36653076e+02 ]
