%YAML:1.0
---
points: [ 6.38801575e+02, 7.35243896e+02, 6.56302551e+02, 7.35018311e+02,
    6.73614563e+02, 7.34748230e+02, 6.90759705e+02, 7.34505615e+02,
    7.07887939e+02, 7.34390930e+02, 6.39162781e+02, 7.52275269e+02,
    6.56597656e+02, 7.51904175e+02, 6.73906860e+02, 7.51666443e+02,
    6.91149719e+02, 7.51456238e+02, 7.08303284e+02, 7.51345642e+02,
    6.39490540e+02, 7.69313232e+02, 6.56913940e+02, 7.68998962e+02,
    6.74256531e+02, 7.68732666e+02, 6.91395813e+02, 7.68514709e+02,
    7.08453064e+02, 7.68375305e+02, 6.39778748e+02, 7.86341919e+02,
    6.57168152e+02, 7.86055725e+02, 6.74481201e+02, 7.85714111e+02,
    6.91555908e+02, 7.85606018e+02, 7.08702087e+02, 7.85479065e+02,
    6.40028198e+02, 8.03307861e+02, 6.57474365e+02, 8.03010986e+02,
    6.74682068e+02, 8.02705627e+02, 6.91810608e+02, 8.02522705e+02,
    7.08850769e+02, 8.02460632e+02, 6.40278442e+02, 8.20384521e+02,
    6.57666687e+02, 8.20004578e+02, 6.74885986e+02, 8.19691956e+02,
    6.92033081e+02, 8.19513428e+02, 7.09105530e+02, 8.19369995e+02,
    6.40394104e+02, 8.37520081e+02, 6.57912781e+02, 8.37249573e+02,
    6.75101196e+02, 8.36894348e+02, 6.92200867e+02, 8.36644287e+02,
    7.09194519e+02, 8.36529724e+02 ]
