%YAML:1.0
---
points: [ 6.49702942e+02, 8.37241150e+02, 6.32773804e+02, 8.37299988e+02,
    6.15507019e+02, 8.37549316e+02, 5.98252563e+02, 8.37757996e+02,
    5.80967407e+02, 8.38032410e+02, 6.49593140e+02, 8.19882874e+02,
    6.32603455e+02, 8.20062622e+02, 6.15388245e+02, 8.20387207e+02,
    5.98093079e+02, 8.20710693e+02, 5.80734192e+02, 8.21046753e+02,
    6.49410034e+02, 8.02864746e+02, 6.32398804e+02, 8.03093445e+02,
    6.15128967e+02, 8.03278931e+02, 5.97843994e+02, 8.03556152e+02,
    5.80459473e+02, 8.03923889e+02, 6.49173767e+02, 7.85862549e+02,
    6.32150024e+02, 7.86103088e+02, 6.14860779e+02, 7.86326416e+02,
    5.97545532e+02, 7.86546082e+02, 5.80177002e+02, 7.86843567e+02,
    6.48824707e+02, 7.68829346e+02, 6.31838013e+02, 7.69032410e+02,
    6.14530273e+02, 7.69248535e+02, 5.97169678e+02, 7.69508789e+02,
    5.79795288e+02, 7.69825500e+02, 6.48625916e+02, 7.51698914e+02,
    6.31559326e+02, 7.51924927e+02, 6.14178528e+02, 7.52213928e+02,
    5.96729980e+02, 7.52474976e+02, 5.79511292e+02, 7.52797913e+02,
    6.48377991e+02, 7.34748352e+02, 6.31183289e+02, 7.35025146e+02,
    6.13695923e+02, 7.35233459e+02, 5.96454773e+02, 7.35467163e+02,
    5.79128906e+02, 7.35692261e+02 ]
