%YAML:1.0
---
points: [ 6.45432312e+02, 8.37285767e+02, 6.28460754e+02, 8.37410461e+02,
    6.11409424e+02, 8.37601746e+02, 5.94189148e+02, 8.37763916e+02,
    5.76599976e+02, 8.38153381e+02, 6.45312317e+02, 8.20003174e+02,
    6.28398376e+02, 8.20183777e+02, 6.11287170e+02, 8.20447998e+02,
    5.93893433e+02, 8.20765137e+02, 5.76453003e+02, 8.21070251e+02,
    6.45137268e+02, 8.02968140e+02, 6.28175964e+02, 8.03151611e+02,
    6.10957031e+02, 8.03335022e+02, 5.93601868e+02, 8.03591309e+02,
    5.76212952e+02, 8.03989502e+02, 6.44905029e+02, 7.85946289e+02,
    6.27783752e+02, 7.86146667e+02, 6.10654602e+02, 7.86381226e+02,
    5.93290405e+02, 7.86587708e+02, 5.75905457e+02, 7.86897339e+02,
    6.44567871e+02, 7.68871582e+02, 6.27536621e+02, 7.69088562e+02,
    6.10322571e+02, 7.69309387e+02, 5.92913574e+02, 7.69514648e+02,
    5.75504761e+02, 7.69878418e+02, 6.44323914e+02, 7.51768005e+02,
    6.27171448e+02, 7.52003113e+02, 6.09959106e+02, 7.52231140e+02,
    5.92516174e+02, 7.52515930e+02, 5.75127869e+02, 7.52838135e+02,
    6.43864136e+02, 7.34800476e+02, 6.26828491e+02, 7.35042358e+02,
    6.09505737e+02, 7.35266907e+02, 5.92040894e+02, 7.35456848e+02,
    5.74727966e+02, 7.35720642e+02 ]
