%YAML:1.0
---
points: [ 5.08107056e+02, 7.36167114e+02, 5.25768677e+02, 7.35853516e+02,
    5.43140686e+02, 7.35676147e+02, 5.60542236e+02, 7.35455872e+02,
    5.77762695e+02, 7.35334778e+02, 5.08519440e+02, 7.53389893e+02,
    5.26156494e+02, 7.53055054e+02, 5.43561096e+02, 7.52707336e+02,
    5.60916565e+02, 7.52546692e+02, 5.78190430e+02, 7.52343201e+02,
    5.08897552e+02, 7.70350159e+02, 5.26580444e+02, 7.70086487e+02,
    5.43941711e+02, 7.69764221e+02, 5.61254333e+02, 7.69594360e+02,
    5.78435364e+02, 7.69480652e+02, 5.09248169e+02, 7.87414795e+02,
    5.26854980e+02, 7.87165161e+02, 5.44260010e+02, 7.86848755e+02,
    5.61484497e+02, 7.86623840e+02, 5.78776062e+02, 7.86501953e+02,
    5.09554016e+02, 8.04410645e+02, 5.27296448e+02, 8.04138245e+02,
    5.44474792e+02, 8.03867004e+02, 5.61761658e+02, 8.03671936e+02,
    5.79143921e+02, 8.03534912e+02, 5.09889435e+02, 8.21579041e+02,
    5.27469727e+02, 8.21344788e+02, 5.44673706e+02, 8.21045227e+02,
    5.62007202e+02, 8.20831177e+02, 5.79282349e+02, 8.20663147e+02,
    5.10229309e+02, 8.38651184e+02, 5.27621521e+02, 8.38402039e+02,
    5.44754333e+02, 8.38150635e+02, 5.62193420e+02, 8.37889771e+02,
    5.79427490e+02, 8.37763489e+02 ]
