%YAML:1.0
---
points: [ 4.54187988e+02, 7.36540222e+02, 4.71820709e+02, 7.36325806e+02,
    4.89511383e+02, 7.36131775e+02, 5.07076324e+02, 7.35882202e+02,
    5.24367432e+02, 7.35733826e+02, 4.54520538e+02, 7.53663940e+02,
    4.72251404e+02, 7.53480957e+02, 4.89947723e+02, 7.53300232e+02,
    5.07392365e+02, 7.53139221e+02, 5.24640320e+02, 7.52872681e+02,
    4.54879028e+02, 7.70690979e+02, 4.72615601e+02, 7.70499084e+02,
    4.90337769e+02, 7.70295471e+02, 5.07603485e+02, 7.70172546e+02,
    5.24870728e+02, 7.69988342e+02, 4.55259064e+02, 7.87750427e+02,
    4.73000671e+02, 7.87525330e+02, 4.90594971e+02, 7.87365417e+02,
    5.07810333e+02, 7.87213501e+02, 5.25254639e+02, 7.87080017e+02,
    4.55438019e+02, 8.04892822e+02, 4.73311005e+02, 8.04588806e+02,
    4.90736877e+02, 8.04407410e+02, 5.08144928e+02, 8.04281738e+02,
    5.25483215e+02, 8.04156006e+02, 4.55743011e+02, 8.22188171e+02,
    4.73535431e+02, 8.21826355e+02, 4.90890381e+02, 8.21591492e+02,
    5.08307465e+02, 8.21447266e+02, 5.25641357e+02, 8.21298096e+02,
    4.55852234e+02, 8.39207703e+02, 4.73646057e+02, 8.38868286e+02,
    4.91075043e+02, 8.38704529e+02, 5.08430939e+02, 8.38460449e+02,
    5.25718567e+02, 8.38402344e+02 ]
