%YAML:1.0
---
points: [ 4.51654816e+02, 8.38512146e+02, 4.34380676e+02, 8.38599670e+02,
    4.16976868e+02, 8.38808167e+02, 3.99524231e+02, 8.39134521e+02,
    3.81690033e+02, 8.39323547e+02, 4.51576569e+02, 8.21391846e+02,
    4.34258270e+02, 8.21543640e+02, 4.16854614e+02, 8.21679565e+02,
    3.99315826e+02, 8.22012085e+02, 3.81502777e+02, 8.22348022e+02,
    4.51343475e+02, 8.04240845e+02, 4.33946777e+02, 8.04346863e+02,
    4.16641388e+02, 8.04474609e+02, 3.98939362e+02, 8.04721130e+02,
    3.81286438e+02, 8.05091797e+02, 4.51065094e+02, 7.87161743e+02,
    4.33667755e+02, 7.87300476e+02, 4.16389557e+02, 7.87450195e+02,
    3.98544464e+02, 7.87638123e+02, 3.80921539e+02, 7.87817566e+02,
    4.50624634e+02, 7.70078369e+02, 4.33429169e+02, 7.70198364e+02,
    4.15967621e+02, 7.70374878e+02, 3.98221405e+02, 7.70547241e+02,
    3.80486145e+02, 7.70727356e+02, 4.50348083e+02, 7.52949463e+02,
    4.33134644e+02, 7.53197144e+02, 4.15458496e+02, 7.53369751e+02,
    3.97831055e+02, 7.53556580e+02, 3.80039398e+02, 7.53766052e+02,
    4.50011017e+02, 7.35782410e+02, 4.32588074e+02, 7.35865540e+02,
    4.14952057e+02, 7.36187073e+02, 3.97351868e+02, 7.36406311e+02,
    3.79606262e+02, 7.36551941e+02 ]
