%YAML:1.0
---
points: [ 3.92542847e+02, 8.38803833e+02, 3.75254822e+02, 8.39057617e+02,
    3.57866913e+02, 8.39207581e+02, 3.40361633e+02, 8.39481567e+02,
    3.22666595e+02, 8.39685974e+02, 3.92333771e+02, 8.21731750e+02,
    3.75034973e+02, 8.21859375e+02, 3.57717499e+02, 8.22202820e+02,
    3.40021393e+02, 8.22435608e+02, 3.22496185e+02, 8.22610474e+02,
    3.92024628e+02, 8.04536499e+02, 3.74751892e+02, 8.04618774e+02,
    3.57351898e+02, 8.04833679e+02, 3.39701843e+02, 8.05181763e+02,
    3.22173187e+02, 8.05456116e+02, 3.91698608e+02, 7.87377502e+02,
    3.74460388e+02, 7.87530090e+02, 3.56740723e+02, 7.87697632e+02,
    3.39337677e+02, 7.87891052e+02, 3.21625946e+02, 7.88268311e+02,
    3.91360077e+02, 7.70312805e+02, 3.74135773e+02, 7.70450256e+02,
    3.56342224e+02, 7.70629639e+02, 3.38835693e+02, 7.70769714e+02,
    3.21133728e+02, 7.71077942e+02, 3.90944366e+02, 7.53263367e+02,
    3.73409546e+02, 7.53426697e+02, 3.55855530e+02, 7.53589966e+02,
    3.38262024e+02, 7.53824585e+02, 3.20517334e+02, 7.54122070e+02,
    3.90381775e+02, 7.36003296e+02, 3.72867157e+02, 7.36224182e+02,
    3.55202972e+02, 7.36470093e+02, 3.37695190e+02, 7.36685303e+02,
    3.19824921e+02, 7.36938599e+02 ]
