%YAML:1.0
---
points: [ 3.14497955e+02, 8.39481750e+02, 2.97404175e+02, 8.39531128e+02,
    2.80092102e+02, 8.39804871e+02, 2.62500519e+02, 8.40183411e+02,
    2.44937149e+02, 8.40356079e+02, 3.14279755e+02, 8.22406555e+02,
    2.97205139e+02, 8.22546021e+02, 2.79703125e+02, 8.22695496e+02,
    2.62143921e+02, 8.23041077e+02, 2.44501328e+02, 8.23398499e+02,
    3.13909393e+02, 8.05173889e+02, 2.96741913e+02, 8.05417786e+02,
    2.79239807e+02, 8.05645630e+02, 2.61698517e+02, 8.05822754e+02,
    2.43936600e+02, 8.06190491e+02, 3.13437012e+02, 7.87886902e+02,
    2.96153992e+02, 7.88123596e+02, 2.78740173e+02, 7.88368652e+02,
    2.61067902e+02, 7.88568420e+02, 2.43473114e+02, 7.88936218e+02,
    3.12823669e+02, 7.70777954e+02, 2.95709320e+02, 7.70960571e+02,
    2.78104919e+02, 7.71178528e+02, 2.60473297e+02, 7.71455261e+02,
    2.42834000e+02, 7.71716736e+02, 3.12395325e+02, 7.53695862e+02,
    2.95047119e+02, 7.53937012e+02, 2.77336517e+02, 7.54182800e+02,
    2.59851044e+02, 7.54430359e+02, 2.42125229e+02, 7.54654114e+02,
    3.11827148e+02, 7.36546448e+02, 2.94275940e+02, 7.36786255e+02,
    2.76736786e+02, 7.37108704e+02, 2.59120789e+02, 7.37329346e+02,
    2.41366028e+02, 7.37593933e+02 ]
