%YAML:1.0
---
points: [ 2.45475327e+02, 8.40011353e+02, 2.28513519e+02, 8.40130493e+02,
    2.11297607e+02, 8.40228577e+02, 1.93804794e+02, 8.40455566e+02,
    1.76412064e+02, 8.40597290e+02, 2.45272507e+02, 8.22892883e+02,
    2.28318527e+02, 8.22951294e+02, 2.10963943e+02, 8.23150024e+02,
    1.93437347e+02, 8.23338440e+02, 1.76099121e+02, 8.23534302e+02,
    2.44906372e+02, 8.05776917e+02, 2.27820709e+02, 8.05822693e+02,
    2.10379196e+02, 8.05953796e+02, 1.93094299e+02, 8.06245667e+02,
    1.75391586e+02, 8.06441162e+02, 2.44401642e+02, 7.88472412e+02,
    2.27235703e+02, 7.88550781e+02, 2.09894485e+02, 7.88750732e+02,
    1.92348343e+02, 7.88886047e+02, 1.74824524e+02, 7.89216858e+02,
    2.43798752e+02, 7.71314392e+02, 2.26747177e+02, 7.71420349e+02,
    2.09155609e+02, 7.71532593e+02, 1.91697083e+02, 7.71690796e+02,
    1.74243973e+02, 7.71961182e+02, 2.43378708e+02, 7.54249878e+02,
    2.25974518e+02, 7.54380737e+02, 2.08436707e+02, 7.54470764e+02,
    1.91090866e+02, 7.54689514e+02, 1.73377472e+02, 7.54896057e+02,
    2.42631348e+02, 7.37133423e+02, 2.25248535e+02, 7.37286316e+02,
    2.07713409e+02, 7.37452942e+02, 1.90314865e+02, 7.37593262e+02,
    1.72682571e+02, 7.37806335e+02 ]
