%YAML:1.0
---
points: [ 1.05784775e+02, 7.37749207e+02, 1.22871613e+02, 7.37655334e+02,
    1.40244339e+02, 7.37591614e+02, 1.57755722e+02, 7.37461365e+02,
    1.74904510e+02, 7.37459167e+02, 1.06417892e+02, 7.54830994e+02,
    1.23854027e+02, 7.54711304e+02, 1.41083054e+02, 7.54646057e+02,
    1.58473679e+02, 7.54568420e+02, 1.75625946e+02, 7.54518921e+02,
    1.07176308e+02, 7.71924927e+02, 1.24458061e+02, 7.71771240e+02,
    1.41942291e+02, 7.71728638e+02, 1.59242020e+02, 7.71620850e+02,
    1.76253998e+02, 7.71608337e+02, 1.07731415e+02, 7.89146484e+02,
    1.25199326e+02, 7.88898560e+02, 1.42583115e+02, 7.88843201e+02,
    1.59626434e+02, 7.88788574e+02, 1.76648315e+02, 7.88776794e+02,
    1.08314590e+02, 8.06370850e+02, 1.26000259e+02, 8.06259766e+02,
    1.43090714e+02, 8.06187073e+02, 1.60222336e+02, 8.06131836e+02,
    1.77163757e+02, 8.06170593e+02, 1.08913544e+02, 8.23463989e+02,
    1.26341751e+02, 8.23382751e+02, 1.43581985e+02, 8.23281250e+02,
    1.60655258e+02, 8.23257019e+02, 1.77623505e+02, 8.23260193e+02,
    1.09331863e+02, 8.40521484e+02, 1.26747040e+02, 8.40415344e+02,
    1.43877762e+02, 8.40378601e+02, 1.60988831e+02, 8.40286499e+02,
    1.77849884e+02, 8.40367615e+02 ]
