%YAML:1.0
---
points: [ 1.13036812e+02, 8.40303711e+02, 9.63893585e+01, 8.40353027e+02,
    7.94212799e+01, 8.40308899e+02, 6.23095741e+01, 8.40413452e+02,
    4.51430473e+01, 8.40515015e+02, 1.12693962e+02, 8.23230469e+02,
    9.59583969e+01, 8.23200012e+02, 7.91859818e+01, 8.23242249e+02,
    6.19027367e+01, 8.23366333e+02, 4.45326843e+01, 8.23494934e+02,
    1.12278984e+02, 8.06153137e+02, 9.55563889e+01, 8.06116089e+02,
    7.84523849e+01, 8.06202087e+02, 6.13197021e+01, 8.06280579e+02,
    4.38690948e+01, 8.06406860e+02, 1.11702438e+02, 7.88765259e+02,
    9.48348389e+01, 7.88743591e+02, 7.75964432e+01, 7.88904419e+02,
    6.05646286e+01, 7.89081787e+02, 4.33933105e+01, 7.89162048e+02,
    1.11127953e+02, 7.71556641e+02, 9.41342239e+01, 7.71632812e+02,
    7.70464020e+01, 7.71717773e+02, 5.98597870e+01, 7.71819519e+02,
    4.24514542e+01, 7.71972656e+02, 1.10479286e+02, 7.54554138e+02,
    9.32368927e+01, 7.54580017e+02, 7.62306595e+01, 7.54666077e+02,
    5.90211716e+01, 7.54740356e+02, 4.15885277e+01, 7.54907532e+02,
    1.09400085e+02, 7.37443115e+02, 9.24067612e+01, 7.37518982e+02,
    7.53837204e+01, 7.37607178e+02, 5.82234535e+01, 7.37753357e+02,
    4.06050339e+01, 7.37864990e+02 ]
