%YAML:1.0
---
points: [ 8.86129532e+01, 8.40424194e+02, 7.17625427e+01, 8.40417297e+02,
    5.47306290e+01, 8.40444519e+02, 3.76818314e+01, 8.40543091e+02,
    2.01972752e+01, 8.40772400e+02, 8.81150284e+01, 8.23282776e+02,
    7.13636017e+01, 8.23337219e+02, 5.44011154e+01, 8.23406921e+02,
    3.72795219e+01, 8.23491882e+02, 1.97257481e+01, 8.23662964e+02,
    8.75391159e+01, 8.06276672e+02, 7.07181244e+01, 8.06208679e+02,
    5.37508278e+01, 8.06280151e+02, 3.66469841e+01, 8.06447388e+02,
    1.89931355e+01, 8.06591064e+02, 8.71324768e+01, 7.88885010e+02,
    7.02398987e+01, 7.88929016e+02, 5.31855316e+01, 7.89053284e+02,
    3.57132950e+01, 7.89204895e+02, 1.83695793e+01, 7.89350525e+02,
    8.63772736e+01, 7.71681152e+02, 6.94765549e+01, 7.71675354e+02,
    5.22779655e+01, 7.71852905e+02, 3.50886536e+01, 7.71986206e+02,
    1.76098900e+01, 7.72204102e+02, 8.57144318e+01, 7.54642944e+02,
    6.87202072e+01, 7.54687317e+02, 5.14280434e+01, 7.54785889e+02,
    3.41197548e+01, 7.54907471e+02, 1.67061596e+01, 7.55147156e+02,
    8.49678955e+01, 7.37524475e+02, 6.75806503e+01, 7.37613831e+02,
    5.03932991e+01, 7.37745972e+02, 3.33816948e+01, 7.37842224e+02,
    1.59044724e+01, 7.38044373e+02 ]
