%YAML:1.0
---
points: [ 8.12457199e+01, 8.40432739e+02, 6.44508286e+01, 8.40446411e+02,
    4.73835144e+01, 8.40524048e+02, 3.01387844e+01, 8.40685974e+02,
    1.29250364e+01, 8.40842102e+02, 8.08520660e+01, 8.23327881e+02,
    6.40039597e+01, 8.23328796e+02, 4.70038414e+01, 8.23458496e+02,
    2.98043575e+01, 8.23617798e+02, 1.23943367e+01, 8.23722839e+02,
    8.04556961e+01, 8.06220276e+02, 6.35596962e+01, 8.06287231e+02,
    4.62585182e+01, 8.06350952e+02, 2.90471897e+01, 8.06497253e+02,
    1.17670536e+01, 8.06714600e+02, 7.97713394e+01, 7.88886108e+02,
    6.27763138e+01, 7.88994568e+02, 4.55133781e+01, 7.89109863e+02,
    2.84693489e+01, 7.89237976e+02, 1.09783297e+01, 7.89406067e+02,
    7.91135635e+01, 7.71708374e+02, 6.20820389e+01, 7.71783936e+02,
    4.49138260e+01, 7.71916077e+02, 2.75905666e+01, 7.72056213e+02,
    1.01095963e+01, 7.72234131e+02, 7.83519745e+01, 7.54643982e+02,
    6.11197701e+01, 7.54730408e+02, 4.39114876e+01, 7.54812988e+02,
    2.68175831e+01, 7.55000305e+02, 9.29206562e+00, 7.55209717e+02,
    7.74065399e+01, 7.37574219e+02, 6.03906288e+01, 7.37668274e+02,
    4.31137161e+01, 7.37791687e+02, 2.56575146e+01, 7.37884460e+02,
    8.36316013e+00, 7.38137085e+02 ]
