%YAML:1.0
---
points: [ 1.05661545e+02, 8.59377319e+02, 1.05661545e+02, 8.59377319e+02,
    9.00704422e+01, 8.57535095e+02, 6.50265884e+01, 8.58887085e+02,
    5.00918503e+01, 8.63431091e+02, 1.38384705e+02, 8.48252869e+02,
    1.14029106e+02, 8.53516907e+02, 9.72402039e+01, 8.49369812e+02,
    8.05280380e+01, 8.53532288e+02, 6.00897408e+01, 8.57742493e+02,
    1.43689514e+02, 8.43301575e+02, 1.25612793e+02, 8.43846802e+02,
    1.10553169e+02, 8.43590088e+02, 9.11903152e+01, 8.48552856e+02,
    7.66736374e+01, 8.43524719e+02, 1.60746887e+02, 8.29276794e+02,
    1.37301758e+02, 8.34420532e+02, 1.20494972e+02, 8.38656982e+02,
    1.03392555e+02, 8.34699707e+02, 9.79805756e+01, 8.39632874e+02,
    1.60708344e+02, 8.25185242e+02, 1.49573608e+02, 8.24635620e+02,
    1.34379410e+02, 8.24501831e+02, 1.12235474e+02, 8.28645630e+02,
    1.00504601e+02, 8.24590698e+02, 1.83744690e+02, 8.10760559e+02,
    1.59780014e+02, 8.15867798e+02, 1.44768890e+02, 8.15589722e+02,
    1.38022385e+02, 8.14535217e+02, 1.12564270e+02, 8.15436523e+02,
    1.83744797e+02, 8.10760620e+02, 1.72018326e+02, 8.06486572e+02,
    1.49803360e+02, 8.11789001e+02, 1.42921127e+02, 8.08066895e+02,
    1.36253311e+02, 8.10500183e+02 ]
