%YAML:1.0
---
points: [ 9.67895222e+00, 7.67686584e+02, 2.63897610e+01, 7.67599365e+02,
    4.28162804e+01, 7.67550293e+02, 5.94595757e+01, 7.67487061e+02,
    7.56622620e+01, 7.67518311e+02, 1.08713064e+01, 7.83747986e+02,
    2.75615005e+01, 7.83623596e+02, 4.41026039e+01, 7.83532043e+02,
    6.04233475e+01, 7.83487427e+02, 7.66981964e+01, 7.83478699e+02,
    1.20888186e+01, 7.99708130e+02, 2.86006584e+01, 7.99545288e+02,
    4.52059402e+01, 7.99374939e+02, 6.15769043e+01, 7.99412170e+02,
    7.75628967e+01, 7.99397583e+02, 1.32544127e+01, 8.15658752e+02,
    2.98627396e+01, 8.15468506e+02, 4.63065262e+01, 8.15429199e+02,
    6.24884148e+01, 8.15346680e+02, 7.87247238e+01, 8.15357483e+02,
    1.40915251e+01, 8.31700806e+02, 3.06491718e+01, 8.31445312e+02,
    4.71975517e+01, 8.31321350e+02, 6.36351509e+01, 8.31318909e+02,
    7.96359863e+01, 8.31366699e+02, 1.51672049e+01, 8.47699158e+02,
    3.18606739e+01, 8.47413574e+02, 4.83063164e+01, 8.47333862e+02,
    6.43451920e+01, 8.47292664e+02, 8.05476532e+01, 8.47335205e+02,
    1.60333996e+01, 8.63492798e+02, 3.25445976e+01, 8.63359924e+02,
    4.88389206e+01, 8.63253784e+02, 6.51801529e+01, 8.63210388e+02,
    8.10431824e+01, 8.63301270e+02 ]
