%YAML:1.0
---
points: [ 9.92631817e+00, 7.67474182e+02, 2.65988865e+01, 7.67401123e+02,
    4.31357727e+01, 7.67267700e+02, 5.95340424e+01, 7.67294800e+02,
    7.57990265e+01, 7.67260925e+02, 1.06821384e+01, 7.83643494e+02,
    2.74087944e+01, 7.83494812e+02, 4.38342552e+01, 7.83411133e+02,
    6.03401756e+01, 7.83338501e+02, 7.65611267e+01, 7.83363647e+02,
    1.16079140e+01, 7.99704590e+02, 2.83255577e+01, 7.99517944e+02,
    4.46679382e+01, 7.99488647e+02, 6.09988441e+01, 7.99442871e+02,
    7.71746674e+01, 7.99385803e+02, 1.23611879e+01, 8.15879089e+02,
    2.88855419e+01, 8.15728760e+02, 4.52830429e+01, 8.15691956e+02,
    6.17072487e+01, 8.15575256e+02, 7.77474899e+01, 8.15631836e+02,
    1.30356989e+01, 8.32052734e+02, 2.95809345e+01, 8.31892761e+02,
    4.59055252e+01, 8.31780640e+02, 6.22446556e+01, 8.31705383e+02,
    7.84572601e+01, 8.31714111e+02, 1.35001564e+01, 8.48178101e+02,
    3.00928745e+01, 8.48029053e+02, 4.65869217e+01, 8.47896729e+02,
    6.28181610e+01, 8.47863647e+02, 7.90300827e+01, 8.47862915e+02,
    1.39745169e+01, 8.64220764e+02, 3.04495354e+01, 8.64131531e+02,
    4.68638077e+01, 8.63993347e+02, 6.33013992e+01, 8.63986877e+02,
    7.92762146e+01, 8.64000488e+02 ]
