%YAML:1.0
---
points: [ 5.91309929e+01, 7.66811096e+02, 7.54605484e+01, 7.66828064e+02,
    9.15724335e+01, 7.66857544e+02, 1.07715019e+02, 7.66881958e+02,
    1.23889046e+02, 7.66954102e+02, 5.98478584e+01, 7.82956787e+02,
    7.61028442e+01, 7.82890137e+02, 9.23816910e+01, 7.82892761e+02,
    1.08511673e+02, 7.82912720e+02, 1.24452446e+02, 7.82999023e+02,
    6.05538445e+01, 7.99036011e+02, 7.69144440e+01, 7.98941345e+02,
    9.29863434e+01, 7.98984131e+02, 1.09217804e+02, 7.99079712e+02,
    1.25082191e+02, 7.99122681e+02, 6.12946739e+01, 8.15119202e+02,
    7.75029526e+01, 8.14902954e+02, 9.37435760e+01, 8.15065674e+02,
    1.09695274e+02, 8.15149902e+02, 1.25731590e+02, 8.15230774e+02,
    6.18481712e+01, 8.31190247e+02, 7.82849731e+01, 8.31177979e+02,
    9.42619324e+01, 8.31189148e+02, 1.10484482e+02, 8.31272766e+02,
    1.26283264e+02, 8.31385803e+02, 6.24476395e+01, 8.47370789e+02,
    7.88505096e+01, 8.47347839e+02, 9.47762833e+01, 8.47327393e+02,
    1.10829796e+02, 8.47430298e+02, 1.26653793e+02, 8.47592346e+02,
    6.29052238e+01, 8.63385010e+02, 7.91535721e+01, 8.63392395e+02,
    9.52454910e+01, 8.63396301e+02, 1.11252167e+02, 8.63501587e+02,
    1.26943130e+02, 8.63688049e+02 ]
