%YAML:1.0
---
points: [ 6.19735756e+01, 7.67189148e+02, 7.84414291e+01, 7.67178833e+02,
    9.47022934e+01, 7.67133728e+02, 1.11149529e+02, 7.67159546e+02,
    1.27330956e+02, 7.67151672e+02, 6.26544991e+01, 7.83328369e+02,
    7.92713623e+01, 7.83231079e+02, 9.56360703e+01, 7.83240662e+02,
    1.11826744e+02, 7.83200073e+02, 1.27849365e+02, 7.83237183e+02,
    6.35650215e+01, 7.99343933e+02, 8.00127487e+01, 7.99229919e+02,
    9.62305145e+01, 7.99250916e+02, 1.12450371e+02, 7.99278625e+02,
    1.28477280e+02, 7.99331787e+02, 6.42213974e+01, 8.15479004e+02,
    8.06818848e+01, 8.15387695e+02, 9.69605789e+01, 8.15362671e+02,
    1.12926865e+02, 8.15387390e+02, 1.29124191e+02, 8.15480957e+02,
    6.47776108e+01, 8.31626770e+02, 8.11767731e+01, 8.31538879e+02,
    9.74218216e+01, 8.31530151e+02, 1.13588440e+02, 8.31572510e+02,
    1.29484207e+02, 8.31637268e+02, 6.53311234e+01, 8.47780945e+02,
    8.18146667e+01, 8.47721252e+02, 9.78495560e+01, 8.47742981e+02,
    1.14043365e+02, 8.47715637e+02, 1.29953140e+02, 8.47789490e+02,
    6.57043457e+01, 8.63775635e+02, 8.20678253e+01, 8.63807068e+02,
    9.82342606e+01, 8.63739624e+02, 1.14275536e+02, 8.63795105e+02,
    1.30277054e+02, 8.63928955e+02 ]
