%YAML:1.0
---
points: [ 1.12596230e+02, 7.66782715e+02, 1.29150528e+02, 7.66801392e+02,
    1.45511780e+02, 7.66713989e+02, 1.61728561e+02, 7.66740479e+02,
    1.78172592e+02, 7.66732788e+02, 1.13269081e+02, 7.82926514e+02,
    1.29717789e+02, 7.82722778e+02, 1.46199310e+02, 7.82782959e+02,
    1.62691589e+02, 7.82795410e+02, 1.78683929e+02, 7.82802368e+02,
    1.13933601e+02, 7.98977844e+02, 1.30506744e+02, 7.98911804e+02,
    1.46870041e+02, 7.98835327e+02, 1.63212082e+02, 7.98860718e+02,
    1.79477951e+02, 7.98871155e+02, 1.14462250e+02, 8.15018005e+02,
    1.31107712e+02, 8.14850647e+02, 1.47551819e+02, 8.14961487e+02,
    1.63676392e+02, 8.14905029e+02, 1.79826508e+02, 8.14973267e+02,
    1.15066460e+02, 8.31175232e+02, 1.31609146e+02, 8.31109314e+02,
    1.47907776e+02, 8.31130615e+02, 1.64244385e+02, 8.31159485e+02,
    1.80242752e+02, 8.31232910e+02, 1.15637413e+02, 8.47341187e+02,
    1.32214905e+02, 8.47250061e+02, 1.48351456e+02, 8.47259277e+02,
    1.64533234e+02, 8.47279785e+02, 1.80525238e+02, 8.47353516e+02,
    1.15995537e+02, 8.63394653e+02, 1.32471039e+02, 8.63371216e+02,
    1.48546417e+02, 8.63354004e+02, 1.64741837e+02, 8.63375366e+02,
    1.80757950e+02, 8.63520691e+02 ]
