%YAML:1.0
---
points: [ 1.62954620e+02, 7.66764038e+02, 1.79681824e+02, 7.66668213e+02,
    1.96265717e+02, 7.66555359e+02, 2.12678406e+02, 7.66508545e+02,
    2.29074020e+02, 7.66480835e+02, 1.63536484e+02, 7.82839600e+02,
    1.80289169e+02, 7.82678406e+02, 1.96728546e+02, 7.82609314e+02,
    2.13262573e+02, 7.82556458e+02, 2.29648392e+02, 7.82552185e+02,
    1.64241760e+02, 7.98899780e+02, 1.80861435e+02, 7.98748413e+02,
    1.97340454e+02, 7.98660339e+02, 2.13719299e+02, 7.98585205e+02,
    2.30140900e+02, 7.98570007e+02, 1.64670792e+02, 8.14931091e+02,
    1.81410614e+02, 8.14758240e+02, 1.97876846e+02, 8.14716370e+02,
    2.14244217e+02, 8.14646301e+02, 2.30478119e+02, 8.14649658e+02,
    1.65102249e+02, 8.31164001e+02, 1.81808685e+02, 8.31006287e+02,
    1.98264130e+02, 8.30931335e+02, 2.14711212e+02, 8.30842224e+02,
    2.30891296e+02, 8.30829041e+02, 1.65584335e+02, 8.47364990e+02,
    1.82186157e+02, 8.47182068e+02, 1.98594147e+02, 8.47017212e+02,
    2.14992279e+02, 8.47012939e+02, 2.31339691e+02, 8.47065002e+02,
    1.65964218e+02, 8.63403198e+02, 1.82427338e+02, 8.63342529e+02,
    1.98734970e+02, 8.63208618e+02, 2.15242783e+02, 8.63212891e+02,
    2.31489044e+02, 8.63239258e+02 ]
