%YAML:1.0
---
points: [ 1.67511047e+02, 7.66598999e+02, 1.84263199e+02, 7.66551025e+02,
    2.00735626e+02, 7.66460938e+02, 2.17270981e+02, 7.66401123e+02,
    2.33554565e+02, 7.66405212e+02, 1.68144455e+02, 7.82660461e+02,
    1.84807510e+02, 7.82576233e+02, 2.01412567e+02, 7.82489807e+02,
    2.17795425e+02, 7.82470215e+02, 2.34053207e+02, 7.82417664e+02,
    1.68751099e+02, 7.98739197e+02, 1.85370071e+02, 7.98589417e+02,
    2.01822403e+02, 7.98482117e+02, 2.18330383e+02, 7.98482483e+02,
    2.34540359e+02, 7.98477722e+02, 1.69350266e+02, 8.14775879e+02,
    1.85894714e+02, 8.14651123e+02, 2.02330826e+02, 8.14576599e+02,
    2.18630264e+02, 8.14525208e+02, 2.35026093e+02, 8.14548950e+02,
    1.69706589e+02, 8.30954041e+02, 1.86392853e+02, 8.30838196e+02,
    2.02821930e+02, 8.30734070e+02, 2.19112625e+02, 8.30735229e+02,
    2.35275269e+02, 8.30744568e+02, 1.70147202e+02, 8.47152893e+02,
    1.86619476e+02, 8.46938904e+02, 2.03207840e+02, 8.46907043e+02,
    2.19472733e+02, 8.46813293e+02, 2.35514679e+02, 8.46787109e+02,
    1.70491180e+02, 8.63182129e+02, 1.86829041e+02, 8.63209167e+02,
    2.03255356e+02, 8.63052490e+02, 2.19631790e+02, 8.63070374e+02,
    2.35660568e+02, 8.63101685e+02 ]
