%YAML:1.0
---
points: [ 3.02291412e+02, 8.62606140e+02, 2.85914612e+02, 8.62659241e+02,
    2.69566467e+02, 8.62758728e+02, 2.53282913e+02, 8.62899170e+02,
    2.36584595e+02, 8.63142639e+02, 3.02148621e+02, 8.46388123e+02,
    2.85723175e+02, 8.46463074e+02, 2.69393066e+02, 8.46539124e+02,
    2.52919678e+02, 8.46732300e+02, 2.36238068e+02, 8.47000732e+02,
    3.01827301e+02, 8.30373718e+02, 2.85553436e+02, 8.30344116e+02,
    2.69186646e+02, 8.30463623e+02, 2.52588150e+02, 8.30592102e+02,
    2.35711777e+02, 8.30793823e+02, 3.01513489e+02, 8.14183228e+02,
    2.85276703e+02, 8.14226135e+02, 2.68753601e+02, 8.14303345e+02,
    2.52105255e+02, 8.14388428e+02, 2.35289810e+02, 8.14577698e+02,
    3.01142700e+02, 7.97997070e+02, 2.84782867e+02, 7.98102173e+02,
    2.68366119e+02, 7.98168518e+02, 2.51665375e+02, 7.98367126e+02,
    2.34890625e+02, 7.98550964e+02, 3.00755096e+02, 7.81983215e+02,
    2.84244995e+02, 7.82151672e+02, 2.67649261e+02, 7.82245239e+02,
    2.51037003e+02, 7.82335144e+02, 2.34330383e+02, 7.82493591e+02,
    3.00357635e+02, 7.65988342e+02, 2.83807983e+02, 7.66114136e+02,
    2.67124847e+02, 7.66208923e+02, 2.50466583e+02, 7.66350464e+02,
    2.33694595e+02, 7.66399109e+02 ]
