%YAML:1.0
---
points: [ 3.10785553e+02, 7.66081055e+02, 3.27398315e+02, 7.65900879e+02,
    3.44028595e+02, 7.65749084e+02, 3.60462006e+02, 7.65655823e+02,
    3.76723938e+02, 7.65642395e+02, 3.11217224e+02, 7.82173889e+02,
    3.27814453e+02, 7.81897644e+02, 3.44403290e+02, 7.81737915e+02,
    3.60909424e+02, 7.81630615e+02, 3.77258820e+02, 7.81588928e+02,
    3.11713196e+02, 7.98041077e+02, 3.28324219e+02, 7.97878601e+02,
    3.44814453e+02, 7.97730164e+02, 3.61285126e+02, 7.97640259e+02,
    3.77646667e+02, 7.97564819e+02, 3.12236206e+02, 8.14183594e+02,
    3.28769989e+02, 8.13979858e+02, 3.45266144e+02, 8.13782471e+02,
    3.61558777e+02, 8.13737305e+02, 3.77947571e+02, 8.13647095e+02,
    3.12511505e+02, 8.30310791e+02, 3.29193085e+02, 8.30150940e+02,
    3.45600708e+02, 8.29972229e+02, 3.61904449e+02, 8.29792236e+02,
    3.78247894e+02, 8.29769653e+02, 3.12765320e+02, 8.46354492e+02,
    3.29379517e+02, 8.46262390e+02, 3.45914093e+02, 8.46085632e+02,
    3.62295929e+02, 8.45952576e+02, 3.78481995e+02, 8.45919006e+02,
    3.13088409e+02, 8.62460266e+02, 3.29557953e+02, 8.62334412e+02,
    3.46067322e+02, 8.62129883e+02, 3.62483337e+02, 8.62043274e+02,
    3.78555603e+02, 8.61997314e+02 ]
