%YAML:1.0
---
points: [ 4.48021973e+02, 8.61382812e+02, 4.31805359e+02, 8.61435486e+02,
    4.15335358e+02, 8.61460754e+02, 3.98796722e+02, 8.61590759e+02,
    3.82333801e+02, 8.61704468e+02, 4.47949249e+02, 8.45276672e+02,
    4.31706024e+02, 8.45290100e+02, 4.15312469e+02, 8.45445984e+02,
    3.98717072e+02, 8.45557556e+02, 3.82142517e+02, 8.45719971e+02,
    4.47786285e+02, 8.29276733e+02, 4.31601868e+02, 8.29305969e+02,
    4.15073212e+02, 8.29354736e+02, 3.98567352e+02, 8.29487183e+02,
    3.81830139e+02, 8.29654541e+02, 4.47612762e+02, 8.13201416e+02,
    4.31388458e+02, 8.13230286e+02, 4.14815918e+02, 8.13316223e+02,
    3.98322754e+02, 8.13390686e+02, 3.81585144e+02, 8.13543579e+02,
    4.47399933e+02, 7.97136169e+02, 4.31164459e+02, 7.97150940e+02,
    4.14547821e+02, 7.97254578e+02, 3.98076172e+02, 7.97389038e+02,
    3.81366211e+02, 7.97482483e+02, 4.47102722e+02, 7.81096558e+02,
    4.30666931e+02, 7.81185059e+02, 4.14215637e+02, 7.81287659e+02,
    3.97657074e+02, 7.81352417e+02, 3.81066162e+02, 7.81508850e+02,
    4.46780914e+02, 7.65174744e+02, 4.30326202e+02, 7.65268860e+02,
    4.13705353e+02, 7.65334045e+02, 3.97313782e+02, 7.65418884e+02,
    3.80600769e+02, 7.65516113e+02 ]
