%YAML:1.0
---
points: [ 4.51584595e+02, 7.64970764e+02, 4.68312622e+02, 7.64855835e+02,
    4.84744812e+02, 7.64732422e+02, 5.01211731e+02, 7.64640686e+02,
    5.17556946e+02, 7.64606506e+02, 4.51886444e+02, 7.80891235e+02,
    4.68559204e+02, 7.80747864e+02, 4.85100983e+02, 7.80674072e+02,
    5.01451996e+02, 7.80610962e+02, 5.17709656e+02, 7.80572021e+02,
    4.52135529e+02, 7.96859863e+02, 4.68839600e+02, 7.96714172e+02,
    4.85333832e+02, 7.96614685e+02, 5.01639801e+02, 7.96545654e+02,
    5.17841431e+02, 7.96525818e+02, 4.52378632e+02, 8.12912537e+02,
    4.68966461e+02, 8.12779785e+02, 4.85447601e+02, 8.12655640e+02,
    5.01774384e+02, 8.12625732e+02, 5.18019104e+02, 8.12594482e+02,
    4.52503815e+02, 8.29065308e+02, 4.69249847e+02, 8.28813843e+02,
    4.85566223e+02, 8.28724670e+02, 5.01924072e+02, 8.28639771e+02,
    5.18140015e+02, 8.28638855e+02, 4.52688324e+02, 8.44989807e+02,
    4.69280518e+02, 8.44809998e+02, 4.85634277e+02, 8.44653748e+02,
    5.02013672e+02, 8.44655334e+02, 5.18207275e+02, 8.44641846e+02,
    4.52753235e+02, 8.61122681e+02, 4.69336456e+02, 8.61058167e+02,
    4.85645447e+02, 8.60868469e+02, 5.02018402e+02, 8.60801331e+02,
    5.18203796e+02, 8.60796387e+02 ]
