%YAML:1.0
---
points: [ 5.02507446e+02, 7.64559631e+02, 5.19055115e+02, 7.64422180e+02,
    5.35514893e+02, 7.64360474e+02, 5.51841736e+02, 7.64259827e+02,
    5.68217102e+02, 7.64203003e+02, 5.02725128e+02, 7.80541504e+02,
    5.19289673e+02, 7.80390564e+02, 5.35772766e+02, 7.80301086e+02,
    5.52221619e+02, 7.80221130e+02, 5.68361145e+02, 7.80163208e+02,
    5.02993652e+02, 7.96428162e+02, 5.19533875e+02, 7.96328979e+02,
    5.36002075e+02, 7.96213257e+02, 5.52418152e+02, 7.96156494e+02,
    5.68556702e+02, 7.96106079e+02, 5.03266022e+02, 8.12513367e+02,
    5.19710022e+02, 8.12389221e+02, 5.36199463e+02, 8.12310669e+02,
    5.52546936e+02, 8.12223694e+02, 5.68686523e+02, 8.12185181e+02,
    5.03450348e+02, 8.28516602e+02, 5.19939331e+02, 8.28375671e+02,
    5.36330444e+02, 8.28226501e+02, 5.52741394e+02, 8.28182739e+02,
    5.68768188e+02, 8.28183655e+02, 5.03573792e+02, 8.44525269e+02,
    5.20152161e+02, 8.44375977e+02, 5.36459045e+02, 8.44319458e+02,
    5.52719971e+02, 8.44207214e+02, 5.68844055e+02, 8.44206604e+02,
    5.03669891e+02, 8.60604126e+02, 5.20206177e+02, 8.60469055e+02,
    5.36452454e+02, 8.60277832e+02, 5.52753296e+02, 8.60309387e+02,
    5.68749390e+02, 8.60287659e+02 ]
