%YAML:1.0
---
points: [ 6.27471069e+02, 8.59825500e+02, 6.11481934e+02, 8.59852295e+02,
    5.95149048e+02, 8.60095947e+02, 5.78903381e+02, 8.60278076e+02,
    5.62562378e+02, 8.60406433e+02, 6.27480103e+02, 8.43760742e+02,
    6.11455383e+02, 8.43859985e+02, 5.95097168e+02, 8.44026245e+02,
    5.78868042e+02, 8.44244629e+02, 5.62420044e+02, 8.44408081e+02,
    6.27378418e+02, 8.27783630e+02, 6.11351990e+02, 8.27818054e+02,
    5.94989746e+02, 8.27964661e+02, 5.78724426e+02, 8.28198364e+02,
    5.62288513e+02, 8.28379028e+02, 6.27261414e+02, 8.11729431e+02,
    6.11236389e+02, 8.11822998e+02, 5.94820557e+02, 8.11991089e+02,
    5.78531189e+02, 8.12207031e+02, 5.62037109e+02, 8.12433594e+02,
    6.27134827e+02, 7.95723877e+02, 6.11033142e+02, 7.95781616e+02,
    5.94690002e+02, 7.95848022e+02, 5.78296936e+02, 7.96178711e+02,
    5.61738281e+02, 7.96310730e+02, 6.26921021e+02, 7.79759888e+02,
    6.10765015e+02, 7.79860168e+02, 5.94511902e+02, 7.80051025e+02,
    5.78081787e+02, 7.80203918e+02, 5.61553650e+02, 7.80460571e+02,
    6.26747803e+02, 7.63824158e+02, 6.10582764e+02, 7.63961975e+02,
    5.94243774e+02, 7.64106018e+02, 5.77784058e+02, 7.64243225e+02,
    5.61342224e+02, 7.64441101e+02 ]
