%YAML:1.0
---
points: [ 6.47261841e+02, 7.64023621e+02, 6.63605286e+02, 7.63765381e+02,
    6.79880005e+02, 7.63712524e+02, 6.96101929e+02, 7.63559326e+02,
    7.12244812e+02, 7.63487183e+02, 6.47438965e+02, 7.79881714e+02,
    6.63759583e+02, 7.79731812e+02, 6.80160522e+02, 7.79540344e+02,
    6.96243408e+02, 7.79456116e+02, 7.12340393e+02, 7.79409912e+02,
    6.47636169e+02, 7.95797974e+02, 6.63942993e+02, 7.95650391e+02,
    6.80351746e+02, 7.95500732e+02, 6.96396240e+02, 7.95460205e+02,
    7.12416748e+02, 7.95397278e+02, 6.47773804e+02, 8.11846130e+02,
    6.64139893e+02, 8.11608582e+02, 6.80435974e+02, 8.11482117e+02,
    6.96498230e+02, 8.11426270e+02, 7.12517639e+02, 8.11361328e+02,
    6.47992126e+02, 8.27822632e+02, 6.64322937e+02, 8.27638306e+02,
    6.80496521e+02, 8.27527527e+02, 6.96608826e+02, 8.27419678e+02,
    7.12551758e+02, 8.27400574e+02, 6.48161560e+02, 8.43795532e+02,
    6.64412781e+02, 8.43588928e+02, 6.80577271e+02, 8.43479797e+02,
    6.96648926e+02, 8.43350342e+02, 7.12624756e+02, 8.43328003e+02,
    6.48241821e+02, 8.59786133e+02, 6.64481079e+02, 8.59661987e+02,
    6.80570007e+02, 8.59530884e+02, 6.96717896e+02, 8.59451355e+02,
    7.12590088e+02, 8.59421936e+02 ]
