%YAML:1.0
---
points: [ 7.69321960e+02, 8.59070618e+02, 7.53315674e+02, 8.59053711e+02,
    7.37228455e+02, 8.59135986e+02, 7.21055359e+02, 8.59283264e+02,
    7.04775024e+02, 8.59420837e+02, 7.69342102e+02, 8.42900879e+02,
    7.53345825e+02, 8.42949585e+02, 7.37233826e+02, 8.43043457e+02,
    7.21083679e+02, 8.43204712e+02, 7.04734131e+02, 8.43375305e+02,
    7.69324707e+02, 8.26973999e+02, 7.53304077e+02, 8.27030701e+02,
    7.37201538e+02, 8.27116638e+02, 7.20985474e+02, 8.27262268e+02,
    7.04650330e+02, 8.27433228e+02, 7.69291260e+02, 8.11016785e+02,
    7.53222839e+02, 8.11056519e+02, 7.37106567e+02, 8.11106873e+02,
    7.20879883e+02, 8.11234741e+02, 7.04581482e+02, 8.11409790e+02,
    7.69260498e+02, 7.95079834e+02, 7.53182861e+02, 7.95084839e+02,
    7.37017639e+02, 7.95196106e+02, 7.20773193e+02, 7.95315979e+02,
    7.04469421e+02, 7.95459412e+02, 7.69149719e+02, 7.79140442e+02,
    7.53045227e+02, 7.79206787e+02, 7.36793701e+02, 7.79279541e+02,
    7.20677612e+02, 7.79356140e+02, 7.04293213e+02, 7.79505554e+02,
    7.69060364e+02, 7.63204712e+02, 7.52920532e+02, 7.63250122e+02,
    7.36742493e+02, 7.63336426e+02, 7.20549805e+02, 7.63486328e+02,
    7.04206604e+02, 7.63583862e+02 ]
