%YAML:1.0
---
points: [ 7.57329163e+02, 7.63112732e+02, 7.73522522e+02, 7.62969421e+02,
    7.89582520e+02, 7.62960083e+02, 8.05658813e+02, 7.62975098e+02,
    8.21688904e+02, 7.63076660e+02, 7.57394653e+02, 7.79022583e+02,
    7.73560608e+02, 7.78895813e+02, 7.89639771e+02, 7.78866699e+02,
    8.05711426e+02, 7.78871460e+02, 8.21731812e+02, 7.78925598e+02,
    7.57469299e+02, 7.94877930e+02, 7.73627747e+02, 7.94728149e+02,
    7.89701599e+02, 7.94739929e+02, 8.05753967e+02, 7.94724609e+02,
    8.21749634e+02, 7.94792847e+02, 7.57526245e+02, 8.10908569e+02,
    7.73676697e+02, 8.10751038e+02, 7.89700073e+02, 8.10713562e+02,
    8.05765076e+02, 8.10720520e+02, 8.21725769e+02, 8.10760559e+02,
    7.57523987e+02, 8.26806519e+02, 7.73708435e+02, 8.26684448e+02,
    7.89728027e+02, 8.26642944e+02, 8.05762390e+02, 8.26633179e+02,
    8.21768250e+02, 8.26710510e+02, 7.57572388e+02, 8.42725403e+02,
    7.73742126e+02, 8.42708008e+02, 7.89702515e+02, 8.42645630e+02,
    8.05800903e+02, 8.42664124e+02, 8.21740601e+02, 8.42684387e+02,
    7.57604919e+02, 8.58720459e+02, 7.73673706e+02, 8.58632324e+02,
    7.89703552e+02, 8.58610962e+02, 8.05684937e+02, 8.58619690e+02,
    8.21695190e+02, 8.58674133e+02 ]
