%YAML:1.0
---
points: [ 8.27437622e+02, 7.62698486e+02, 8.43508057e+02, 7.62698364e+02,
    8.59536621e+02, 7.62691345e+02, 8.75605713e+02, 7.62660217e+02,
    8.91563843e+02, 7.62663818e+02, 8.27462402e+02, 7.78714722e+02,
    8.43536499e+02, 7.78618713e+02, 8.59547119e+02, 7.78596558e+02,
    8.75598999e+02, 7.78590210e+02, 8.91583069e+02, 7.78586670e+02,
    8.27480591e+02, 7.94606018e+02, 8.43595398e+02, 7.94508118e+02,
    8.59575989e+02, 7.94464783e+02, 8.75629272e+02, 7.94449524e+02,
    8.91579285e+02, 7.94510498e+02, 8.27533936e+02, 8.10666809e+02,
    8.43606628e+02, 8.10532715e+02, 8.59613037e+02, 8.10463074e+02,
    8.75632019e+02, 8.10462219e+02, 8.91580139e+02, 8.10536133e+02,
    8.27521362e+02, 8.26625671e+02, 8.43638550e+02, 8.26515076e+02,
    8.59565369e+02, 8.26489319e+02, 8.75606262e+02, 8.26442749e+02,
    8.91554199e+02, 8.26528870e+02, 8.27512329e+02, 8.42684814e+02,
    8.43595703e+02, 8.42596741e+02, 8.59606934e+02, 8.42505859e+02,
    8.75626892e+02, 8.42524597e+02, 8.91561890e+02, 8.42545532e+02,
    8.27548157e+02, 8.58691711e+02, 8.43603088e+02, 8.58571960e+02,
    8.59577148e+02, 8.58567322e+02, 8.75586731e+02, 8.58531494e+02,
    8.91538208e+02, 8.58610352e+02 ]
