%YAML:1.0
---
points: [ 8.85434570e+02, 7.62653870e+02, 9.01497009e+02, 7.62625916e+02,
    9.17531799e+02, 7.62589355e+02, 9.33527771e+02, 7.62535217e+02,
    9.49462463e+02, 7.62515930e+02, 8.85434204e+02, 7.78633301e+02,
    9.01516541e+02, 7.78525574e+02, 9.17483276e+02, 7.78431030e+02,
    9.33474243e+02, 7.78393188e+02, 9.49460876e+02, 7.78390747e+02,
    8.85470459e+02, 7.94455566e+02, 9.01559814e+02, 7.94327515e+02,
    9.17535828e+02, 7.94288391e+02, 9.33521240e+02, 7.94003967e+02,
    9.49462585e+02, 7.94293518e+02, 8.85496948e+02, 8.10464966e+02,
    9.01564758e+02, 8.10299866e+02, 9.17540100e+02, 8.10238586e+02,
    9.33516907e+02, 8.10212036e+02, 9.49466492e+02, 8.10230042e+02,
    8.85511353e+02, 8.26404297e+02, 9.01592285e+02, 8.26267273e+02,
    9.17588196e+02, 8.26226807e+02, 9.33546387e+02, 8.26195740e+02,
    9.49485901e+02, 8.26239258e+02, 8.85544495e+02, 8.42471680e+02,
    9.01592102e+02, 8.42299133e+02, 9.17555237e+02, 8.42241272e+02,
    9.33573059e+02, 8.42208069e+02, 9.49460388e+02, 8.42228943e+02,
    8.85565063e+02, 8.58400757e+02, 9.01591614e+02, 8.58327759e+02,
    9.17562378e+02, 8.58198303e+02, 9.33549561e+02, 8.58204407e+02,
    9.49450623e+02, 8.58262878e+02 ]
