%YAML:1.0
---
points: [ 9.38796570e+02, 7.62631287e+02, 9.54830933e+02, 7.62577454e+02,
    9.70837402e+02, 7.62516846e+02, 9.86854004e+02, 7.62405334e+02,
    1.00278125e+03, 7.62454834e+02, 9.38798157e+02, 7.78595520e+02,
    9.54807190e+02, 7.78418091e+02, 9.70826233e+02, 7.78375916e+02,
    9.86846985e+02, 7.78322083e+02, 1.00277393e+03, 7.78305847e+02,
    9.38807495e+02, 7.94384766e+02, 9.54836731e+02, 7.94275208e+02,
    9.70841492e+02, 7.94170898e+02, 9.86843140e+02, 7.94132385e+02,
    1.00276501e+03, 7.94200928e+02, 9.38840271e+02, 8.10408875e+02,
    9.54820923e+02, 8.10222961e+02, 9.70868774e+02, 8.10155457e+02,
    9.86831421e+02, 8.10089172e+02, 1.00274664e+03, 8.10128540e+02,
    9.38883240e+02, 8.26341248e+02, 9.54868408e+02, 8.26200562e+02,
    9.70825806e+02, 8.26174316e+02, 9.86858276e+02, 8.26091248e+02,
    1.00272394e+03, 8.26083313e+02, 9.38893250e+02, 8.42399353e+02,
    9.54864807e+02, 8.42250732e+02, 9.70877747e+02, 8.42182007e+02,
    9.86819397e+02, 8.42090942e+02, 1.00274609e+03, 8.42149780e+02,
    9.38938354e+02, 8.58333313e+02, 9.54911621e+02, 8.58239319e+02,
    9.70922729e+02, 8.58168945e+02, 9.86842957e+02, 8.58096375e+02,
    1.00273431e+03, 8.58200378e+02 ]
