%YAML:1.0
---
points: [ 9.94589905e+02, 7.63168030e+02, 1.01063501e+03, 7.63081055e+02,
    1.02661548e+03, 7.62998291e+02, 1.04269446e+03, 7.62968384e+02,
    1.05861340e+03, 7.63030457e+02, 9.94591431e+02, 7.79125854e+02,
    1.01062677e+03, 7.78935669e+02, 1.02659460e+03, 7.78876099e+02,
    1.04264917e+03, 7.78848267e+02, 1.05858374e+03, 7.78824463e+02,
    9.94570862e+02, 7.94890259e+02, 1.01061945e+03, 7.94763672e+02,
    1.02656335e+03, 7.94686707e+02, 1.04260620e+03, 7.94638855e+02,
    1.05854370e+03, 7.94747253e+02, 9.94600403e+02, 8.10809692e+02,
    1.01059576e+03, 8.10717773e+02, 1.02654675e+03, 8.10674561e+02,
    1.04255469e+03, 8.10677063e+02, 1.05852673e+03, 8.10730530e+02,
    9.94548157e+02, 8.26773621e+02, 1.01059924e+03, 8.26633850e+02,
    1.02650513e+03, 8.26627991e+02, 1.04259814e+03, 8.26617798e+02,
    1.05849341e+03, 8.26693970e+02, 9.94561096e+02, 8.42723511e+02,
    1.01061963e+03, 8.42661499e+02, 1.02654846e+03, 8.42604614e+02,
    1.04259778e+03, 8.42632568e+02, 1.05849219e+03, 8.42680359e+02,
    9.94593323e+02, 8.58710205e+02, 1.01061450e+03, 8.58637634e+02,
    1.02653406e+03, 8.58583313e+02, 1.04258972e+03, 8.58601135e+02,
    1.05850696e+03, 8.58686218e+02 ]
