%YAML:1.0
---
points: [ 1.07050098e+03, 7.62796875e+02, 1.08655493e+03, 7.62784607e+02,
    1.10257019e+03, 7.62762268e+02, 1.11849146e+03, 7.62774719e+02,
    1.13454285e+03, 7.62795715e+02, 1.07047607e+03, 7.78770203e+02,
    1.08648083e+03, 7.78705444e+02, 1.10242639e+03, 7.78667480e+02,
    1.11840588e+03, 7.78678589e+02, 1.13446680e+03, 7.78721130e+02,
    1.07034241e+03, 7.94587402e+02, 1.08640125e+03, 7.94527466e+02,
    1.10232056e+03, 7.94486938e+02, 1.11831665e+03, 7.94532837e+02,
    1.13435840e+03, 7.94583862e+02, 1.07033508e+03, 8.10643799e+02,
    1.08639514e+03, 8.10428894e+02, 1.10226135e+03, 8.10459534e+02,
    1.11827795e+03, 8.10465942e+02, 1.13427271e+03, 8.10631958e+02,
    1.07032812e+03, 8.26456665e+02, 1.08638782e+03, 8.26454285e+02,
    1.10223486e+03, 8.26350159e+02, 1.11822290e+03, 8.26440369e+02,
    1.13427673e+03, 8.26528748e+02, 1.07029797e+03, 8.42531677e+02,
    1.08634119e+03, 8.42429321e+02, 1.10225476e+03, 8.42431763e+02,
    1.11822485e+03, 8.42469971e+02, 1.13423682e+03, 8.42571472e+02,
    1.07030847e+03, 8.58449829e+02, 1.08636072e+03, 8.58419678e+02,
    1.10224207e+03, 8.58395935e+02, 1.11822864e+03, 8.58424866e+02,
    1.13423743e+03, 8.58540833e+02 ]
