%YAML:1.0
---
points: [ 1.13400427e+03, 7.62706970e+02, 1.15000562e+03, 7.62715210e+02,
    1.16598999e+03, 7.62706848e+02, 1.18205518e+03, 7.62731018e+02,
    1.19800745e+03, 7.62747986e+02, 1.13383008e+03, 7.78692078e+02,
    1.14985864e+03, 7.78656006e+02, 1.16576294e+03, 7.78596863e+02,
    1.18185242e+03, 7.78664429e+02, 1.19783496e+03, 7.78709045e+02,
    1.13370862e+03, 7.94533875e+02, 1.14973828e+03, 7.94425720e+02,
    1.16565295e+03, 7.94471069e+02, 1.18174829e+03, 7.94472168e+02,
    1.19770740e+03, 7.94544617e+02, 1.13368457e+03, 8.10476013e+02,
    1.14966309e+03, 8.10398621e+02, 1.16557495e+03, 8.10411255e+02,
    1.18165417e+03, 8.10476562e+02, 1.19766296e+03, 8.10610840e+02,
    1.13361218e+03, 8.26413025e+02, 1.14962048e+03, 8.26343018e+02,
    1.16550806e+03, 8.26322388e+02, 1.18161890e+03, 8.26372742e+02,
    1.19761377e+03, 8.26546570e+02, 1.13357275e+03, 8.42439209e+02,
    1.14960217e+03, 8.42394470e+02, 1.16552405e+03, 8.42390015e+02,
    1.18156604e+03, 8.42424866e+02, 1.19754309e+03, 8.42533386e+02,
    1.13361267e+03, 8.58353516e+02, 1.14960889e+03, 8.58356812e+02,
    1.16550476e+03, 8.58372192e+02, 1.18163550e+03, 8.58415161e+02,
    1.19755212e+03, 8.58542297e+02 ]
