%YAML:1.0
---
points: [ 1.18743201e+03, 7.62603699e+02, 1.20351721e+03, 7.62602173e+02,
    1.21946411e+03, 7.62603699e+02, 1.23561865e+03, 7.62579651e+02,
    1.25166492e+03, 7.62649292e+02, 1.18737451e+03, 7.78575562e+02,
    1.20333801e+03, 7.78490967e+02, 1.21934961e+03, 7.78469910e+02,
    1.23545581e+03, 7.78481873e+02, 1.25150171e+03, 7.78599670e+02,
    1.18723694e+03, 7.94336060e+02, 1.20332068e+03, 7.94335022e+02,
    1.21920825e+03, 7.94277832e+02, 1.23537561e+03, 7.94351135e+02,
    1.25136951e+03, 7.94457092e+02, 1.18724548e+03, 8.10390625e+02,
    1.20316492e+03, 8.10276794e+02, 1.21917126e+03, 8.10293762e+02,
    1.23526135e+03, 8.10330200e+02, 1.25132043e+03, 8.10471741e+02,
    1.18714380e+03, 8.26280212e+02, 1.20321655e+03, 8.26237976e+02,
    1.21911731e+03, 8.26239807e+02, 1.23527747e+03, 8.26310730e+02,
    1.25128296e+03, 8.26389099e+02, 1.18718127e+03, 8.42343018e+02,
    1.20312976e+03, 8.42258789e+02, 1.21914526e+03, 8.42290039e+02,
    1.23518896e+03, 8.42307068e+02, 1.25131604e+03, 8.42486023e+02,
    1.18722571e+03, 8.58254456e+02, 1.20323645e+03, 8.58284973e+02,
    1.21917944e+03, 8.58237244e+02, 1.23531616e+03, 8.58312927e+02,
    1.25130127e+03, 8.58457397e+02 ]
