%YAML:1.0
---
points: [ 1.24375500e+03, 7.63293701e+02, 1.25980530e+03, 7.63285950e+02,
    1.27583142e+03, 7.63209900e+02, 1.29182117e+03, 7.63199951e+02,
    1.30795898e+03, 7.63232117e+02, 1.24364795e+03, 7.79278442e+02,
    1.25967139e+03, 7.79161865e+02, 1.27564478e+03, 7.79085388e+02,
    1.29164758e+03, 7.79148254e+02, 1.30779675e+03, 7.79150574e+02,
    1.24348499e+03, 7.95220520e+02, 1.25956311e+03, 7.95039490e+02,
    1.27550867e+03, 7.94928894e+02, 1.29156482e+03, 7.94987610e+02,
    1.30767395e+03, 7.95089539e+02, 1.24342175e+03, 8.11162598e+02,
    1.25945728e+03, 8.10910645e+02, 1.27539282e+03, 8.10945190e+02,
    1.29144751e+03, 8.10973816e+02, 1.30759753e+03, 8.11070496e+02,
    1.24336768e+03, 8.27127869e+02, 1.25946472e+03, 8.26924194e+02,
    1.27534497e+03, 8.26857239e+02, 1.29140002e+03, 8.26948120e+02,
    1.30749316e+03, 8.27063904e+02, 1.24338562e+03, 8.42998413e+02,
    1.25942041e+03, 8.42879272e+02, 1.27530615e+03, 8.42857849e+02,
    1.29138757e+03, 8.42831970e+02, 1.30755261e+03, 8.42961731e+02,
    1.24338135e+03, 8.59012573e+02, 1.25948132e+03, 8.58970215e+02,
    1.27534509e+03, 8.58870422e+02, 1.29141333e+03, 8.58930481e+02,
    1.30749280e+03, 8.59109924e+02 ]
