%YAML:1.0
---
points: [ 1.29956299e+03, 7.63390381e+02, 1.31549585e+03, 7.63386902e+02,
    1.33166492e+03, 7.63390625e+02, 1.34765723e+03, 7.63392944e+02,
    1.36371887e+03, 7.63482300e+02, 1.29936755e+03, 7.79357605e+02,
    1.31523718e+03, 7.79270142e+02, 1.33137903e+03, 7.79322510e+02,
    1.34737256e+03, 7.79297852e+02, 1.36348499e+03, 7.79386780e+02,
    1.29907129e+03, 7.95280457e+02, 1.31507642e+03, 7.95246582e+02,
    1.33119629e+03, 7.95236450e+02, 1.34718030e+03, 7.95287048e+02,
    1.36327869e+03, 7.95340454e+02, 1.29884351e+03, 8.11246887e+02,
    1.31484875e+03, 8.11194458e+02, 1.33084021e+03, 8.11189209e+02,
    1.34698303e+03, 8.11263184e+02, 1.36317175e+03, 8.11342590e+02,
    1.29870251e+03, 8.27303955e+02, 1.31477173e+03, 8.27208191e+02,
    1.33073682e+03, 8.27206665e+02, 1.34682886e+03, 8.27283508e+02,
    1.36284839e+03, 8.27351746e+02, 1.29862805e+03, 8.43217590e+02,
    1.31468408e+03, 8.43171143e+02, 1.33069763e+03, 8.43145630e+02,
    1.34676892e+03, 8.43191833e+02, 1.36286951e+03, 8.43252136e+02,
    1.29859644e+03, 8.59260864e+02, 1.31470532e+03, 8.59279114e+02,
    1.33061487e+03, 8.59236084e+02, 1.34673865e+03, 8.59260498e+02,
    1.36281885e+03, 8.59378784e+02 ]
