%YAML:1.0
---
points: [ 1.38375916e+03, 7.62943481e+02, 1.39999817e+03, 7.63124512e+02,
    1.41605432e+03, 7.63308777e+02, 1.43230469e+03, 7.63384888e+02,
    1.44847546e+03, 7.63546631e+02, 1.38350037e+03, 7.78889038e+02,
    1.39954211e+03, 7.78969727e+02, 1.41568372e+03, 7.79174438e+02,
    1.43188245e+03, 7.79295715e+02, 1.44821069e+03, 7.79459656e+02,
    1.38321350e+03, 7.94746887e+02, 1.39930420e+03, 7.94883667e+02,
    1.41537732e+03, 7.94977234e+02, 1.43156140e+03, 7.95260071e+02,
    1.44783984e+03, 7.95424377e+02, 1.38275220e+03, 8.10769409e+02,
    1.39895459e+03, 8.10797546e+02, 1.41517639e+03, 8.10943787e+02,
    1.43129578e+03, 8.11152161e+02, 1.44757751e+03, 8.11380127e+02,
    1.38256812e+03, 8.26652161e+02, 1.39879187e+03, 8.26760681e+02,
    1.41487146e+03, 8.26881470e+02, 1.43112280e+03, 8.27187500e+02,
    1.44739148e+03, 8.27386780e+02, 1.38246936e+03, 8.42676147e+02,
    1.39862170e+03, 8.42728882e+02, 1.41464380e+03, 8.42817261e+02,
    1.43086768e+03, 8.43021851e+02, 1.44729944e+03, 8.43307617e+02,
    1.38234399e+03, 8.58573853e+02, 1.39853601e+03, 8.58712891e+02,
    1.41457605e+03, 8.58811462e+02, 1.43083997e+03, 8.59124207e+02,
    1.44720569e+03, 8.59396301e+02 ]
