%YAML:1.0
---
points: [ 1.43482312e+03, 7.63465881e+02, 1.45108105e+03, 7.63604919e+02,
    1.46733997e+03, 7.63678040e+02, 1.48344946e+03, 7.63730774e+02,
    1.49971716e+03, 7.63830994e+02, 1.43455713e+03, 7.79411621e+02,
    1.45067371e+03, 7.79462219e+02, 1.46674512e+03, 7.79563660e+02,
    1.48309399e+03, 7.79620117e+02, 1.49935132e+03, 7.79778564e+02,
    1.43422229e+03, 7.95346863e+02, 1.45033069e+03, 7.95368591e+02,
    1.46637549e+03, 7.95477600e+02, 1.48264233e+03, 7.95610352e+02,
    1.49890210e+03, 7.95660278e+02, 1.43404211e+03, 8.11301880e+02,
    1.45007520e+03, 8.11302185e+02, 1.46612830e+03, 8.11424500e+02,
    1.48234595e+03, 8.11522278e+02, 1.49856995e+03, 8.11744568e+02,
    1.43371790e+03, 8.27272217e+02, 1.44976990e+03, 8.27317261e+02,
    1.46590088e+03, 8.27450500e+02, 1.48208960e+03, 8.27577698e+02,
    1.49828259e+03, 8.27677979e+02, 1.43364392e+03, 8.43218018e+02,
    1.44963757e+03, 8.43288635e+02, 1.46572119e+03, 8.43337891e+02,
    1.48175830e+03, 8.43483948e+02, 1.49818799e+03, 8.43666748e+02,
    1.43347876e+03, 8.59237793e+02, 1.44958398e+03, 8.59361633e+02,
    1.46562268e+03, 8.59413757e+02, 1.48171570e+03, 8.59530090e+02,
    1.49799573e+03, 8.59708557e+02 ]
