%YAML:1.0
---
points: [ 1.49257776e+03, 7.63321045e+02, 1.50873792e+03, 7.63403870e+02,
    1.52501538e+03, 7.63460144e+02, 1.54145740e+03, 7.63574341e+02,
    1.55765137e+03, 7.63686035e+02, 1.49226135e+03, 7.79280090e+02,
    1.50835205e+03, 7.79302795e+02, 1.52463293e+03, 7.79374084e+02,
    1.54098889e+03, 7.79445984e+02, 1.55730847e+03, 7.79608765e+02,
    1.49182043e+03, 7.95185303e+02, 1.50814233e+03, 7.95229614e+02,
    1.52424048e+03, 7.95302002e+02, 1.54053784e+03, 7.95429688e+02,
    1.55695581e+03, 7.95578308e+02, 1.49170764e+03, 8.11142029e+02,
    1.50784143e+03, 8.11231079e+02, 1.52400940e+03, 8.11251953e+02,
    1.54024231e+03, 8.11341858e+02, 1.55673779e+03, 8.11529114e+02,
    1.49144971e+03, 8.27162415e+02, 1.50766125e+03, 8.27148804e+02,
    1.52374866e+03, 8.27270386e+02, 1.54011987e+03, 8.27366272e+02,
    1.55643201e+03, 8.27553162e+02, 1.49138489e+03, 8.43019592e+02,
    1.50751038e+03, 8.43112366e+02, 1.52359875e+03, 8.43175842e+02,
    1.53980469e+03, 8.43288147e+02, 1.55633972e+03, 8.43491333e+02,
    1.49133716e+03, 8.59020386e+02, 1.50745947e+03, 8.59145203e+02,
    1.52355750e+03, 8.59277161e+02, 1.53983032e+03, 8.59350281e+02,
    1.55625208e+03, 8.59525574e+02 ]
