%YAML:1.0
---
points: [ 1.54344617e+03, 7.63591919e+02, 1.55958191e+03, 7.63592590e+02,
    1.57566870e+03, 7.63609070e+02, 1.59197852e+03, 7.63604980e+02,
    1.60816895e+03, 7.63632446e+02, 1.54326733e+03, 7.79548584e+02,
    1.55922522e+03, 7.79480835e+02, 1.57532874e+03, 7.79490173e+02,
    1.59158472e+03, 7.79481567e+02, 1.60771143e+03, 7.79566772e+02,
    1.54278259e+03, 7.95492798e+02, 1.55883789e+03, 7.95424683e+02,
    1.57505273e+03, 7.95392761e+02, 1.59123010e+03, 7.95457092e+02,
    1.60742993e+03, 7.95517212e+02, 1.54264038e+03, 8.11442139e+02,
    1.55861560e+03, 8.11367859e+02, 1.57478027e+03, 8.11342407e+02,
    1.59096790e+03, 8.11413147e+02, 1.60726807e+03, 8.11521667e+02,
    1.54237158e+03, 8.27412109e+02, 1.55853052e+03, 8.27388062e+02,
    1.57456543e+03, 8.27371643e+02, 1.59076294e+03, 8.27422119e+02,
    1.60714124e+03, 8.27521790e+02, 1.54235901e+03, 8.43351074e+02,
    1.55840527e+03, 8.43332336e+02, 1.57443665e+03, 8.43306702e+02,
    1.59059265e+03, 8.43354492e+02, 1.60694629e+03, 8.43470032e+02,
    1.54226160e+03, 8.59329346e+02, 1.55839233e+03, 8.59378052e+02,
    1.57438416e+03, 8.59362610e+02, 1.59063916e+03, 8.59417786e+02,
    1.60684241e+03, 8.59501770e+02 ]
