%YAML:1.0
---
points: [ 1.59611548e+03, 7.63572388e+02, 1.61227271e+03, 7.63557312e+02,
    1.62834412e+03, 7.63556091e+02, 1.64448120e+03, 7.63517944e+02,
    1.66069824e+03, 7.63549377e+02, 1.59567664e+03, 7.79504578e+02,
    1.61176379e+03, 7.79409424e+02, 1.62769739e+03, 7.79414612e+02,
    1.64412842e+03, 7.79391541e+02, 1.66026160e+03, 7.79426514e+02,
    1.59542419e+03, 7.95428345e+02, 1.61142053e+03, 7.95401184e+02,
    1.62743274e+03, 7.95351929e+02, 1.64374609e+03, 7.95390259e+02,
    1.65977161e+03, 7.95403687e+02, 1.59522314e+03, 8.11407349e+02,
    1.61113184e+03, 8.11293335e+02, 1.62723840e+03, 8.11326050e+02,
    1.64335046e+03, 8.11309692e+02, 1.65950818e+03, 8.11364868e+02,
    1.59482764e+03, 8.27388184e+02, 1.61084619e+03, 8.27330994e+02,
    1.62687500e+03, 8.27282349e+02, 1.64312463e+03, 8.27345154e+02,
    1.65934241e+03, 8.27434753e+02, 1.59472412e+03, 8.43275208e+02,
    1.61068494e+03, 8.43241577e+02, 1.62674133e+03, 8.43216248e+02,
    1.64287964e+03, 8.43262634e+02, 1.65926562e+03, 8.43317871e+02,
    1.59461646e+03, 8.59313110e+02, 1.61068982e+03, 8.59276611e+02,
    1.62669214e+03, 8.59253235e+02, 1.64282947e+03, 8.59291138e+02,
    1.65915820e+03, 8.59385132e+02 ]
