%YAML:1.0
---
points: [ 1.65578601e+03, 7.63484070e+02, 1.67169189e+03, 7.63376221e+02,
    1.68767761e+03, 7.63318481e+02, 1.70368140e+03, 7.63288696e+02,
    1.71964819e+03, 7.63276672e+02, 1.65532666e+03, 7.79393860e+02,
    1.67107056e+03, 7.79285828e+02, 1.68699756e+03, 7.79187378e+02,
    1.70301538e+03, 7.79229187e+02, 1.71905103e+03, 7.79201294e+02,
    1.65473633e+03, 7.95353149e+02, 1.67069714e+03, 7.95257324e+02,
    1.68656812e+03, 7.95160339e+02, 1.70254236e+03, 7.95112976e+02,
    1.71856921e+03, 7.95155945e+02, 1.65446533e+03, 8.11322937e+02,
    1.67025610e+03, 8.11206604e+02, 1.68618567e+03, 8.11149963e+02,
    1.70214026e+03, 8.11111023e+02, 1.71817957e+03, 8.11110901e+02,
    1.65424731e+03, 8.27263733e+02, 1.66988330e+03, 8.27182800e+02,
    1.68586841e+03, 8.27078796e+02, 1.70175562e+03, 8.27068726e+02,
    1.71791357e+03, 8.27088135e+02, 1.65393579e+03, 8.43223938e+02,
    1.66965320e+03, 8.43109253e+02, 1.68568152e+03, 8.42965942e+02,
    1.70154565e+03, 8.42989502e+02, 1.71770190e+03, 8.42965088e+02,
    1.65379663e+03, 8.59160034e+02, 1.66959045e+03, 8.59178040e+02,
    1.68551111e+03, 8.58930298e+02, 1.70144666e+03, 8.58980896e+02,
    1.71748743e+03, 8.59023254e+02 ]
