%YAML:1.0
---
points: [ 1.65572961e+03, 7.63206299e+02, 1.67161121e+03, 7.63151367e+02,
    1.68764685e+03, 7.63051697e+02, 1.70359558e+03, 7.63013428e+02,
    1.71960315e+03, 7.62910828e+02, 1.65530261e+03, 7.79177124e+02,
    1.67109741e+03, 7.79067871e+02, 1.68700305e+03, 7.78976074e+02,
    1.70304382e+03, 7.78947388e+02, 1.71897473e+03, 7.78870605e+02,
    1.65471765e+03, 7.95154724e+02, 1.67067261e+03, 7.94887451e+02,
    1.68653101e+03, 7.94857361e+02, 1.70258411e+03, 7.94762634e+02,
    1.71857593e+03, 7.94835815e+02, 1.65443774e+03, 8.11113770e+02,
    1.67023035e+03, 8.10860596e+02, 1.68619189e+03, 8.10839417e+02,
    1.70218579e+03, 8.10795288e+02, 1.71820911e+03, 8.10834900e+02,
    1.65420056e+03, 8.27039978e+02, 1.66989722e+03, 8.26896606e+02,
    1.68586023e+03, 8.26777344e+02, 1.70177563e+03, 8.26750244e+02,
    1.71786169e+03, 8.26757996e+02, 1.65398022e+03, 8.42953369e+02,
    1.66967456e+03, 8.42779053e+02, 1.68564746e+03, 8.42731812e+02,
    1.70157642e+03, 8.42689819e+02, 1.71765845e+03, 8.42696411e+02,
    1.65379138e+03, 8.58906860e+02, 1.66961328e+03, 8.58806091e+02,
    1.68558496e+03, 8.58730774e+02, 1.70147131e+03, 8.58698181e+02,
    1.71754443e+03, 8.58701050e+02 ]
