%YAML:1.0
---
points: [ 1.70630432e+03, 7.63278503e+02, 1.72216333e+03, 7.63275757e+02,
    1.73822852e+03, 7.63270142e+02, 1.75412415e+03, 7.63255432e+02,
    1.77014417e+03, 7.63307129e+02, 1.70584473e+03, 7.79250488e+02,
    1.72163123e+03, 7.79208679e+02, 1.73754504e+03, 7.79205322e+02,
    1.75355920e+03, 7.79184326e+02, 1.76963855e+03, 7.79222168e+02,
    1.70514709e+03, 7.95223755e+02, 1.72108899e+03, 7.95096802e+02,
    1.73700928e+03, 7.95052185e+02, 1.75301917e+03, 7.95108154e+02,
    1.76895642e+03, 7.95158813e+02, 1.70478174e+03, 8.11197266e+02,
    1.72059338e+03, 8.11049133e+02, 1.73658862e+03, 8.11001831e+02,
    1.75254041e+03, 8.11079773e+02, 1.76858179e+03, 8.11116150e+02,
    1.70435388e+03, 8.27126587e+02, 1.72021057e+03, 8.26972656e+02,
    1.73618250e+03, 8.26912720e+02, 1.75212964e+03, 8.26967590e+02,
    1.76826025e+03, 8.27068298e+02, 1.70403760e+03, 8.42908447e+02,
    1.71983655e+03, 8.42892761e+02, 1.73569653e+03, 8.42825073e+02,
    1.75179016e+03, 8.42889893e+02, 1.76786816e+03, 8.42917725e+02,
    1.70365039e+03, 8.58889526e+02, 1.71965063e+03, 8.58836487e+02,
    1.73549622e+03, 8.58817749e+02, 1.75155945e+03, 8.58813782e+02,
    1.76765576e+03, 8.58989502e+02 ]
