%YAML:1.0
---
points: [ 1.74725354e+03, 7.63325195e+02, 1.76313074e+03, 7.63314209e+02,
    1.77884302e+03, 7.63234680e+02, 1.79478870e+03, 7.63230286e+02,
    1.81060645e+03, 7.63271301e+02, 1.74667981e+03, 7.79284241e+02,
    1.76238489e+03, 7.79201782e+02, 1.77822546e+03, 7.79190979e+02,
    1.79403284e+03, 7.79200745e+02, 1.81002515e+03, 7.79159668e+02,
    1.74594983e+03, 7.95205933e+02, 1.76179968e+03, 7.95138733e+02,
    1.77742981e+03, 7.95032349e+02, 1.79337048e+03, 7.95143738e+02,
    1.80932446e+03, 7.95110352e+02, 1.74544116e+03, 8.11202698e+02,
    1.76116089e+03, 8.11073364e+02, 1.77686926e+03, 8.11067688e+02,
    1.79270227e+03, 8.10965759e+02, 1.80874377e+03, 8.11083801e+02,
    1.74492090e+03, 8.27164734e+02, 1.76063843e+03, 8.27039917e+02,
    1.77644263e+03, 8.26903381e+02, 1.79221252e+03, 8.26951294e+02,
    1.80831372e+03, 8.26987000e+02, 1.74457910e+03, 8.43077576e+02,
    1.76028406e+03, 8.42837036e+02, 1.77598303e+03, 8.42794250e+02,
    1.79185620e+03, 8.42812378e+02, 1.80783948e+03, 8.42824402e+02,
    1.74419080e+03, 8.58934753e+02, 1.76009521e+03, 8.58912292e+02,
    1.77576440e+03, 8.58762024e+02, 1.79161255e+03, 8.58775269e+02,
    1.80757715e+03, 8.58866028e+02 ]
