%YAML:1.0
---
points: [ 1.78772559e+03, 7.62910889e+02, 1.80372681e+03, 7.62792847e+02,
    1.81947388e+03, 7.62817932e+02, 1.83547217e+03, 7.62700623e+02,
    1.85128772e+03, 7.62729553e+02, 1.78716858e+03, 7.78878845e+02,
    1.80290039e+03, 7.78757935e+02, 1.81870032e+03, 7.78690979e+02,
    1.83457581e+03, 7.78710205e+02, 1.85066296e+03, 7.78686279e+02,
    1.78658130e+03, 7.94708618e+02, 1.80228748e+03, 7.94584717e+02,
    1.81810400e+03, 7.94554382e+02, 1.83404004e+03, 7.94501404e+02,
    1.85009875e+03, 7.94583252e+02, 1.78605310e+03, 8.10696350e+02,
    1.80183447e+03, 8.10624146e+02, 1.81758362e+03, 8.10465881e+02,
    1.83360059e+03, 8.10530701e+02, 1.84947290e+03, 8.10520020e+02,
    1.78566687e+03, 8.26631042e+02, 1.80141833e+03, 8.26449158e+02,
    1.81718079e+03, 8.26346558e+02, 1.83306042e+03, 8.26356506e+02,
    1.84912683e+03, 8.26456604e+02, 1.78537366e+03, 8.42587524e+02,
    1.80097937e+03, 8.42454834e+02, 1.81683228e+03, 8.42422546e+02,
    1.83273792e+03, 8.42390808e+02, 1.84879504e+03, 8.42392944e+02,
    1.78516138e+03, 8.58456970e+02, 1.80079114e+03, 8.58471497e+02,
    1.81662061e+03, 8.58307861e+02, 1.83261121e+03, 8.58351135e+02,
    1.84855066e+03, 8.58360962e+02 ]
