%YAML:1.0
---
points: [ 1.78782727e+03, 7.62803650e+02, 1.80379260e+03, 7.62817017e+02,
    1.81950977e+03, 7.62720459e+02, 1.83547339e+03, 7.62684570e+02,
    1.85133521e+03, 7.62695984e+02, 1.78725378e+03, 7.78803772e+02,
    1.80291296e+03, 7.78729797e+02, 1.81876746e+03, 7.78660034e+02,
    1.83466199e+03, 7.78676392e+02, 1.85064490e+03, 7.78615479e+02,
    1.78665039e+03, 7.94632080e+02, 1.80237012e+03, 7.94605957e+02,
    1.81816772e+03, 7.94482910e+02, 1.83408374e+03, 7.94466980e+02,
    1.85009497e+03, 7.94467102e+02, 1.78616602e+03, 8.10657471e+02,
    1.80186670e+03, 8.10511597e+02, 1.81759045e+03, 8.10469727e+02,
    1.83359692e+03, 8.10440613e+02, 1.84951978e+03, 8.10459229e+02,
    1.78569836e+03, 8.26586975e+02, 1.80148303e+03, 8.26467407e+02,
    1.81724316e+03, 8.26360962e+02, 1.83318335e+03, 8.26336670e+02,
    1.84916089e+03, 8.26344421e+02, 1.78542053e+03, 8.42519836e+02,
    1.80109229e+03, 8.42437866e+02, 1.81686121e+03, 8.42315369e+02,
    1.83275098e+03, 8.42309631e+02, 1.84883716e+03, 8.42338501e+02,
    1.78521204e+03, 8.58410095e+02, 1.80085291e+03, 8.58400696e+02,
    1.81668884e+03, 8.58289978e+02, 1.83263208e+03, 8.58238708e+02,
    1.84857422e+03, 8.58324768e+02 ]
