%YAML:1.0
---
points: [ 1.81930322e+03, 7.62699646e+02, 1.83480408e+03, 7.62578491e+02,
    1.85047961e+03, 7.62477783e+02, 1.86592651e+03, 7.62288452e+02,
    1.88149548e+03, 7.62274170e+02, 1.81864832e+03, 7.78662476e+02,
    1.83422485e+03, 7.78445435e+02, 1.84959399e+03, 7.78332642e+02,
    1.86526392e+03, 7.78184448e+02, 1.88102112e+03, 7.78077942e+02,
    1.81792810e+03, 7.94485596e+02, 1.83359619e+03, 7.94303345e+02,
    1.84911218e+03, 7.94146301e+02, 1.86463721e+03, 7.94031555e+02,
    1.88040527e+03, 7.93851807e+02, 1.81753479e+03, 8.10470032e+02,
    1.83297119e+03, 8.10210999e+02, 1.84853333e+03, 8.09997375e+02,
    1.86420142e+03, 8.09832397e+02, 1.87988184e+03, 8.09769592e+02,
    1.81716650e+03, 8.26357605e+02, 1.83264954e+03, 8.26184509e+02,
    1.84813611e+03, 8.25951538e+02, 1.86367615e+03, 8.25825562e+02,
    1.87950415e+03, 8.25734009e+02, 1.81673425e+03, 8.42380554e+02,
    1.83233325e+03, 8.42141968e+02, 1.84775842e+03, 8.41792847e+02,
    1.86331604e+03, 8.41654602e+02, 1.87915222e+03, 8.41624146e+02,
    1.81652271e+03, 8.58219116e+02, 1.83218103e+03, 8.58093506e+02,
    1.84755981e+03, 8.57783386e+02, 1.86317017e+03, 8.57653564e+02,
    1.87886829e+03, 8.57596252e+02 ]
