%YAML:1.0
---
depthShift: 3.7667384109132399e+01
