%YAML:1.0
---
cameraMatrix: !!opencv-matrix
   rows: 3
   cols: 3
   dt: d
   data: [ 1.1856124290477237e+03, 0., 1.0141114412036075e+03, 0.,
       1.1891865298780951e+03, 5.9099257936533445e+02, 0., 0., 1. ]
distortionCoefficients: !!opencv-matrix
   rows: 1
   cols: 5
   dt: d
   data: [ 1.5018215612046334e-01, -1.1893075979901771e-01,
       1.2727276419194191e-02, 2.5729687335740549e-03,
       6.4824668973641322e-02 ]
rotation: !!opencv-matrix
   rows: 3
   cols: 3
   dt: d
   data: [ 1., 0., 0., 0., 1., 0., 0., 0., 1. ]
projection: !!opencv-matrix
   rows: 4
   cols: 4
   dt: d
   data: [ 1.1856124290477237e+03, 0., 1.0141114412036075e+03, 0., 0.,
       1.1891865298780951e+03, 5.9099257936533445e+02, 0., 0., 0., 1.,
       0., 0., 0., 0., 1. ]
