%YAML:1.0
---
cameraMatrix: !!opencv-matrix
   rows: 3
   cols: 3
   dt: d
   data: [ 4.5618189507320341e+02, 0., 2.5131666273930236e+02, 0.,
       4.5705433265618746e+02, 2.0572371034781426e+02, 0., 0., 1. ]
distortionCoefficients: !!opencv-matrix
   rows: 1
   cols: 5
   dt: d
   data: [ 2.5931284341791333e-01, -7.0968302911387704e-01,
       6.6726919223036971e-04, -1.9513763642210977e-04,
       2.8519118000944677e-01 ]
rotation: !!opencv-matrix
   rows: 3
   cols: 3
   dt: d
   data: [ 1., 0., 0., 0., 1., 0., 0., 0., 1. ]
projection: !!opencv-matrix
   rows: 4
   cols: 4
   dt: d
   data: [ 4.5618189507320341e+02, 0., 2.5131666273930236e+02, 0., 0.,
       4.5705433265618746e+02, 2.0572371034781426e+02, 0., 0., 0., 1.,
       0., 0., 0., 0., 1. ]
