%YAML:1.0
---
rotation: !!opencv-matrix
   rows: 3
   cols: 3
   dt: d
   data: [ 9.9991918394531676e-01, -9.9971071848244846e-04,
       -1.2673837485587598e-02, 2.8514183967480070e-04,
       9.9841620682555221e-01, -5.6258302873508435e-02,
       1.2710006776670141e-02, 5.6250142458090645e-02,
       9.9833580382613818e-01 ]
translation: !!opencv-matrix
   rows: 3
   cols: 1
   dt: d
   data: [ -6.4948024144767080e-02, -5.5805134769599064e-05,
       8.8174633829124924e-02 ]
essential: !!opencv-matrix
   rows: 3
   cols: 3
   dt: d
   data: [ -2.5851560943783194e-05, -8.8038122492687609e-02,
       4.9048429916417795e-03, 8.8992997730107035e-02,
       3.5651864839774177e-03, 6.3722426911983945e-02,
       3.7281225730893658e-05, -6.4845215696424097e-02,
       3.6531583481633138e-03 ]
fundamental: !!opencv-matrix
   rows: 3
   cols: 3
   dt: d
   data: [ 8.5217086961273438e-09, 2.8971811014750224e-05,
       -6.1525880048298315e-03, -2.9247483955930824e-05,
       -1.1697145310085754e-06, -2.2645796870552064e-04,
       1.7261833574997304e-02, -3.3890592188655505e-03, 1. ]
