%YAML:1.0
---
cameraMatrix: !!opencv-matrix
   rows: 3
   cols: 3
   dt: d
   data: [ 1.3659916186881164e+03, 0., 9.5877484454901867e+02, 0.,
       1.3651346634294632e+03, 6.1734329389314451e+02, 0., 0., 1. ]
distortionCoefficients: !!opencv-matrix
   rows: 1
   cols: 5
   dt: d
   data: [ 1.5339854736504152e-01, -1.3471526315265522e-01,
       1.0221609847261027e-02, -5.1520237350509866e-03,
       8.9654071759139323e-02 ]
rotation: !!opencv-matrix
   rows: 3
   cols: 3
   dt: d
   data: [ 1., 0., 0., 0., 1., 0., 0., 0., 1. ]
projection: !!opencv-matrix
   rows: 4
   cols: 4
   dt: d
   data: [ 1.3659916186881164e+03, 0., 9.5877484454901867e+02, 0., 0.,
       1.3651346634294632e+03, 6.1734329389314451e+02, 0., 0., 0., 1.,
       0., 0., 0., 0., 1. ]
