%YAML:1.0
---
cameraMatrix: !!opencv-matrix
   rows: 3
   cols: 3
   dt: d
   data: [ 3.7098276292799869e+02, 0., 2.5023289020589931e+02, 0.,
       3.7161118128864553e+02, 1.9158756118862635e+02, 0., 0., 1. ]
distortionCoefficients: !!opencv-matrix
   rows: 1
   cols: 5
   dt: d
   data: [ 9.6700074323818427e-02, -2.5414285123648472e-01,
       -7.9452054269688027e-03, -6.4648711595876283e-04,
       7.1233930765659328e-02 ]
rotation: !!opencv-matrix
   rows: 3
   cols: 3
   dt: d
   data: [ 1., 0., 0., 0., 1., 0., 0., 0., 1. ]
projection: !!opencv-matrix
   rows: 4
   cols: 4
   dt: d
   data: [ 3.7098276292799869e+02, 0., 2.5023289020589931e+02, 0., 0.,
       3.7161118128864553e+02, 1.9158756118862635e+02, 0., 0., 0., 1.,
       0., 0., 0., 0., 1. ]
