%YAML:1.0
---
rotation: !!opencv-matrix
   rows: 3
   cols: 3
   dt: d
   data: [ 9.9984476281354684e-01, -1.0968863928975836e-03,
       1.7585423354679854e-02, 1.7065937060477350e-03,
       9.9939653346142210e-01, -3.4693752221617365e-02,
       -1.7536756035388127e-02, 3.4718377633950255e-02,
       9.9924326189483093e-01 ]
translation: !!opencv-matrix
   rows: 3
   cols: 1
   dt: d
   data: [ -5.0901613923617785e-02, -3.3551994063892774e-03,
       3.6931436889697168e-02 ]
essential: !!opencv-matrix
   rows: 3
   cols: 3
   dt: d
   data: [ -4.1876443113285089e-06, -3.7025637083340862e-02,
       -2.0713702785085694e-03, 3.6033054572156741e-02,
       1.7267118637832380e-03, 5.1512549685549143e-02,
       3.2678101807237223e-03, -5.0874576775429593e-02,
       1.8249705831471499e-03 ]
fundamental: !!opencv-matrix
   rows: 3
   cols: 3
   dt: d
   data: [ 5.2179971737947791e-09, 4.6047579642792635e-05,
       -8.2969745634287415e-03, -4.4927026179825288e-05,
       -2.1488033923607790e-06, -1.7566359594279268e-02,
       2.2168293952293319e-02, 4.3605019390598361e-02, 1. ]
