%YAML:1.0
---
depthShift: 2.7605698233254721e+00
